2	1	0	0	0.3333333333333333 	 0.005787977786449625 	 0.01681901634725257 	 2 	 3.2437761088315466e-05 	 0.6362085378678259
2	2	0	0	0.0 	 0.05821917830321827 	 0.046463649625264 	 2 	 0.000634203006796527 	 1.0
2	3	0	0	0.3333333333333333 	 0.0017685719849901728 	 0.0044136250481336195 	 2 	 8.252180523925247e-06 	 0.5632230517355797
2	5	0	0	0.3333333333333333 	 0.08738826220670917 	 0.12045626229554598 	 2 	 0.0022955421701311802 	 0.20315548205660933
2	6	0	0	0.3333333333333333 	 0.0023450828068001714 	 0.003238093167279405 	 2 	 1.1028423525961511e-05 	 0.2720153416529008
2	7	0	0	0.3333333333333333 	 0.03095688285867633 	 0.047295751899898195 	 2 	 0.0010070232259792738 	 0.08912155549916567
2	8	0	0	0.3333333333333333 	 0.021070737700661864 	 0.1652690704868861 	 2 	 0.003169695409097179 	 0.5258178092370924
2	9	0	0	0.0 	 0.04402059578847235 	 0.03418621393006813 	 2 	 0.0009364161042954415 	 1.0
2	10	0	0	0.3333333333333333 	 0.015918006711321233 	 0.015254990237955426 	 2 	 0.0002960401681348638 	 0.02619955487993543
3	1	0	0	0.2 	 0.054946767716719726 	 0.10595372152303685 	 3 	 0.001949105073179944 	 0.7289461459495603
3	2	0	0	0.5 	 0.04974210184094217 	 0.12224644832099159 	 3 	 0.0005133460162300351 	 0.5689979466223065
3	3	0	0	0.5 	 0.008890364402341387 	 0.0532488313770935 	 3 	 0.0006258476800582032 	 0.4982393175592215
3	4	0	0	0.5 	 0.006917165413790123 	 0.009409176184222798 	 3 	 0.00012353605152683317 	 0.2308512351567235
3	5	0	0	0.2 	 0.10535520504772146 	 0.106720216320771 	 3 	 0.0029711235528061294 	 0.4308102711529032
3	6	0	0	0.2 	 0.053062335609764734 	 0.16667674934738622 	 3 	 0.005350609875084983 	 1.0
3	7	0	0	0.5 	 0.0688942345308228 	 0.11866726449481246 	 3 	 0.0032175551076671144 	 0.2815360719208725
3	8	0	0	0.5 	 0.016289970547381665 	 0.036282063186519456 	 3 	 0.00041173003363761186 	 0.39326793411417205
3	9	0	0	0.5 	 0.03977972792034294 	 0.0055868118576515215 	 3 	 0.00012049755117519222 	 0.01608062721365399
3	10	0	0	0.0 	 0.018922233697751176 	 0.058076601296788245 	 3 	 0.0017855856768369447 	 1.0
5	1	0	0	0.25 	 0.1439121507918172 	 0.2139260748389625 	 5 	 0.00357383406953018 	 0.65101490208839
5	2	0	0	0.42857142857142855 	 0.07110863205583386 	 0.026248231185578258 	 5 	 0.0004161050223065375 	 0.26906973264543577
5	3	0	0	0.1111111111111111 	 0.1851895083218753 	 0.2607483008396043 	 5 	 0.005355814325116498 	 1.0
5	4	0	0	0.42857142857142855 	 0.06550644708272478 	 0.07947395674095287 	 5 	 0.002817543970981954 	 0.46455189632315813
5	5	0	0	0.42857142857142855 	 0.1009456831373632 	 0.16355306740593617 	 5 	 0.0024993959914119653 	 0.21369835726572187
5	6	0	0	0.0 	 0.14452183708869804 	 0.26495660114946123 	 5 	 0.006551244429188864 	 1.0
5	7	0	0	0.25 	 0.1046193809675232 	 0.06353880926486719 	 5 	 0.0008955135331250437 	 0.5688217422444758
5	8	0	0	0.42857142857142855 	 0.07905173914105143 	 0.13562904068648735 	 5 	 0.0028368428943442766 	 0.5893281516825135
5	9	0	0	0.0 	 0.18046376815900186 	 0.2489666210078984 	 5 	 0.00675180759536889 	 1.0
5	10	0	0	0.0 	 0.07272581299470712 	 0.1601214955924102 	 5 	 0.0050445696487522425 	 1.0
7	1	0	0	0.07692307692307693 	 0.20629586660786542 	 0.26517653439233096 	 7 	 0.0038274830395100975 	 0.8024238509366165
7	2	0	0	0.4 	 0.09673214074002838 	 0.05235330115731191 	 7 	 0.002895082746752553 	 0.43724422137065017
7	3	0	0	0.07692307692307693 	 0.21696525658265456 	 0.2208621475907954 	 7 	 0.004424640108997258 	 1.0
7	4	0	0	0.4 	 0.10282687998211279 	 0.1302026849998473 	 7 	 0.004081287015739764 	 0.5820528293828393
7	5	0	0	0.2727272727272727 	 0.15578637913422366 	 0.1859246705577367 	 7 	 0.0034397505652094644 	 0.6106826966647019
7	6	0	0	0.16666666666666666 	 0.12979744468944798 	 0.1666705934909727 	 7 	 0.003943057656286993 	 0.5734467728989483
7	7	0	0	0.5555555555555556 	 0.12622999818937122 	 0.0917740821245957 	 7 	 0.0028519086522780235 	 0.32275635624292764
7	8	0	0	0.4 	 0.10347137659285195 	 0.13638829703023042 	 7 	 0.004870229540621405 	 0.6539610996242556
7	9	0	0	0.07692307692307693 	 0.19503645339409642 	 0.16034061498920393 	 7 	 0.0018395162630114612 	 0.7821443803201433
7	10	0	0	0.0 	 0.08462274837149031 	 0.14606528594952342 	 7 	 0.002678742880215445 	 1.0
10	1	0	0	0.3333333333333333 	 0.17949066288804547 	 0.1256926757212014 	 10 	 0.0038626314695131927 	 0.550569852795937
10	2	0	0	0.25 	 0.16259596262988782 	 0.11123911301785584 	 10 	 0.004501126694406347 	 0.7042898103031558
10	3	0	0	0.05263157894736842 	 0.2593975105941193 	 0.17325386988735542 	 10 	 0.0030031126572493214 	 0.9946745045394789
10	4	0	0	0.25 	 0.2357954626575402 	 0.13488136401471587 	 10 	 0.0037309974714820663 	 0.7945383636607475
10	5	0	0	0.17647058823529413 	 0.22257214038352122 	 0.18094811145616466 	 10 	 0.005463677960068506 	 0.7977027766981823
10	6	0	0	0.17647058823529413 	 0.15446081423416 	 0.13405920983712463 	 10 	 0.004668930874476556 	 0.6984735345056949
10	7	0	0	0.3333333333333333 	 0.1347497476854865 	 0.12592095968119038 	 10 	 0.004099850640837277 	 0.3884980406635759
10	8	0	0	0.3333333333333333 	 0.09902435928394662 	 0.11445491711638402 	 10 	 0.003292970726488727 	 0.6534415534175518
10	9	0	0	0.1111111111111111 	 0.2496393260476621 	 0.2074354145613912 	 10 	 0.003155912043664292 	 0.6859298129871527
10	10	0	0	0.0 	 0.2166710393589444 	 0.19930176228982308 	 10 	 0.004498076939376803 	 1.0
2	1	1	100	0.3333333333333333 	 0.06728314484849318 	 0.12345829443279523 	 2 	 0.0027290986222404945 	 0.2415252280682836
2	1	1	1000	0.3333333333333333 	 0.067283086363015 	 0.12345829443279523 	 2 	 0.0027290986222404945 	 0.2415252280682836
2	1	1	10000	0.3333333333333333 	 0.06728310267562267 	 0.12345829443279523 	 2 	 0.0027290986222404945 	 0.2415252280682836
2	2	1	100	1.0 	 0.00036717598183451676 	 0.0012089230701453982 	 2 	 7.949569515159646e-06 	 0.0007035369020916279
2	2	1	1000	1.0 	 3.672643407352625e-05 	 0.00012098382765141057 	 2 	 7.949588389804117e-07 	 7.035385724976637e-05
2	2	1	10000	1.0 	 3.6727723598156826e-06 	 1.2099496701017358e-05 	 2 	 7.949777153582736e-08 	 7.035552780920712e-06
2	3	1	100	0.3333333333333333 	 0.0017197470634913573 	 0.0038862188722860944 	 2 	 1.7513013526188726e-08 	 0.5458005431829965
2	3	1	1000	0.3333333333333333 	 0.0017542477112779437 	 0.004236364301349711 	 2 	 7.2048131711752355e-06 	 0.5464381691486456
2	3	1	10000	0.3333333333333333 	 0.0017627732475177602 	 0.00428105123309078 	 2 	 7.927045789645628e-06 	 0.5465020867353801
2	4	1	1000	1.0 	 0.003958002365815579 	 0.04798269197172478 	 2 	 0.00020567133764799777 	 0.18195110966287792
2	4	1	10000	1.0 	 0.00399767405617001 	 0.0480546386705246 	 2 	 0.00020398265335330496 	 0.18210055822295823
2	5	1	100	0.3333333333333333 	 0.00573639356939459 	 0.007864033048137594 	 2 	 1.4272374268001453e-05 	 0.2746194895948302
2	5	1	1000	0.3333333333333333 	 0.005578502595087274 	 0.007483905089910707 	 2 	 1.392011659657826e-05 	 0.2745883109569257
2	5	1	10000	1.0 	 0.006893207945680887 	 0.10214191592742566 	 2 	 0.002080437332482107 	 0.18411870392466634
2	6	1	100	0.3333333333333333 	 0.005150020702450759 	 0.16431936408176886 	 2 	 0.0032074371454081396 	 0.5267794918089266
2	6	1	1000	0.3333333333333333 	 0.005150020702450759 	 0.16661303263498947 	 2 	 0.0032637861091822703 	 0.5267794918089266
2	6	1	10000	0.3333333333333333 	 0.005150020702450759 	 0.16684245791209656 	 2 	 0.0032694210055596814 	 0.5267794918089266
2	7	1	100	0.0 	 0.014932722695657723 	 0.04698139919800529 	 2 	 0.0038802497239327637 	 1.0
2	7	1	1000	0.0 	 0.01568600135895398 	 0.059494778827687084 	 2 	 0.003343365398720533 	 1.0
2	7	1	10000	0.0 	 0.015685205444391247 	 0.05946041208792158 	 2 	 0.0033438503447245716 	 1.0
2	8	1	100	1.0 	 0.00011849888949826125 	 0.00043731621023022693 	 2 	 5.14636175946997e-06 	 0.00045545301571309205
2	8	1	1000	0.3333333333333333 	 0.010529808750387566 	 0.10479870911493959 	 2 	 0.00023031737012713276 	 0.6168359602083996
2	8	1	10000	0.3333333333333333 	 0.010532852499608667 	 0.1047496818882935 	 2 	 0.0002287443736502554 	 0.6166967505936513
2	9	1	100	0.0 	 0.04975889345714383 	 0.09367446662312637 	 2 	 0.0024130606509510477 	 1.0
2	9	1	1000	0.0 	 0.04988604907654853 	 0.09367446662312637 	 2 	 0.0024130606509510477 	 1.0
2	9	1	10000	0.0 	 0.0499041765959759 	 0.09367446662312637 	 2 	 0.0024130606509510477 	 1.0
2	10	1	100	0.0 	 0.038755835669779866 	 0.14128130800895933 	 2 	 0.002427242656594976 	 1.0
2	10	1	1000	0.0 	 0.038755835669779866 	 0.14148075500843463 	 2 	 0.002435656422433121 	 1.0
2	10	1	10000	0.0 	 0.038755835669779866 	 0.1415009497099527 	 2 	 0.0024365084741296665 	 1.0
3	1	1	100	0.2 	 0.06315844167873082 	 0.10298314255428626 	 3 	 0.0014893106743770288 	 0.6614964134942563
3	1	1	1000	0.2 	 0.06320836849119944 	 0.10177821269792324 	 3 	 0.0014930812704796281 	 0.658910404911614
3	1	1	10000	0.2 	 0.0632132989658068 	 0.10165735308874083 	 3 	 0.0014934546513521235 	 0.6586518321402322
3	2	1	100	0.2 	 0.01635477350937615 	 0.03360071997505606 	 3 	 0.00013358309510516162 	 0.7495836758898267
3	2	1	1000	0.2 	 0.01643919784645246 	 0.035294311294006966 	 3 	 0.00017751289145644025 	 0.7528515070558975
3	2	1	10000	0.2 	 0.01644784134456082 	 0.03546376407084608 	 3 	 0.00018190637574325594 	 0.7531783671640451
3	3	1	100	0.5 	 0.01276110061669534 	 0.06417431582030259 	 3 	 0.0006433099008210316 	 0.41755554788126764
3	3	1	1000	0.5 	 0.01276110061669534 	 0.06455788105903522 	 3 	 0.0005801292675530976 	 0.4175555478812677
3	3	1	10000	0.5 	 0.01276110061669534 	 0.06459622439763094 	 3 	 0.0005765325649759796 	 0.4175555478812677
3	4	1	100	0.2 	 0.08533523996525881 	 0.10765589416862262 	 3 	 0.0018538061248251846 	 0.4972607208147273
3	4	1	1000	0.2 	 0.08534151645424644 	 0.107730297059272 	 3 	 0.0018538061248251849 	 0.4972607208147273
3	4	1	10000	0.2 	 0.0853421374058392 	 0.1077391597930486 	 3 	 0.001853806124825185 	 0.4972607208147273
3	5	1	100	0.2 	 0.06164936418700189 	 0.11202160175970424 	 3 	 0.0026365081576346385 	 0.4842278556738304
3	5	1	1000	0.2 	 0.06173007588112569 	 0.11182744852588664 	 3 	 0.0026309091183086396 	 0.4837379397328055
3	5	1	10000	0.2 	 0.06140960502604739 	 0.11180803268873847 	 3 	 0.00263034921437604 	 0.48368894813870306
3	7	1	100	0.2 	 0.03384912089404007 	 0.03569015184063886 	 3 	 0.0009468437648561658 	 0.5295226383363032
3	7	1	1000	0.2 	 0.03244555517093434 	 0.03590625976979648 	 3 	 0.000946843764856165 	 0.5295226383363032
3	7	1	10000	0.2 	 0.03246058260254174 	 0.035927824973460865 	 3 	 0.0009468437648561653 	 0.5295226383363032
3	8	1	100	0.5 	 0.02585826037895901 	 0.07851577731268931 	 3 	 0.0020833848082105616 	 0.1822961707184243
3	8	1	1000	0.5 	 0.025863000820267622 	 0.07921975274855743 	 3 	 0.002102132959649214 	 0.18393663396930637
3	8	1	10000	0.5 	 0.02586288790508808 	 0.07929310040666956 	 3 	 0.002104086398642094 	 0.18410755988118335
3	9	1	100	0.2 	 0.05075786951308999 	 0.1068886255685041 	 3 	 0.0012016306789935276 	 0.5702531893227902
3	9	1	1000	0.2 	 0.05075914497483838 	 0.10728770158348533 	 3 	 0.001189419313220756 	 0.5713216838279077
3	9	1	10000	0.2 	 0.05075917863320526 	 0.10732760714402644 	 3 	 0.0011881981766434745 	 0.5714285332784199
3	10	1	100	0.0 	 0.017235644674375473 	 0.1531657916040204 	 3 	 0.001999410685978803 	 1.0
3	10	1	1000	0.0 	 0.017220167017052937 	 0.1526889481528783 	 3 	 0.001999410685978803 	 1.0
3	10	1	10000	0.0 	 0.017278912015933606 	 0.15264126843767337 	 3 	 0.001999410685978803 	 1.0
5	1	1	100	0.42857142857142855 	 0.12144564838196069 	 0.16662681547071553 	 5 	 0.001604361092402076 	 0.45288640099285193
5	1	1	1000	0.42857142857142855 	 0.12064448062054905 	 0.16518405065125108 	 5 	 0.0015767758560223956 	 0.45278803630834286
5	1	1	10000	0.42857142857142855 	 0.12056720108278866 	 0.16503992711962498 	 5 	 0.0015740173323844301 	 0.4527781998398918
5	2	1	100	0.25 	 0.07582620174004397 	 0.12785971400817092 	 5 	 0.002776033149227554 	 0.620420517129017
5	2	1	1000	0.25 	 0.07582396182931615 	 0.13361679733754428 	 5 	 0.0029723128679377347 	 0.6341986653502509
5	2	1	10000	0.25 	 0.07582374799780502 	 0.1341919299777304 	 5 	 0.002991940839951419 	 0.6355764829243258
5	3	1	100	0.25 	 0.10682555169292629 	 0.1268522620925545 	 5 	 0.003136204452236651 	 0.6361577520643895
5	3	1	1000	0.25 	 0.10682672907881824 	 0.12904791494645754 	 5 	 0.0032212602978515625 	 0.6279797143337773
5	3	1	10000	0.25 	 0.10680908635068231 	 0.1292675372438854 	 5 	 0.003229780661101982 	 0.6271616250647121
5	4	1	100	0.1111111111111111 	 0.17809033959738227 	 0.3433713091850731 	 5 	 0.006819694530185768 	 1.0
5	4	1	1000	0.1111111111111111 	 0.17804103457968434 	 0.3433713091850731 	 5 	 0.006819694530185768 	 1.0
5	4	1	10000	0.1111111111111111 	 0.17590429838453345 	 0.3433713091850731 	 5 	 0.006819694530185768 	 1.0
5	5	1	100	0.42857142857142855 	 0.20167552109338358 	 0.1823529069966918 	 5 	 0.001485292572420941 	 0.3626857377763222
5	5	1	1000	0.42857142857142855 	 0.2014445772292582 	 0.1819767258308861 	 5 	 0.0014701330091593389 	 0.3613895951174552
5	5	1	10000	0.42857142857142855 	 0.20142122269620175 	 0.1818981208181599 	 5 	 0.0014663406003724557 	 0.3610653441661767
5	6	1	100	0.0 	 0.1227788031053748 	 0.15064537274732126 	 5 	 0.0005287593836102043 	 1.0
5	6	1	1000	0.0 	 0.12277109232830558 	 0.15373717135759235 	 5 	 0.0005751394143065467 	 1.0
5	6	1	10000	0.0 	 0.12277069737092827 	 0.15406620275034225 	 5 	 0.0005805742132848446 	 1.0
5	7	1	100	0.42857142857142855 	 0.0732289539196737 	 0.1418185582347805 	 5 	 0.004519844372113204 	 0.6852613287811251
5	7	1	1000	0.42857142857142855 	 0.0757427692328319 	 0.1415372188439795 	 5 	 0.004519844372113204 	 0.6852613287811251
5	7	1	10000	0.42857142857142855 	 0.07372527622119136 	 0.1415091123443362 	 5 	 0.004519844372113204 	 0.6852613287811252
5	8	1	100	0.25 	 0.07026192858825933 	 0.10631975196280885 	 5 	 0.0017176972308058512 	 0.4386404542746194
5	8	1	1000	0.42857142857142855 	 0.06336109160326094 	 0.09967156574964876 	 5 	 0.0017378621004666812 	 0.2901214612371194
5	8	1	10000	0.42857142857142855 	 0.06342455917382168 	 0.09957283322851256 	 5 	 0.001739563108794959 	 0.2898529855698062
5	9	1	100	0.1111111111111111 	 0.13655984793009657 	 0.12161190492855571 	 5 	 0.0022195585414309044 	 0.7534791101868618
5	9	1	1000	0.1111111111111111 	 0.13657337180663168 	 0.12128550823441574 	 5 	 0.0021820866976067937 	 0.7516672064616645
5	9	1	10000	0.1111111111111111 	 0.13657503829140685 	 0.1212528933470642 	 5 	 0.002178339513676059 	 0.7514860160594858
5	10	1	100	0.1111111111111111 	 0.06089454183819812 	 0.13081764470691956 	 5 	 0.0027630771022687326 	 0.8130190000947599
5	10	1	1000	0.1111111111111111 	 0.023242325108303603 	 0.12890523443397234 	 5 	 0.0032968291959457976 	 0.8130190000947598
5	10	1	10000	0.1111111111111111 	 0.02324023196049904 	 0.12879376171681758 	 5 	 0.0032829564449601612 	 0.8130190000947598
7	1	1	100	0.16666666666666666 	 0.11730512477089466 	 0.16185856731616852 	 7 	 0.0028134458338261816 	 0.595038054663931
7	1	1	1000	0.16666666666666666 	 0.11729050886373919 	 0.15862569310883515 	 7 	 0.0026868380538044795 	 0.5880068181731872
7	1	1	10000	0.16666666666666666 	 0.11728149259349432 	 0.1586258445914579 	 7 	 0.0026741734409260033 	 0.5880070220722405
7	2	1	100	0.16666666666666666 	 0.06640344869210889 	 0.04584529748467103 	 7 	 0.000869882363792286 	 0.6803646284414788
7	2	1	1000	0.16666666666666666 	 0.06647017582908081 	 0.04831919547164666 	 7 	 0.0009432184197047978 	 0.6863526296853594
7	2	1	10000	0.16666666666666666 	 0.06647476723489397 	 0.0485646477688142 	 7 	 0.0009505372854286432 	 0.6869520249947358
7	3	1	100	0.16666666666666666 	 0.12211194840604248 	 0.11024747262419292 	 7 	 0.0032173752055311756 	 0.7001558091680659
7	3	1	1000	0.16666666666666666 	 0.12209444359096061 	 0.11292137915181662 	 7 	 0.003346668677660635 	 0.6966281880191005
7	3	1	10000	0.16666666666666666 	 0.12208868703440802 	 0.11318862733578042 	 7 	 0.003359599841391944 	 0.6962749019994434
7	4	1	100	0.16666666666666666 	 0.16843054784699255 	 0.27293091204832753 	 7 	 0.0071595112835445285 	 0.9486942108703112
7	4	1	1000	0.4 	 0.13886055785227142 	 0.2514371944435222 	 7 	 0.00676961950976742 	 0.8694760667325434
7	4	1	10000	0.4 	 0.13880388137195063 	 0.25179902566374995 	 7 	 0.006778995596734599 	 0.8702589699943026
7	5	1	100	0.07692307692307693 	 0.32450814521342325 	 0.21540117730986016 	 7 	 0.0010203049892576902 	 0.6682439519846459
7	5	1	1000	0.07692307692307693 	 0.3244815932896177 	 0.21217689015581953 	 7 	 0.0008564601465055511 	 0.6555224427906866
7	5	1	10000	0.07692307692307693 	 0.3244507681737596 	 0.21185499252529577 	 7 	 0.0008444863759965556 	 0.654250291871291
7	6	1	100	0.07692307692307693 	 0.15027744420204994 	 0.1946116457417419 	 7 	 0.0021252743261124924 	 0.8026379041312195
7	6	1	1000	0.07692307692307693 	 0.1510201695106092 	 0.19578163898304965 	 7 	 0.0022009366669176857 	 0.8026379056379637
7	6	1	10000	0.07692307692307693 	 0.1506360805211907 	 0.19591383163140189 	 7 	 0.0022086898941253434 	 0.8026379056379637
7	7	1	100	0.2727272727272727 	 0.1363947389401947 	 0.1642867991863405 	 7 	 0.004729354466998912 	 0.9445538242771407
7	7	1	1000	0.2727272727272727 	 0.1344757935808512 	 0.16191231372788592 	 7 	 0.004450773627541997 	 0.8460199074281208
7	7	1	10000	0.2727272727272727 	 0.13416289226478678 	 0.16451338413221644 	 7 	 0.004481496243476914 	 0.897898329848682
7	8	1	100	0.2727272727272727 	 0.08877495434319549 	 0.040197260388009526 	 7 	 0.0015885298084245129 	 0.46594813281320263
7	8	1	1000	0.2727272727272727 	 0.08877462185192926 	 0.03953563438356651 	 7 	 0.0016069515208177764 	 0.46575049037591965
7	8	1	10000	0.2727272727272727 	 0.0887702413976031 	 0.03946868112112337 	 7 	 0.001608792368430217 	 0.46573244438925165
7	9	1	100	0.2727272727272727 	 0.2196619073361509 	 0.1534900173040092 	 7 	 0.0040585664622334915 	 0.5701665105242715
7	9	1	1000	0.2727272727272727 	 0.21997288172506294 	 0.15509790082853606 	 7 	 0.004138836031515769 	 0.5768509862911252
7	9	1	10000	0.2727272727272727 	 0.22003373608540372 	 0.15522652351738236 	 7 	 0.0041468222672950816 	 0.5775178369786977
7	10	1	100	0.07692307692307693 	 0.12127531773390574 	 0.21505450075156515 	 7 	 0.004739477368962103 	 0.9100592147346334
7	10	1	1000	0.07692307692307693 	 0.12199083465960557 	 0.21504477336789454 	 7 	 0.004693269103419976 	 0.9079960039372638
7	10	1	10000	0.07692307692307693 	 0.11717391864093255 	 0.20869447464717542 	 7 	 0.004849092814839349 	 0.90771892224323
10	1	1	100	0.17647058823529413 	 0.1979600631898059 	 0.13021525407036869 	 10 	 0.003897502810427644 	 0.6409959768988677
10	1	1	1000	0.17647058823529413 	 0.19817600842384875 	 0.12913459080761847 	 10 	 0.003884393403528529 	 0.6231624312032957
10	1	1	10000	0.17647058823529413 	 0.1968355322186587 	 0.1721558743200098 	 10 	 0.006329042247100441 	 0.7311147376354459
10	2	1	100	0.3333333333333333 	 0.12432888103559754 	 0.11420859061758133 	 10 	 0.0028104312897459603 	 0.6201656263667368
10	2	1	1000	0.42857142857142855 	 0.12215380338470357 	 0.09357461157614823 	 10 	 0.0020657660749440455 	 0.4062753912113933
10	2	1	10000	0.42857142857142855 	 0.12187632568227261 	 0.09287824343677792 	 10 	 0.002047404945003904 	 0.40463203563897293
10	3	1	100	0.05263157894736842 	 0.24564572306086307 	 0.2231437976876464 	 10 	 0.005084312223155795 	 0.979468947005183
10	3	1	1000	0.05263157894736842 	 0.24595638617108825 	 0.2256107031141886 	 10 	 0.0051149938331603445 	 0.9815821380567017
10	3	1	10000	0.05263157894736842 	 0.24631546676020233 	 0.225261696945904 	 10 	 0.0051105568983083995 	 0.981346908485622
10	4	1	100	0.25 	 0.20900856619106153 	 0.15712089023275508 	 10 	 0.002397547456150191 	 0.824039297886332
10	4	1	1000	0.42857142857142855 	 0.15963576368393106 	 0.13130869118603525 	 10 	 0.0023722753892900807 	 0.6882473252562318
10	4	1	10000	0.25 	 0.20867621797487027 	 0.1486451949215249 	 10 	 0.0024778728386734648 	 0.8191191043517057
10	5	1	100	0.25 	 0.2689738237798578 	 0.20152842673292604 	 10 	 0.0037918956289841356 	 0.6161362290396918
10	5	1	1000	0.17647058823529413 	 0.31783137448511417 	 0.22319028413376912 	 10 	 0.004113495114549727 	 0.8367448318942825
10	5	1	10000	0.25 	 0.26393240531093987 	 0.20170939041456531 	 10 	 0.003774813013486973 	 0.6161343458289005
10	6	1	100	0.1111111111111111 	 0.17248615176749005 	 0.14575278567410382 	 10 	 0.002343737874457207 	 0.7289777966608323
10	6	1	1000	0.1111111111111111 	 0.18169774935807076 	 0.15921012284610744 	 10 	 0.0032235187071851788 	 0.7812446753705672
10	6	1	10000	0.1111111111111111 	 0.1816964673168228 	 0.15956524594035387 	 10 	 0.0032440027898363475 	 0.7821523277997126
10	7	1	100	0.3333333333333333 	 0.14196547982511154 	 0.23133442333557597 	 10 	 0.00803393598465971 	 0.9292687680396691
10	7	1	1000	0.3333333333333333 	 0.09445475338021211 	 0.11000590260414635 	 10 	 0.003996795633673539 	 0.5595664050322016
10	7	1	10000	0.3333333333333333 	 0.0944547948710509 	 0.11026339355398562 	 10 	 0.003972212623560146 	 0.5595663859792611
10	8	1	100	0.25 	 0.14516114413867637 	 0.14268694570567084 	 10 	 0.005446088092647907 	 0.6009693539382308
10	8	1	1000	0.17647058823529413 	 0.13619256848174832 	 0.15817848448639593 	 10 	 0.004367230568256468 	 0.6541815232113863
10	8	1	10000	0.17647058823529413 	 0.1519930841068523 	 0.15823230221473217 	 10 	 0.004101092352954592 	 0.6914473178399354
10	9	1	100	0.1111111111111111 	 0.24689707992340315 	 0.1344174212955359 	 10 	 0.004521235531851451 	 0.7782442094525648
10	9	1	1000	0.17647058823529413 	 0.22349788069137014 	 0.15319055050066868 	 10 	 0.004085439684005848 	 0.7138627078357289
10	9	1	10000	0.1111111111111111 	 0.2499249364468312 	 0.16222290385490445 	 10 	 0.004755071040884228 	 0.8481293258023133
10	10	1	100	0.0 	 0.1906635499668738 	 0.1337773865576209 	 10 	 0.002371372196463196 	 1.0
10	10	1	1000	0.0 	 0.19117985646315258 	 0.14376073739709666 	 10 	 0.0031539636776713722 	 1.0
10	10	1	10000	0.0 	 0.1882859232862975 	 0.14354658086820174 	 10 	 0.0036767011581019596 	 1.0
2	1	2	100	0.3333333333333333 	 0.005785716892142879 	 0.017315956325209984 	 2 	 4.511582058241105e-05 	 0.6373305188816965
2	1	2	1000	0.3333333333333333 	 0.005777426269247913 	 0.016850746648325973 	 2 	 3.36544630437942e-05 	 0.6363162157791129
2	1	2	10000	0.3333333333333333 	 0.0057869230102153835 	 0.016822189498641518 	 2 	 3.25594317651771e-05 	 0.6362193057015522
2	2	2	100	0.0 	 0.05823887701967082 	 0.04679847267397251 	 2 	 0.000634203006796527 	 1.0
2	2	2	1000	0.0 	 0.058234302127700636 	 0.046497121133491436 	 2 	 0.000634203006796527 	 1.0
2	2	2	10000	0.0 	 0.05823321093424388 	 0.04646699666815862 	 2 	 0.000634203006796527 	 1.0
2	3	2	100	0.3333333333333333 	 0.001767975959804213 	 0.004637387826996984 	 2 	 1.3881714487726326e-05 	 0.5637212654913761
2	3	2	1000	0.3333333333333333 	 0.001753819491204981 	 0.004409393148348809 	 2 	 8.815133920304916e-06 	 0.5632728731111594
2	3	2	10000	0.3333333333333333 	 0.0017670968870615272 	 0.004413201867956698 	 2 	 8.308475863563119e-06 	 0.5632280338731377
2	5	2	100	0.3333333333333333 	 0.08738533446012356 	 0.12045626229554598 	 2 	 0.0022955421701311802 	 0.20315548205660933
2	5	2	1000	0.3333333333333333 	 0.08742890011763059 	 0.12045626229554598 	 2 	 0.0022955421701311802 	 0.20315548205660933
2	5	2	10000	0.3333333333333333 	 0.08738993748384834 	 0.12045626229554598 	 2 	 0.0022955421701311802 	 0.20315548205660933
2	6	2	100	0.3333333333333333 	 0.002275097449841136 	 0.004577872929629974 	 2 	 4.743966656164994e-05 	 0.2752377270568822
2	6	2	1000	0.3333333333333333 	 0.002338035010785192 	 0.003372037719810062 	 2 	 1.4669544695191456e-05 	 0.27233757992619845
2	6	2	10000	0.3333333333333333 	 0.002344377527744219 	 0.0032514872883823375 	 2 	 1.1392535611135388e-05 	 0.2720475654775237
2	7	2	100	0.3333333333333333 	 0.03125579426827079 	 0.048836650223707194 	 2 	 0.0010070232259792738 	 0.08912155549916567
2	8	2	100	0.3333333333333333 	 0.02107567930440528 	 0.1673616485652278 	 2 	 0.00324020244102916 	 0.5258178090549226
2	8	2	1000	0.3333333333333333 	 0.02107122143038364 	 0.1654784578696806 	 2 	 0.0031767461176702132 	 0.525817809219082
2	8	2	10000	0.3333333333333333 	 0.021070785974427426 	 0.16529001052693212 	 2 	 0.0031704004800483356 	 0.5258178092352901
2	9	2	100	0.0 	 0.044020595231194413 	 0.0344161212661496 	 2 	 0.0006964445044452686 	 1.0
2	9	2	1000	0.3333333333333333 	 0.04402552098351468 	 0.022292355350610346 	 2 	 0.0035408109304214033 	 0.33361394749112055
2	9	2	10000	0.0 	 0.044026977342458876 	 0.034191334447951346 	 2 	 0.0009337288378534961 	 1.0
2	10	2	100	0.3333333333333333 	 0.015801276805379537 	 0.014796120212992397 	 2 	 0.0002960401681348638 	 0.02619955487993543
2	10	2	1000	0.3333333333333333 	 0.015906333938391436 	 0.015209083545404765 	 2 	 0.0002960401681348638 	 0.02619955487993543
2	10	2	10000	0.3333333333333333 	 0.015916839599272863 	 0.015250399371706882 	 2 	 0.0002960401681348638 	 0.02619955487993543
3	1	2	100	0.2 	 0.055050997199551074 	 0.10585782910694912 	 3 	 0.0019491050731799441 	 0.7289461459495604
3	1	2	1000	0.2 	 0.054945516904435235 	 0.10594418045398621 	 3 	 0.001949105073179944 	 0.7289461459495603
3	1	2	10000	0.2 	 0.055063793064094174 	 0.10595276789635102 	 3 	 0.001949105073179944 	 0.7289461459495603
3	2	2	100	0.5 	 0.04849194424121052 	 0.011897982993380777 	 3 	 0.00011985249904342288 	 0.030484298554345955
3	2	2	1000	0.5 	 0.049744439744302774 	 0.12234716729162386 	 3 	 0.0005162063882889522 	 0.5689979393623854
3	2	2	10000	0.5 	 0.04974236903915264 	 0.12225653463154697 	 3 	 0.0005136324618787113 	 0.5689979459254693
3	3	2	100	0.5 	 0.008553938828642083 	 0.05416653540632144 	 3 	 0.0004945519756968077 	 0.4906291871107944
3	3	2	1000	0.5 	 0.008915021891420544 	 0.05343591091256451 	 3 	 0.0006119751700708853 	 0.49742865284426546
3	3	2	10000	0.5 	 0.008892822490604205 	 0.05326753813077002 	 3 	 0.0006244603781574222 	 0.4981582453280843
3	4	2	100	0.5 	 0.007022191608177838 	 0.008316462858581291 	 3 	 7.945567816941475e-05 	 0.2269942024879494
3	4	2	1000	0.5 	 0.0068362959213659905 	 0.00915600104820803 	 3 	 0.00011912801419109244 	 0.2304655318898462
3	4	2	10000	0.5 	 0.006909075431444401 	 0.009383861485394576 	 3 	 0.00012309524779325904 	 0.2308126648300358
3	5	2	100	0.2 	 0.10523462249373638 	 0.10619809518068647 	 3 	 0.0029469906091903874 	 0.42869863858652585
3	5	2	1000	0.2 	 0.10534952170540562 	 0.10666801953686471 	 3 	 0.002968710258444556 	 0.4305991078962656
3	5	2	10000	0.2 	 0.10529110991747193 	 0.10671499679402588 	 3 	 0.002970882223369971 	 0.4307891548272394
3	6	2	100	0.2 	 0.053433318019505356 	 0.16797133475596124 	 3 	 0.005406591415475885 	 1.0
3	6	2	1000	0.2 	 0.05347955468824358 	 0.1667697622254938 	 3 	 0.005354632811890204 	 1.0
3	6	2	10000	0.0 	 0.059220390305570074 	 0.16510469356507373 	 3 	 0.005282597605284567 	 1.0
3	7	2	100	0.5 	 0.0687896751758337 	 0.11406170524032044 	 3 	 0.0030940348121305788 	 0.2707280460614256
3	7	2	1000	0.5 	 0.06900462171092507 	 0.11820172830110459 	 3 	 0.003205186850117253 	 0.2804538493852595
3	7	2	10000	0.5 	 0.06878559255707575 	 0.1186207219632119 	 3 	 0.0032163184327013107 	 0.2814278628613646
3	8	2	100	0.5 	 0.01658509684618909 	 0.03525478509749641 	 3 	 0.00039270148102113755 	 0.3916029357602307
3	8	2	1000	0.5 	 0.016318178029675733 	 0.03617925497900361 	 3 	 0.0004098271783759643 	 0.393101434278778
3	8	2	10000	0.5 	 0.016292778254588015 	 0.03627178156108961 	 3 	 0.0004115397481114486 	 0.3932512841306329
3	9	2	100	0.5 	 0.039669136614727 	 0.005005808219408819 	 3 	 0.00011736334687539358 	 0.011952113461891284
3	9	2	1000	0.5 	 0.03977092660891901 	 0.00552790570852389 	 3 	 0.0001201842511625006 	 0.01566746068477523
3	9	2	10000	0.5 	 0.0397788512427106 	 0.005580921118052218 	 3 	 0.0001204662212575106 	 0.016039310260589374
3	10	2	100	0.0 	 0.01891759569657692 	 0.05700751635760154 	 3 	 0.0017435645840264244 	 1.0
3	10	2	1000	0.0 	 0.01889201057896786 	 0.05796965893085107 	 3 	 0.0017813835675558937 	 1.0
3	10	2	10000	0.0 	 0.019314236980575536 	 0.05806590672135628 	 3 	 0.0017851654659088393 	 1.0
5	1	2	100	0.25 	 0.14393050310668568 	 0.21214395079088155 	 5 	 0.003516770328341452 	 0.6461359522167537
5	1	2	1000	0.25 	 0.14404157514093183 	 0.21374779528555757 	 5 	 0.003568127695152843 	 0.6505270070791277
5	1	2	10000	0.25 	 0.14390314379558683 	 0.2139082462119588 	 5 	 0.0035732634320923447 	 0.650966112587455
5	2	2	100	0.42857142857142855 	 0.07117830175920876 	 0.026383014198157386 	 5 	 0.0004130423428965204 	 0.2688078735558793
5	2	2	1000	0.42857142857142855 	 0.0641057175401388 	 0.00987423060842922 	 5 	 6.36030992665749e-05 	 0.25257556084848043
5	2	2	10000	0.42857142857142855 	 0.07110847684522743 	 0.02625159600815294 	 5 	 0.0004161741181171793 	 0.2690756403372457
5	3	2	100	0.1111111111111111 	 0.18631775474172285 	 0.26091467506305943 	 5 	 0.005355814325116498 	 1.0
5	3	2	1000	0.1111111111111111 	 0.18621098855296705 	 0.2607649351463493 	 5 	 0.005355814325116498 	 1.0
5	3	2	10000	0.1111111111111111 	 0.18553571540922398 	 0.26074996424743174 	 5 	 0.005355814325116498 	 1.0
5	4	2	100	0.25 	 0.1051979203151131 	 0.11946832721549942 	 5 	 0.004050819911792865 	 0.6604625402508554
5	4	2	1000	0.42857142857142855 	 0.06533763015715122 	 0.07887856178081877 	 5 	 0.00277860627730044 	 0.46085455706012474
5	4	2	10000	0.42857142857142855 	 0.06523473084399008 	 0.07910889082506678 	 5 	 0.002790534323639047 	 0.4621764501688731
5	5	2	100	0.42857142857142855 	 0.09890690924151259 	 0.1628604109559463 	 5 	 0.002502759056699798 	 0.21398589934783152
5	5	2	1000	0.42857142857142855 	 0.10100944166175903 	 0.16397649801463976 	 5 	 0.002502050041423547 	 0.21392527854171212
5	5	2	10000	0.42857142857142855 	 0.10092548472344819 	 0.16359542727733886 	 5 	 0.0024996614583166557 	 0.21372105468607294
5	6	2	100	0.1111111111111111 	 0.14168343411805942 	 0.2747796680966462 	 5 	 0.006939277886959608 	 1.0
5	6	2	1000	0.1111111111111111 	 0.14114060613386187 	 0.2747796680966462 	 5 	 0.006939277886959608 	 1.0
5	6	2	10000	0.1111111111111111 	 0.14178016381938183 	 0.2747796680966462 	 5 	 0.006939277886959608 	 1.0
5	7	2	100	0.25 	 0.1046193809675232 	 0.062363436186386886 	 5 	 0.0008127113360356265 	 0.5623866459704496
5	7	2	1000	0.25 	 0.1046193809675232 	 0.06342118884243303 	 5 	 0.0008872276843303958 	 0.5681776762185269
5	7	2	10000	0.25 	 0.1046193809675232 	 0.06352704639164443 	 5 	 0.0008946848923022335 	 0.5687573301134144
5	8	2	100	0.42857142857142855 	 0.0818386456835746 	 0.13831030697923313 	 5 	 0.002959700828497594 	 0.6157174299257242
5	8	2	1000	0.42857142857142855 	 0.07905173914105143 	 0.13598056197937752 	 5 	 0.002859435718345451 	 0.5927354309563867
5	8	2	10000	0.42857142857142855 	 0.07905173914105143 	 0.13566417954696433 	 5 	 0.002839102170487031 	 0.5896688790706612
5	9	2	100	0.0 	 0.202247178198961 	 0.1752775377273706 	 5 	 0.0039819938131349115 	 1.0
5	9	2	1000	0.0 	 0.20114119044042936 	 0.17548443034131042 	 5 	 0.003988449508947933 	 1.0
5	9	2	10000	0.0 	 0.20112878762126826 	 0.17550511145325853 	 5 	 0.003989095078529235 	 1.0
5	10	2	100	0.0 	 0.07258726337958911 	 0.1606846095662625 	 5 	 0.005044569648752244 	 1.0
5	10	2	1000	0.0 	 0.07256552826850982 	 0.16017780388051006 	 5 	 0.005044569648752243 	 1.0
5	10	2	10000	0.0 	 0.07265959658995277 	 0.1601271263901292 	 5 	 0.005044569648752243 	 1.0
7	1	2	100	0.07692307692307693 	 0.20633292522287283 	 0.26618269456352145 	 7 	 0.0038400769129935575 	 0.8024238509366166
7	1	2	1000	0.07692307692307693 	 0.20632514614861036 	 0.26527709734240074 	 7 	 0.0038287424252922454 	 0.8024238509366165
7	1	2	10000	0.07692307692307693 	 0.206299550773311 	 0.26518659012916357 	 7 	 0.0038276089711272196 	 0.8024238509366164
7	2	2	100	0.4 	 0.09973024857461331 	 0.05068801801525171 	 7 	 0.0028781589073656683 	 0.4346091688468323
7	2	2	1000	0.4 	 0.09670217621309837 	 0.052224751436625284 	 7 	 0.002893621247740371 	 0.43698727896001843
7	2	2	10000	0.4 	 0.09672914123030817 	 0.05234044664646382 	 7 	 0.0028949365968512666 	 0.4372185271295849
7	3	2	100	0.07692307692307693 	 0.21840836110430956 	 0.22062961830775701 	 7 	 0.004270133529050742 	 0.971016994214297
7	3	2	1000	0.0 	 0.22637635170882547 	 0.2224800349705269 	 7 	 0.004319988408883617 	 1.0
7	3	2	10000	0.0 	 0.22637391948846416 	 0.22249357578309154 	 7 	 0.004314084074012239 	 1.0
7	4	2	100	0.4 	 0.10391489625249303 	 0.13052909492408088 	 7 	 0.00406954874385842 	 0.5810726836807472
7	4	2	1000	0.4 	 0.10286728813591167 	 0.1302192151619504 	 7 	 0.004079789049443575 	 0.5819277491971074
7	4	2	10000	0.4 	 0.10272483042411748 	 0.13020434525790275 	 7 	 0.0040811372171720255 	 0.5820403212024332
7	5	2	100	0.2727272727272727 	 0.15578656724218118 	 0.18987543612227745 	 7 	 0.003442935382223126 	 0.6033849672525796
7	5	2	1000	0.2727272727272727 	 0.15578302530836516 	 0.1859751776568141 	 7 	 0.0034357638575882973 	 0.6098679585132158
7	5	2	10000	0.2727272727272727 	 0.15578346267058085 	 0.18592972173843833 	 7 	 0.003439351889675932 	 0.6106012225990897
7	6	2	100	0.16666666666666666 	 0.131160168491275 	 0.16632485380216838 	 7 	 0.00390966190689779 	 0.5734467728989483
7	6	2	1000	0.16666666666666666 	 0.13001837760093762 	 0.16669671962491395 	 7 	 0.003940424987833452 	 0.5734467728989483
7	6	2	10000	0.16666666666666666 	 0.12982091648841526 	 0.16667399338527258 	 7 	 0.003942797235382149 	 0.5734467728989483
7	7	2	100	0.5555555555555556 	 0.10439091220110523 	 0.10466593509567784 	 7 	 0.0030762499451707443 	 0.3275003238884984
7	7	2	1000	0.5555555555555556 	 0.12626187318630275 	 0.09172598164677985 	 7 	 0.0028538478556162845 	 0.32291827972167253
7	7	2	10000	0.5555555555555556 	 0.1262609588590551 	 0.09177445978787512 	 7 	 0.002852055307443611 	 0.32276860194925416
7	8	2	100	0.4 	 0.09967369104153055 	 0.13623013564373596 	 7 	 0.0048811458290938916 	 0.6548787081141921
7	8	2	1000	0.4 	 0.10502524148850566 	 0.1363825843677496 	 7 	 0.00487140836776574 	 0.6540579827637071
7	8	2	10000	0.4 	 0.10355950934192577 	 0.1363877351566871 	 7 	 0.004870346969611757 	 0.6539707313857226
7	9	2	100	0.16666666666666666 	 0.18945446377078143 	 0.13927242443747556 	 7 	 0.0017849697153933162 	 0.6683730321479444
7	9	2	1000	0.07692307692307693 	 0.1950370672512215 	 0.1603233136130714 	 7 	 0.0018434550584101054 	 0.7821443801111256
7	9	2	10000	0.07692307692307693 	 0.19503651505290365 	 0.16033888472814953 	 7 	 0.0018399101365763975 	 0.7821443802993197
7	10	2	100	0.0 	 0.14346825522302298 	 0.2903787011907943 	 7 	 0.008483321843816777 	 1.0
7	10	2	1000	0.0 	 0.14032833221173616 	 0.28164728819656193 	 7 	 0.00817690791327513 	 1.0
7	10	2	10000	0.0 	 0.08514425685170103 	 0.1383637420608053 	 7 	 0.001979681371203132 	 1.0
10	1	2	100	0.3333333333333333 	 0.18249777205562623 	 0.12120018262077988 	 10 	 0.0032604912444812975 	 0.5252554011602669
10	1	2	1000	0.3333333333333333 	 0.183268707257026 	 0.1269979868477195 	 10 	 0.003918799155392912 	 0.5545151847618225
10	1	2	10000	0.3333333333333333 	 0.17906727454237908 	 0.12768570376250812 	 10 	 0.004009988814541126 	 0.5563354050577406
10	2	2	100	0.25 	 0.167282174819183 	 0.11593312052722812 	 10 	 0.004600634440050449 	 0.7042896886834662
10	2	2	1000	0.25 	 0.16263271533598814 	 0.11105572403381977 	 10 	 0.004493668758667892 	 0.7042898085736752
10	2	2	10000	0.25 	 0.1625979595107352 	 0.11122082683363327 	 10 	 0.00450038274606847 	 0.7042898101755442
10	3	2	100	0.05263157894736842 	 0.26918786845432724 	 0.17096940952827294 	 10 	 0.0029660782608336963 	 1.0000070282550528
10	3	2	1000	0.1111111111111111 	 0.2631642465189387 	 0.2050849586994565 	 10 	 0.0038620520852599965 	 0.8907324025603598
10	3	2	10000	0.05263157894736842 	 0.25941157272617293 	 0.17323446539756465 	 10 	 0.003000969161543027 	 0.9945273474049654
10	4	2	100	0.25 	 0.22062573152364967 	 0.1434678967521635 	 10 	 0.004626959280453635 	 0.7945383770648877
10	4	2	1000	0.25 	 0.22068939615766844 	 0.1433833628603098 	 10 	 0.004626959679309098 	 0.794538387302591
10	4	2	10000	0.25 	 0.23579540410561742 	 0.13488253463055982 	 10 	 0.003731012709839294 	 0.7945383645119867
10	5	2	100	0.17647058823529413 	 0.18388097477769402 	 0.18308767676956927 	 10 	 0.0062275123436320344 	 0.7944759918632677
10	5	2	1000	0.17647058823529413 	 0.22676304840192177 	 0.18014524681451355 	 10 	 0.005330839115551911 	 0.7831914037189465
10	5	2	10000	0.17647058823529413 	 0.2097651399193629 	 0.17929410240135307 	 10 	 0.00555789985524799 	 0.8051893616965492
10	6	2	100	0.1111111111111111 	 0.164599704606776 	 0.1362899680614296 	 10 	 0.004668913242632651 	 0.873313028692907
10	6	2	1000	0.17647058823529413 	 0.1525795450985295 	 0.1340296580940377 	 10 	 0.004668931855110605 	 0.6984735403214861
10	6	2	10000	0.17647058823529413 	 0.15425661307570118 	 0.13405625640009858 	 10 	 0.00466893096686336 	 0.6984735348366373
10	7	2	100	0.25 	 0.12962149623271263 	 0.133828515418611 	 10 	 0.004254797393737767 	 0.5114074808711565
10	7	2	1000	0.3333333333333333 	 0.1343614831835432 	 0.12546780721536457 	 10 	 0.004086380822742356 	 0.38741372030693466
10	7	2	10000	0.3333333333333333 	 0.13457059730589635 	 0.12587684897534296 	 10 	 0.004098522385908046 	 0.38839111614177274
10	8	2	100	0.3333333333333333 	 0.11172551976317283 	 0.10794067838300515 	 10 	 0.004034113833420652 	 0.6517634242859957
10	8	2	1000	0.3333333333333333 	 0.10369616136219102 	 0.1144943858831016 	 10 	 0.00328729287423215 	 0.6530346092967697
10	8	2	10000	0.3333333333333333 	 0.09820869258399827 	 0.11451676994804229 	 10 	 0.0032945187762669827 	 0.6537074729086426
10	9	2	100	0.1111111111111111 	 0.24955492220199413 	 0.2067962406229149 	 10 	 0.0031392381695014137 	 0.6837570081985918
10	9	2	1000	0.1111111111111111 	 0.24963088958329835 	 0.20737147417086813 	 10 	 0.0031549846688811844 	 0.6857125751539824
10	9	2	10000	0.1111111111111111 	 0.2496384819587386 	 0.20742902048113465 	 10 	 0.0031566041946964117 	 0.685908089095121
10	10	2	100	0.0 	 0.2171529752414574 	 0.20437734062163498 	 10 	 0.005331534078172141 	 1.0
10	10	2	1000	0.0 	 0.22012005944389537 	 0.2063296596638373 	 10 	 0.005449451174441716 	 1.0
10	10	2	10000	0.0 	 0.21766405054664725 	 0.20478018612856963 	 10 	 0.005361626947199693 	 1.0
