2	1	0	0	1.0 	 1.0681921684597642e-11 	 1.938304069690012e-11 	 2 	 5.607347605700727e-14 	 4.96250263104514e-12
2	2	0	0	1.0 	 1.3094201818711332e-09 	 1.2699075933600825e-09 	 2 	 7.755333216485543e-12 	 6.863469896589699e-10
2	3	0	0	1.0 	 4.694103395318255e-13 	 1.1741715388526201e-12 	 2 	 2.404542353051153e-15 	 2.1280199824502688e-13
2	4	0	0	1.0 	 1.9522173600527425e-13 	 3.6394348694299544e-13 	 2 	 3.2873891932544907e-15 	 2.9093394360302227e-13
2	5	0	0	1.0 	 2.0532221746317942e-14 	 3.414432901311284e-14 	 2 	 6.8996911134896715e-18 	 6.106226635438361e-16
2	6	0	0	1.0 	 8.36026147585457e-10 	 1.1368425195110302e-09 	 2 	 3.515262155436481e-12 	 3.1110070075612813e-10
2	7	0	0	1.0 	 9.680061006035323e-12 	 6.54309994355567e-12 	 2 	 3.9284410627204334e-14 	 3.4766703405075816e-12
2	8	0	0	1.0 	 4.6832090248440525e-14 	 1.1171541235690914e-13 	 2 	 3.882644362954646e-16 	 3.4361402612148595e-14
2	9	0	0	1.0 	 1.2503424298278292e-15 	 6.535449264879132e-16 	 2 	 6.115635305138576e-18 	 5.412337245047639e-16
2	10	0	0	1.0 	 2.9247488056182895e-13 	 2.6615356692200493e-13 	 2 	 1.6893854488589059e-15 	 1.495106122240131e-13
3	1	0	0	1.0 	 1.321416316791889e-10 	 1.427876765980434e-10 	 3 	 7.490298857350425e-13 	 6.554011500181643e-11
3	2	0	0	1.0 	 1.0345004743079e-09 	 5.414032857553936e-10 	 3 	 3.6894606615854475e-12 	 3.2282780788872584e-10
3	3	0	0	1.0 	 7.89755756091066e-13 	 1.63083922712284e-12 	 3 	 1.1203736351360091e-14 	 9.803269307440132e-13
3	4	0	0	1.0 	 2.2959216342073555e-13 	 2.658724192263139e-13 	 3 	 1.9972912213006572e-15 	 1.7476298186380745e-13
3	5	0	0	1.0 	 4.098744426208005e-14 	 5.527331326924782e-14 	 3 	 2.5439967592839246e-16 	 2.225997164373439e-14
3	6	0	0	1.0 	 8.348797858862243e-10 	 6.489213644695307e-10 	 3 	 2.335552069203963e-12 	 2.04360806055348e-10
3	7	0	0	1.0 	 9.828128121836024e-12 	 4.136456761623419e-12 	 3 	 3.2057451931117343e-14 	 2.8050270439727853e-12
3	8	0	0	1.0 	 4.561690890430649e-14 	 7.678961945522519e-14 	 3 	 2.5725453513457253e-16 	 2.250977182427505e-14
3	9	0	0	1.0 	 2.6302551742443308e-15 	 1.9405995303746092e-15 	 3 	 6.9190684927532306e-18 	 6.054184931159057e-16
3	10	0	0	1.0 	 1.0026324555594177e-10 	 1.3336554200960186e-10 	 3 	 9.177240217761473e-13 	 8.03008519054127e-11
2	1	1	100	1.0 	 0.000191314674137241 	 0.0010633403102343704 	 2 	 1.366516282648312e-05 	 0.0012093669101437552
2	1	1	1000	1.0 	 1.911900683315815e-05 	 0.00010640199276187455 	 2 	 1.3665161641315024e-06 	 0.00012093668052563789
2	1	1	10000	1.0 	 1.9117691445443177e-06 	 1.0640842395951399e-05 	 2 	 1.3665149789212234e-07 	 1.209365756345282e-05
2	2	1	100	1.0 	 0.00036717598183491884 	 0.001208923070144202 	 2 	 7.949569515124206e-06 	 0.0007035369020884915
2	2	1	1000	1.0 	 3.672643407400478e-05 	 0.00012098382764990624 	 2 	 7.949588389368182e-07 	 7.035385724590833e-05
2	2	1	10000	1.0 	 3.6727723600587175e-06 	 1.2099496700169732e-05 	 2 	 7.949777151105119e-08 	 7.035552778728022e-06
2	3	1	100	1.0 	 0.00024042185872341355 	 0.0008530437139883991 	 2 	 8.676432453311701e-06 	 0.0007678642721180851
2	3	1	1000	1.0 	 2.403960243743322e-05 	 8.536975166513659e-05 	 2 	 8.67643247423125e-07 	 7.678642739694652e-05
2	3	1	10000	1.0 	 2.4039353267975967e-06 	 8.537631007054349e-06 	 2 	 8.676432683429885e-08 	 7.678642924835444e-06
2	4	1	100	1.0 	 0.00017040662488117535 	 0.00038442671929625753 	 2 	 6.063092147263113e-07 	 5.3658365503278516e-05
2	4	1	1000	1.0 	 1.70408036703503e-05 	 3.845547438173396e-05 	 2 	 6.063092511074416e-08 	 5.365836872300855e-06
2	4	1	10000	1.0 	 1.7040819579287017e-06 	 3.845675870727662e-06 	 2 	 6.063096149751974e-09 	 5.365840092530494e-07
2	5	1	100	1.0 	 0.00012477595613946349 	 0.0003689809820806413 	 2 	 5.260918665552322e-07 	 4.655913019013802e-05
2	5	1	1000	1.0 	 1.247744557662057e-05 	 3.690980897535305e-05 	 2 	 5.26091866370195e-08 	 4.655913017376223e-06
2	5	1	10000	1.0 	 1.2477430795513187e-06 	 3.691098080537991e-06 	 2 	 5.260918645480493e-09 	 4.6559130012502337e-07
2	6	1	100	1.0 	 0.00046166048012230527 	 0.0019346377704026765 	 2 	 2.2063121637592643e-05 	 0.0019525862649269446
2	6	1	1000	1.0 	 4.6253549471734665e-05 	 0.00019392537156612112 	 2 	 2.206317907696292e-06 	 0.00019525913483112132
2	6	1	10000	1.0 	 4.6270332777316936e-06 	 1.9399044216236438e-05 	 2 	 2.20637534789484e-07 	 1.952642182886929e-05
2	7	1	100	1.0 	 0.0009444606450071374 	 0.0027782718364517305 	 2 	 7.441490418613755e-05 	 0.0065857190204731695
2	7	1	1000	1.0 	 9.755866180604627e-05 	 0.00028180511074251617 	 2 	 7.44149086054311e-06 	 0.0006585719411580648
2	7	1	10000	1.0 	 9.788339126532047e-06 	 2.8222086270156653e-05 	 2 	 7.4414952797799e-07 	 6.58572332260521e-05
2	8	1	100	1.0 	 0.00011849888949826125 	 0.00043731621023022693 	 2 	 5.14636175946997e-06 	 0.00045545301571309205
2	8	1	1000	1.0 	 1.1854704275787712e-05 	 4.3757291081947874e-05 	 2 	 5.146361764136043e-07 	 4.554530161260395e-05
2	8	1	10000	1.0 	 1.1855187360330865e-06 	 4.375986234055554e-06 	 2 	 5.146361810872041e-08 	 4.554530202621754e-06
2	9	1	100	1.0 	 0.00044946076944428487 	 0.0007481587769611536 	 2 	 8.078400315591917e-06 	 0.0007149384279298843
2	9	1	1000	1.0 	 4.5048868972744496e-05 	 7.495639926119209e-05 	 2 	 8.078400315603522e-07 	 7.149384279309112e-05
2	9	1	10000	1.0 	 4.5059185176099845e-06 	 7.497050273595808e-06 	 2 	 8.07840031553139e-08 	 7.149384279245274e-06
2	10	1	100	1.0 	 0.0001407980310435544 	 0.0006720608382472182 	 2 	 7.193059090167606e-06 	 0.0006365857294798327
2	10	1	1000	1.0 	 1.4069891958750705e-05 	 6.725159815827111e-05 	 2 	 7.193059081339765e-07 	 6.365857286985688e-05
2	10	1	10000	1.0 	 1.4068903011299026e-06 	 6.7256151999799445e-06 	 2 	 7.193058993102124e-08 	 6.365857208895376e-06
3	1	1	100	1.0 	 0.0006930457120690131 	 0.0018621851437552888 	 3 	 1.9537010577404857e-05 	 0.0017094884255229236
3	1	1	1000	1.0 	 6.929303237110276e-05 	 0.00018646502669098858 	 3 	 1.953697861238177e-06 	 0.0001709485628583404
3	1	1	10000	1.0 	 6.929112344278779e-06 	 1.8648582336183674e-05 	 3 	 1.9536658954916986e-07 	 1.709457658555235e-05
3	2	1	100	1.0 	 0.0007899546982389583 	 0.0034326380474585566 	 3 	 5.2730114091138967e-05 	 0.004613884982974685
3	2	1	1000	1.0 	 7.872971301377192e-05 	 0.0003440429129445256 	 3 	 5.273009786259951e-06 	 0.0004613883562977481
3	2	1	10000	1.0 	 7.870289198029286e-06 	 3.441190658831918e-05 	 3 	 5.272993558486857e-07 	 4.613869363676025e-05
3	3	1	100	1.0 	 0.00041384250569503737 	 0.0012077888035176981 	 3 	 2.3063861276453723e-05 	 0.0020180878616897074
3	3	1	1000	1.0 	 4.123798422791929e-05 	 0.0001208767939259066 	 3 	 2.306386120389161e-06 	 0.00020180878553405224
3	3	1	10000	1.0 	 4.122353092606999e-06 	 1.2088661917907023e-05 	 3 	 2.306386047831328e-07 	 2.0180877918524187e-05
3	4	1	100	1.0 	 0.00058740009378253 	 0.0008693210026405583 	 3 	 1.0544691276910608e-05 	 0.0009226604867296762
3	4	1	1000	1.0 	 5.882638873935403e-05 	 8.697337702053058e-05 	 3 	 1.0544691307480758e-06 	 9.226604894045642e-05
3	4	1	10000	1.0 	 5.883505296272348e-06 	 8.69775103704456e-06 	 3 	 1.054469161321239e-07 	 9.226605161560819e-06
3	5	1	100	1.0 	 0.0005636665867393741 	 0.000983414039864689 	 3 	 1.272986938196134e-05 	 0.0011138635709216224
3	5	1	1000	1.0 	 5.682642160628046e-05 	 9.867970680039513e-05 	 3 	 1.2729869385256798e-06 	 0.00011138635712099748
3	5	1	10000	1.0 	 5.687313684587228e-06 	 9.871402171598649e-06 	 3 	 1.2729869418002826e-07 	 1.1138635740752524e-05
3	6	1	100	1.0 	 0.0005242737248748672 	 0.0016892434282825609 	 3 	 3.3003070997596544e-05 	 0.002887768712289701
3	6	1	1000	1.0 	 5.3354060517125495e-05 	 0.00016964127973226223 	 3 	 3.300306637674657e-06 	 0.00028877683079653283
3	6	1	10000	1.0 	 5.345854630833016e-06 	 1.6973131990571815e-05 	 3 	 3.300302016889791e-07 	 2.88776426477857e-05
3	7	1	100	1.0 	 0.0006713951829288723 	 0.0009921198089806846 	 3 	 2.609843403087115e-05 	 0.0022836129777012303
3	7	1	1000	1.0 	 6.76609528338224e-05 	 0.00010012766832482351 	 3 	 2.6162285877837436e-06 	 0.000228920001431078
3	7	1	10000	1.0 	 6.75094326427416e-06 	 1.0013485690017048e-05 	 3 	 2.616225642725657e-07 	 2.2891974373849544e-05
3	8	1	100	1.0 	 0.0007959291565946239 	 0.0007682722636964081 	 3 	 1.3645685831884091e-05 	 0.0011939975102898612
3	8	1	1000	1.0 	 8.088598559655485e-05 	 7.746344605574377e-05 	 3 	 1.3645685832994553e-06 	 0.00011939975103870265
3	8	1	10000	1.0 	 8.101802775449662e-06 	 7.75284044834619e-06 	 3 	 1.364568584399131e-07 	 1.1939975113492431e-05
3	9	1	100	1.0 	 0.0006421569303237727 	 0.0008063215423900018 	 3 	 3.2147632154350736e-06 	 0.00028129178135057054
3	9	1	1000	1.0 	 6.413120446833723e-05 	 8.06114100231489e-05 	 3 	 3.214763215259817e-07 	 2.812917813352356e-05
3	9	1	10000	1.0 	 6.412278490255333e-06 	 8.06093380916793e-06 	 3 	 3.2147632134184325e-08 	 2.8129178117411446e-06
3	10	1	100	1.0 	 0.00110672432413156 	 0.001553017937526681 	 3 	 1.7455389313082953e-05 	 0.0015273465648947548
3	10	1	1000	1.0 	 0.00011090083476345233 	 0.0001559804756242223 	 3 	 1.7455398488253101e-06 	 0.00015273473677221427
3	10	1	10000	1.0 	 1.1092449136253345e-05 	 1.5605028459396725e-05 	 3 	 1.7455490240934744e-07 	 1.5273553960817865e-05
2	1	2	100	1.0 	 0.00013255849064138815 	 0.0007273677807160277 	 2 	 1.216534655744403e-05 	 0.0010766331703337961
2	1	2	1000	1.0 	 1.3228031849105617e-05 	 7.273880573777595e-05 	 2 	 1.2165347062150164e-06 	 0.00010766332150002889
2	1	2	10000	1.0 	 1.3225169807483176e-06 	 7.273889430367893e-06 	 2 	 1.2165352108358436e-07 	 1.076633661589721e-05
2	2	2	100	0.3333333333333333 	 0.00145339350405847 	 0.0019787820330658284 	 2 	 2.9851117572551165e-05 	 0.05876879483230957
2	2	2	1000	1.0 	 0.00023001338634156193 	 0.00021345124406945705 	 2 	 2.6795668470170053e-06 	 0.00023714166596100472
2	2	2	10000	1.0 	 2.3085250259570804e-05 	 2.134774596374276e-05 	 2 	 2.6796366447908123e-07 	 2.3714784306398663e-05
2	3	2	100	1.0 	 0.00019341126947060338 	 0.0005895762664322608 	 2 	 5.408439745641252e-06 	 0.0004786469174892505
2	3	2	1000	1.0 	 1.9329769453792986e-05 	 5.894940930945487e-05 	 2 	 5.408439723994097e-07 	 4.7864691557347745e-05
2	3	2	10000	1.0 	 1.932863976478538e-06 	 5.894859644071416e-06 	 2 	 5.408439507610376e-08 	 4.78646896423518e-06
2	4	2	100	1.0 	 0.0005312719033363164 	 0.0021711468940327147 	 2 	 4.629440847028689e-05 	 0.004097055149620388
2	4	2	1000	1.0 	 5.3081688904409296e-05 	 0.00021738200499337397 	 2 	 4.629440844071106e-06 	 0.0004097055147002926
2	4	2	10000	1.0 	 5.307746259220909e-06 	 2.1740877464977612e-05 	 2 	 4.62944081448178e-07 	 4.097055120816373e-05
2	5	2	100	1.0 	 9.246279672894944e-05 	 0.0005184297588150323 	 2 	 8.291234188313323e-06 	 0.0007337742256657285
2	5	2	1000	1.0 	 9.2639657372778e-06 	 5.1876358742531e-05 	 2 	 8.291234188375107e-07 	 7.337742256711965e-05
2	5	2	10000	1.0 	 9.265741611253824e-07 	 5.187970968651291e-06 	 2 	 8.291234189000784e-08 	 7.337742257265689e-06
2	6	2	100	0.3333333333333333 	 0.001347807037854551 	 0.0033154506587769667 	 2 	 4.334240493000783e-05 	 0.2748751361591088
2	6	2	1000	1.0 	 8.209178133858834e-05 	 0.0002541221054585015 	 2 	 3.937160023877387e-06 	 0.0003484386621131482
2	6	2	10000	1.0 	 8.217903877901025e-06 	 2.543049468057034e-05 	 2 	 3.937128386703653e-07 	 3.484358622232727e-05
2	7	2	100	0.3333333333333333 	 0.00107241795556997 	 0.0011555530667532164 	 2 	 6.263195990220287e-06 	 0.08912155549916552
2	7	2	1000	1.0 	 0.00010055842113751861 	 0.00011183505853591047 	 2 	 6.106177387837703e-07 	 5.403966988236364e-05
2	7	2	10000	1.0 	 1.0050877091987605e-05 	 1.1183893852836828e-05 	 2 	 6.10618092376161e-08 	 5.403970117529023e-06
2	8	2	100	1.0 	 0.0004021573523389076 	 0.0016159817902883886 	 2 	 1.8471450072166432e-05 	 0.0016347233313867282
2	8	2	1000	1.0 	 4.010706903654718e-05 	 0.0001617387872958929 	 2 	 1.8471450068683029e-06 	 0.0001634723331078447
2	8	2	10000	1.0 	 4.009623677472658e-06 	 1.617528626488285e-05 	 2 	 1.8471450033842723e-07 	 1.63472332799508e-05
2	9	2	100	1.0 	 0.0010791512303532193 	 0.0008193840793819736 	 2 	 1.2516302999138246e-05 	 0.0011076928154237341
2	9	2	1000	1.0 	 0.00010314191405235919 	 8.199822008709281e-05 	 2 	 1.2516302999075462e-06 	 0.00011076928154181778
2	9	2	10000	1.0 	 1.0269051656477331e-05 	 8.200420887869708e-06 	 2 	 1.2516302998509767e-07 	 1.1076928153681137e-05
2	10	2	100	1.0 	 0.006476727709359897 	 0.001410937019629045 	 2 	 1.3891435630745357e-05 	 0.0012293920533209633
2	10	2	1000	1.0 	 0.0006204834487356329 	 0.00014125834869517523 	 2 	 1.3891435615535203e-06 	 0.00012293920519748647
2	10	2	10000	1.0 	 6.178909181148157e-05 	 1.4127483534205365e-05 	 2 	 1.3891435463346443e-07 	 1.2293920385061594e-05
3	1	2	100	1.0 	 0.0010219993481436892 	 0.0021301507008095323 	 3 	 1.8642511561375704e-05 	 0.0016312203986156126
3	1	2	1000	1.0 	 0.00013716696672199174 	 0.00023887137035821102 	 3 	 2.480390597116648e-06 	 0.00021703417724770746
3	1	2	10000	1.0 	 1.3724291024881117e-05 	 2.3890064741147956e-05 	 3 	 2.480386634621078e-07 	 2.1703383052934507e-05
3	2	2	100	0.5 	 0.00989679206048456 	 0.002540204696595061 	 3 	 1.002026072851617e-05 	 0.02564514130481987
3	2	2	1000	1.0 	 0.0006835666124380531 	 0.000277783732787006 	 3 	 2.391934119698933e-06 	 0.00020929423547365664
3	2	2	10000	1.0 	 6.789245615034417e-05 	 2.777979695121874e-05 	 3 	 2.391907059282049e-07 	 2.0929186768717936e-05
3	3	2	100	1.0 	 0.0009054676208606258 	 0.002168896439566468 	 3 	 4.243059917695561e-05 	 0.003712677427983632
3	3	2	1000	1.0 	 9.125111070108721e-05 	 0.00021801865611013597 	 3 	 4.2430599277784e-06 	 0.00037126774368061166
3	3	2	10000	1.0 	 9.132263635853679e-06 	 2.181331051833819e-05 	 3 	 4.2430600286286804e-07 	 3.712677525050112e-05
3	4	2	100	1.0 	 0.0008009502851478541 	 0.0025671142907846565 	 3 	 4.204724044300509e-05 	 0.003679133538762952
3	4	2	1000	1.0 	 8.035894796533234e-05 	 0.00025731355672045067 	 3 	 4.204724046097548e-06 	 0.0003679133540335361
3	4	2	10000	1.0 	 8.03854926843419e-06 	 2.573740559897239e-05 	 3 	 4.204724064065556e-07 	 3.679133556057368e-05
3	5	2	100	1.0 	 0.00042324425739305 	 0.001195620228833354 	 3 	 2.5796302085297425e-05 	 0.002257176432463537
3	5	2	1000	1.0 	 4.1975492262232615e-05 	 0.0001196288096201333 	 3 	 2.5796302083015752e-06 	 0.0002257176432263891
3	5	2	10000	1.0 	 4.194113937977282e-06 	 1.1963549992923943e-05 	 3 	 2.5796302060279974e-07 	 2.25717643027451e-05
3	6	2	100	1.0 	 0.0005517444981028248 	 0.0013093544023644486 	 3 	 1.987330665702982e-05 	 0.0017389143324901125
3	6	2	1000	1.0 	 5.5558863368248746e-05 	 0.0001309785305920948 	 3 	 1.987328729000168e-06 	 0.000173891263787515
3	6	2	10000	1.0 	 5.560483570658294e-06 	 1.309865592284174e-05 	 3 	 1.9873093623422085e-07 	 1.738895692049435e-05
3	7	2	100	1.0 	 0.0004521976072270607 	 0.0025967195020423733 	 3 	 5.520885547193916e-05 	 0.004830774853794677
3	7	2	1000	1.0 	 4.550282492663684e-05 	 0.00026067943188503857 	 3 	 5.5208855183348975e-06 	 0.0004830774828543036
3	7	2	10000	1.0 	 4.553171110591413e-06 	 2.607811683251402e-05 	 3 	 5.52088522973726e-07 	 4.8307745760201026e-05
3	8	2	100	1.0 	 0.0011540747807974993 	 0.004069730347256185 	 3 	 6.64981582268298e-05 	 0.005818588844847594
3	8	2	1000	1.0 	 0.00011516857355139382 	 0.0004088701131679049 	 3 	 6.649815822452624e-06 	 0.0005818588844646033
3	8	2	10000	1.0 	 1.1514634736616603e-05 	 4.0906264818348644e-05 	 3 	 6.649815820147802e-07 	 5.818588842629313e-05
3	9	2	100	1.0 	 0.0043721490288124425 	 0.0007044759792692497 	 3 	 1.108874744556873e-05 	 0.0009702654014872658
3	9	2	1000	1.0 	 0.00040056031514921776 	 7.047200892865903e-05 	 3 	 1.1088747445521992e-06 	 9.702654014831762e-05
3	9	2	10000	1.0 	 3.972373635018549e-05 	 7.047445225268521e-06 	 3 	 1.1088747445074433e-07 	 9.702654014440149e-06
3	10	2	100	1.0 	 0.003379369909370878 	 0.0008758807029425842 	 3 	 1.8360773925467847e-05 	 0.001606567718478437
3	10	2	1000	1.0 	 0.00034640537339425837 	 8.855670601118671e-05 	 3 	 1.8360766951801471e-06 	 0.0001606567108282629
3	10	2	10000	1.0 	 3.472761851066275e-05 	 8.865521724434094e-06 	 3 	 1.8360697215512505e-07 	 1.6065610063573446e-05
