2	1	0	0	0.3333333333333333 	 0.062190697960170564 	 0.1785601774499611 	 2 	 0.004143076059207313 	 0.366662231239847
2	2	0	0	0.0 	 0.05821917830321827 	 0.046463649625264 	 2 	 0.000634203006796527 	 1.0
2	3	0	0	0.0 	 0.05505781381713705 	 0.20068681874355476 	 2 	 0.004943709094661472 	 1.0
2	4	0	0	0.3333333333333333 	 0.041032980276853266 	 0.09410648802005962 	 2 	 0.004083451136465367 	 0.36138542557718467
2	5	0	0	0.3333333333333333 	 0.08712411353676364 	 0.12136017803534681 	 2 	 0.0019987962373833315 	 0.20315548205660938
2	6	0	0	0.0 	 0.05298736850740219 	 0.12757668122060456 	 2 	 0.00306259133698084 	 1.0
2	7	0	0	0.3333333333333333 	 0.028781383025861796 	 0.02429735509996753 	 2 	 0.0003029754368960814 	 0.11593488166446886
2	8	0	0	0.3333333333333333 	 0.056300633604068846 	 0.23134277283125748 	 2 	 0.005357990866873832 	 1.0
2	9	0	0	0.0 	 0.044020595231194413 	 0.026096984203762743 	 2 	 0.00542038606137611 	 1.0
2	10	0	0	0.0 	 0.014718708846919244 	 0.016189423298194262 	 2 	 0.0002960401681348638 	 1.0
3	1	0	0	0.2 	 0.11117971763210188 	 0.2127500203876276 	 3 	 0.0050468634051849745 	 0.44160054795368586
3	2	0	0	0.2 	 0.0950481328921772 	 0.24272952570479348 	 3 	 0.0052186478824962895 	 1.0
3	3	0	0	0.2 	 0.09307899044404719 	 0.2121495858335688 	 3 	 0.006206590581433738 	 0.9999951360128955
3	4	0	0	0.2 	 0.10987890978125145 	 0.25227488081793065 	 3 	 0.006958675145294743 	 0.6111577554348349
3	5	0	0	0.2 	 0.11866192125842555 	 0.1595264541787261 	 3 	 0.0029386608224614523 	 0.3299196561912886
3	6	0	0	0.0 	 0.09950998108018641 	 0.19200117156651564 	 3 	 0.006441390830820657 	 1.0
3	7	0	0	0.2 	 0.10338808894218604 	 0.1631171860690902 	 3 	 0.0025825793836442203 	 0.5708116322609896
3	8	0	0	0.2 	 0.06694470457513314 	 0.19663228224943702 	 3 	 0.005268731879996257 	 0.8182555956705555
3	9	0	0	0.2 	 0.10265928734588034 	 0.22233812990354268 	 3 	 0.005738507717972593 	 1.0
3	10	0	0	0.0 	 0.06951409588108616 	 0.1487666730206924 	 3 	 0.005245668790445012 	 1.0
5	1	0	0	0.0 	 0.1883785729227309 	 0.19978504225025362 	 5 	 0.003465190878876844 	 1.0
5	2	0	0	0.1111111111111111 	 0.178377227090459 	 0.2741336719934325 	 5 	 0.003096799042596392 	 0.7926353694289167
5	3	0	0	0.1111111111111111 	 0.1987965413194825 	 0.25073263924811845 	 5 	 0.0034633750666568305 	 1.0
5	4	0	0	0.0 	 0.21648860884505652 	 0.3532287782780355 	 5 	 0.005071044509476429 	 1.0
5	5	0	0	0.1111111111111111 	 0.2479743560603483 	 0.3675624053649003 	 5 	 0.0015197202677178156 	 0.8538454896980815
5	6	0	0	0.0 	 0.1304079889932526 	 0.11013493430216074 	 5 	 0.0026015468486122123 	 1.0
5	7	0	0	0.25 	 0.13598177374346446 	 0.15961166836516058 	 5 	 0.001535327610946851 	 0.7342081607681921
5	8	0	0	0.1111111111111111 	 0.13402894199941912 	 0.22607288190068656 	 5 	 0.0012736715451616705 	 0.9351275545082155
5	9	0	0	0.1111111111111111 	 0.1660695546913396 	 0.15170205805039316 	 5 	 0.0032746620846676915 	 1.0
5	10	0	0	0.0 	 0.09986853014700509 	 0.2170384086850725 	 5 	 0.00504456964875224 	 1.0
7	1	0	0	0.07692307692307693 	 0.19693047565038804 	 0.23175696456976214 	 7 	 0.00657757512266349 	 1.0
7	2	0	0	0.16666666666666666 	 0.19356600359495893 	 0.2024973677672801 	 7 	 0.0027964115093487177 	 0.9148104354321459
7	3	0	0	0.07692307692307693 	 0.20589554828855583 	 0.17589945438376442 	 7 	 0.003233611592649887 	 0.9166690191241441
7	4	0	0	0.07692307692307693 	 0.17199568695945644 	 0.20277695351802497 	 7 	 0.0034363922114970984 	 1.0
7	5	0	0	0.07692307692307693 	 0.3245467337326798 	 0.32928146781034545 	 7 	 0.0029738918994586085 	 0.8739754492423915
7	6	0	0	0.0 	 0.20797567434210165 	 0.24313984955708962 	 7 	 0.0037948361037491705 	 1.0
7	7	0	0	0.16666666666666666 	 0.2449383433950772 	 0.2229432631197268 	 7 	 0.003014520962303764 	 0.6429278614985017
7	8	0	0	0.16666666666666666 	 0.15415340828979934 	 0.19492682985274862 	 7 	 0.0015677822880881345 	 0.8920137886175771
7	9	0	0	0.07692307692307693 	 0.26629615760580777 	 0.25748877981314805 	 7 	 0.0013044021152055294 	 1.0000027341085185
7	10	0	0	0.0 	 0.1656137327000818 	 0.22323872556121455 	 7 	 0.006095646180388813 	 1.0
10	1	0	0	0.17647058823529413 	 0.2223526150247439 	 0.1520562960915255 	 10 	 0.004482072891185438 	 0.7561932555526165
10	2	0	0	0.1111111111111111 	 0.275833938428318 	 0.21548138876394185 	 10 	 0.0020555254047908236 	 0.8361731488195826
10	3	0	0	0.05263157894736842 	 0.3118220156041521 	 0.17606349035419122 	 10 	 0.0019908310919548055 	 0.9522987483976109
10	4	0	0	0.05263157894736842 	 0.3137498987341609 	 0.21709262541347868 	 10 	 0.0034235497169077304 	 1.0000009064144106
10	5	0	0	0.1111111111111111 	 0.32379517163725885 	 0.23914577461045705 	 10 	 0.002600841456099832 	 0.8647615616090739
10	6	0	0	0.05263157894736842 	 0.23750447921148105 	 0.1979024463139726 	 10 	 0.0022217906172420873 	 0.9976252827972258
10	7	0	0	0.1111111111111111 	 0.25735432631899735 	 0.21582005259189274 	 10 	 0.004376827485176352 	 0.6916818458465354
10	8	0	0	0.17647058823529413 	 0.2380776126966728 	 0.18055330597228766 	 10 	 0.003091116902996735 	 0.7928741736795708
10	9	0	0	0.05263157894736842 	 0.31478070780166534 	 0.25013177507135237 	 10 	 0.0018386600607124956 	 1.0000033556504087
10	10	0	0	0.05263157894736842 	 0.20527341542265926 	 0.20598218161712092 	 10 	 0.007796740727577941 	 1.0
2	1	1	100	0.3333333333333333 	 0.06728306440941388 	 0.12345829443279523 	 2 	 0.0027290986222404945 	 0.2415252280682836
2	1	1	1000	0.3333333333333333 	 0.06728348762679265 	 0.12345829443279523 	 2 	 0.0027290986222404945 	 0.2415252280682836
2	1	1	10000	0.3333333333333333 	 0.06728304209703548 	 0.12345829443279523 	 2 	 0.0027290986222404945 	 0.2415252280682836
2	2	1	100	0.0 	 0.04459259796214295 	 0.1924830987007364 	 2 	 0.0046795438788838125 	 1.0
2	2	1	1000	0.0 	 0.044580862200660876 	 0.21674387019863464 	 2 	 0.0032297827342139627 	 1.0
2	2	1	10000	0.0 	 0.04458081355757958 	 0.21678473403075152 	 2 	 0.0032330680374786625 	 1.0
2	3	1	100	0.0 	 0.05505721819235495 	 0.20794504620901566 	 2 	 0.0051323342971258245 	 1.0
2	3	1	1000	0.0 	 0.05505727854288726 	 0.2079450460220296 	 2 	 0.005132334162916256 	 1.0
2	3	1	10000	0.0 	 0.05505728436009526 	 0.20794504600342606 	 2 	 0.005132334149560042 	 1.0
2	4	1	100	0.3333333333333333 	 0.04139459346069925 	 0.10154841174884617 	 2 	 0.004518909474323586 	 0.39992348847763715
2	4	1	1000	0.3333333333333333 	 0.04170234181861363 	 0.10154841174884617 	 2 	 0.004518909474323586 	 0.39992348847763715
2	4	1	10000	0.3333333333333333 	 0.0412105385107452 	 0.10154841174884617 	 2 	 0.004518909474323586 	 0.39992348847763715
2	5	1	100	0.3333333333333333 	 0.08712411353676364 	 0.15238612947958877 	 2 	 0.0024969624162026116 	 0.2733564547742429
2	5	1	1000	0.3333333333333333 	 0.08712411353676364 	 0.15230828880553113 	 2 	 0.0025237430566205097 	 0.27335645477424286
2	5	1	10000	0.3333333333333333 	 0.08712411353676364 	 0.1523005039517828 	 2 	 0.002526421120662297 	 0.27335645477424286
2	6	1	100	0.0 	 0.05321670436845952 	 0.223930827843086 	 2 	 0.005347124386339815 	 1.0
2	6	1	1000	0.0 	 0.053166576776137356 	 0.223930827843086 	 2 	 0.005347124386339815 	 1.0
2	6	1	10000	0.0 	 0.05316033804152846 	 0.223930827843086 	 2 	 0.005347124386339815 	 1.0
2	7	1	100	0.0 	 0.014932722695657723 	 0.04698139919800529 	 2 	 0.003878361691494498 	 1.0
2	7	1	1000	0.0 	 0.014932722695657723 	 0.04698139919800529 	 2 	 0.003878032787964047 	 1.0
2	7	1	10000	0.0 	 0.014932722695657723 	 0.04698139919800529 	 2 	 0.0038809922981698037 	 1.0
2	8	1	100	0.3333333333333333 	 0.056632497488462046 	 0.18132032667555004 	 2 	 0.004559854095246329 	 0.4035470874292999
2	8	1	1000	0.3333333333333333 	 0.05665468835661142 	 0.18132032667555004 	 2 	 0.004559854095246329 	 0.4035470874292999
2	8	1	10000	0.3333333333333333 	 0.05670448014942609 	 0.18132032667555004 	 2 	 0.004559854095246329 	 0.4035470874292999
2	9	1	100	0.0 	 0.04926625911373451 	 0.09141239246150036 	 2 	 6.3571271963063715e-06 	 1.0
2	9	1	1000	0.0 	 0.04926625911373451 	 0.09137784639077352 	 2 	 3.075847710244091e-05 	 1.0
2	9	1	10000	0.0 	 0.04926625911373451 	 0.0913743923446869 	 2 	 3.447003753230548e-05 	 1.0
2	10	1	100	0.0 	 0.01630198862585412 	 0.18955529257981898 	 2 	 0.004533330244613023 	 1.0
2	10	1	1000	0.0 	 0.01622055150506982 	 0.18955529257981898 	 2 	 0.004533330244613023 	 1.0
2	10	1	10000	0.0 	 0.01625690169640641 	 0.18955529257981898 	 2 	 0.004533330244613023 	 1.0
3	1	1	100	0.0 	 0.12095201908281548 	 0.2925993973400041 	 3 	 0.005618192676527312 	 1.0
3	1	1	1000	0.0 	 0.12065632940460704 	 0.2924961540066877 	 3 	 0.005618192676527312 	 1.0
3	1	1	10000	0.0 	 0.12085428887828725 	 0.29248583346266416 	 3 	 0.005618192676527312 	 1.0
3	2	1	100	0.0 	 0.053462780951146434 	 0.1464142371310415 	 3 	 0.002722360710583758 	 1.0
3	2	1	1000	0.0 	 0.053513774966100686 	 0.14661125386854693 	 3 	 0.002766666858442651 	 1.0
3	2	1	10000	0.0 	 0.053513762010572404 	 0.14662989406061946 	 3 	 0.002773096517019656 	 1.0
3	3	1	100	0.0 	 0.09648802610093282 	 0.22620449229922032 	 3 	 0.006656065742311824 	 1.0
3	3	1	1000	0.0 	 0.09655115820408687 	 0.2262046387252843 	 3 	 0.006656206298335606 	 1.0
3	3	1	10000	0.0 	 0.09655370665871095 	 0.2262046436145424 	 3 	 0.006656210942618021 	 1.0
3	4	1	100	0.2 	 0.10985875264571802 	 0.16636980310795477 	 3 	 0.005682979666454021 	 0.4972607208147273
3	4	1	1000	0.2 	 0.1099139744702948 	 0.16636980310795477 	 3 	 0.005682979666454021 	 0.4972607208147273
3	4	1	10000	0.2 	 0.10965283852816217 	 0.16636980310795477 	 3 	 0.005682979666454021 	 0.4972607208147273
3	5	1	100	0.2 	 0.11866192125842555 	 0.1674112316548722 	 3 	 0.0029047735225532882 	 0.32605065842866365
3	5	1	1000	0.2 	 0.11866192125842555 	 0.16733455161457358 	 3 	 0.0029318821276193923 	 0.32605065842866365
3	5	1	10000	0.2 	 0.11866192125842555 	 0.1673268828337052 	 3 	 0.0029345929881259758 	 0.3260506584286636
3	6	1	100	0.0 	 0.097919520564126 	 0.22831062859657433 	 3 	 0.005924556006750096 	 1.0
3	6	1	1000	0.0 	 0.09976593352766046 	 0.22831062859657433 	 3 	 0.005924556006750096 	 1.0
3	6	1	10000	0.0 	 0.0995764954776037 	 0.22831062859657433 	 3 	 0.005924556006750096 	 1.0
3	7	1	100	0.2 	 0.01661671988622288 	 0.031886434525690635 	 3 	 0.001605243502261784 	 0.5295226481169881
3	7	1	1000	0.2 	 0.016613600708296445 	 0.032058515437532666 	 3 	 0.0016413939406911557 	 0.5295226479638584
3	7	1	10000	0.2 	 0.016613279531291332 	 0.032075820365033446 	 3 	 0.0016450115595914006 	 0.5295226479485189
3	8	1	100	0.2 	 0.08156331365324092 	 0.19127651365162607 	 3 	 0.004996910255078676 	 0.43722964731938374
3	8	1	1000	0.2 	 0.08162867101673142 	 0.19127651365162607 	 3 	 0.004996910255078676 	 0.43722964731938374
3	8	1	10000	0.2 	 0.08156296442751924 	 0.19127651365162607 	 3 	 0.004996910255078676 	 0.43722964731938374
3	9	1	100	0.2 	 0.09800050959675327 	 0.20498603814305158 	 3 	 0.004717132839117073 	 1.0
3	9	1	1000	0.2 	 0.09895795210951294 	 0.20498603814305158 	 3 	 0.004717132839117073 	 1.0
3	9	1	10000	0.2 	 0.09674087193352832 	 0.20498603814305158 	 3 	 0.004717132839117073 	 1.0
3	10	1	100	0.0 	 0.04158195255295561 	 0.1645645123993175 	 3 	 0.004983579382474923 	 1.0
3	10	1	1000	0.0 	 0.041589978531621115 	 0.1645645123993175 	 3 	 0.004983579382474923 	 1.0
3	10	1	10000	0.0 	 0.04163463527015901 	 0.1645645123993175 	 3 	 0.004983579382474923 	 1.0
5	1	1	100	0.1111111111111111 	 0.20275059568072243 	 0.21974793661368633 	 5 	 0.0014793319828333982 	 0.6634998403826121
5	1	1	1000	0.1111111111111111 	 0.20276173624459365 	 0.21974163791374884 	 5 	 0.001479139742081778 	 0.6634834037983486
5	1	1	10000	0.1111111111111111 	 0.20273535741037696 	 0.21974100804446692 	 5 	 0.0014791205180066146 	 0.6634817601399222
5	2	1	100	0.0 	 0.13851797370320462 	 0.1954153686257205 	 5 	 0.0011274156955621522 	 1.0
5	2	1	1000	0.0 	 0.13851797370320462 	 0.19445838659897116 	 5 	 0.0010771889035702759 	 1.0
5	2	1	10000	0.0 	 0.13851797370320462 	 0.1943626186689747 	 5 	 0.0010693276595780613 	 1.0
5	3	1	100	0.0 	 0.18390788559905388 	 0.20423577838234425 	 5 	 0.0025451122875023878 	 1.0
5	3	1	1000	0.0 	 0.1835955159961924 	 0.20413011795769104 	 5 	 0.0025467098485498552 	 1.0
5	3	1	10000	0.0 	 0.18356425416644323 	 0.20411954971576138 	 5 	 0.0025468696046546217 	 1.0
5	4	1	100	0.1111111111111111 	 0.18816247220390392 	 0.2171622912966107 	 5 	 0.006820307340229418 	 0.5831057256142517
5	4	1	1000	0.1111111111111111 	 0.18816184622558507 	 0.21716221867568894 	 5 	 0.006820278572367456 	 0.5831047002505356
5	4	1	10000	0.1111111111111111 	 0.18816178101640507 	 0.2171622114575798 	 5 	 0.006820275712636854 	 0.5831045983217955
5	5	1	100	0.1111111111111111 	 0.26697152465031265 	 0.2302886402260814 	 5 	 0.00173480915995364 	 0.6487468510355566
5	5	1	1000	0.1111111111111111 	 0.26668195419193713 	 0.22906005141441405 	 5 	 0.0017229615751502923 	 0.6446922852640067
5	5	1	10000	0.1111111111111111 	 0.2666533602169162 	 0.22893720342926283 	 5 	 0.0017219619451463745 	 0.6442868286868516
5	6	1	100	0.0 	 0.238885335384017 	 0.3164638696206455 	 5 	 0.0018628928596766882 	 1.0
5	6	1	1000	0.0 	 0.23888888602257977 	 0.3163342411451484 	 5 	 0.0018945721844201946 	 1.0
5	6	1	10000	0.0 	 0.23886986939458685 	 0.31632127559338963 	 5 	 0.0018977401168945446 	 1.0
5	7	1	100	0.1111111111111111 	 0.1119298337008302 	 0.10799942914918362 	 5 	 0.002188762222769374 	 0.6964904381423964
5	7	1	1000	0.1111111111111111 	 0.1125229543183169 	 0.10910460243329329 	 5 	 0.0022114874072235373 	 0.696592273631466
5	7	1	10000	0.1111111111111111 	 0.1125824949069726 	 0.10921483510636522 	 5 	 0.002213759925661709 	 0.6966024571806952
5	8	1	100	0.25 	 0.14569212348232327 	 0.21587063447579782 	 5 	 0.007767278288703362 	 0.6641022936841353
5	8	1	1000	0.25 	 0.1457649489183295 	 0.21587063447579782 	 5 	 0.007767278288703362 	 0.6641022936841353
5	8	1	10000	0.25 	 0.14557947119818634 	 0.21587063447579782 	 5 	 0.007767278288703362 	 0.6641022936841353
5	9	1	100	0.1111111111111111 	 0.2178379391317884 	 0.2616694817631749 	 5 	 0.002239186937755583 	 1.0
5	9	1	1000	0.1111111111111111 	 0.21791174765653337 	 0.2616275110370557 	 5 	 0.0022449395042084593 	 1.0
5	9	1	10000	0.1111111111111111 	 0.21785135883454135 	 0.2616233141913406 	 5 	 0.002245565750262143 	 1.0
5	10	1	100	0.0 	 0.08705297150737214 	 0.22825054832334993 	 5 	 0.004949989381862187 	 1.0
5	10	1	1000	0.0 	 0.08687501211883912 	 0.22825054832334993 	 5 	 0.004949989381862187 	 1.0
5	10	1	10000	0.0 	 0.08689561034105232 	 0.22825054832334993 	 5 	 0.004949989381862187 	 1.0
7	1	1	100	0.0 	 0.2125511950109939 	 0.2238214696413879 	 7 	 0.0030787204779266527 	 1.0
7	1	1	1000	0.0 	 0.2125511950109939 	 0.22367825777617872 	 7 	 0.0030400604730032215 	 1.0
7	1	1	10000	0.0 	 0.2125511950109939 	 0.22366393603143228 	 7 	 0.0030348966010136083 	 1.0
7	2	1	100	0.16666666666666666 	 0.1353058146582264 	 0.17055017938595435 	 7 	 0.0013819854534656965 	 0.9891919377303796
7	2	1	1000	0.16666666666666666 	 0.13533041063405096 	 0.1687901685638049 	 7 	 0.001344729269000195 	 0.9891919377303793
7	2	1	10000	0.16666666666666666 	 0.1353191152384725 	 0.16861424597255367 	 7 	 0.001339536198115471 	 0.9891919377303795
7	3	1	100	0.07692307692307693 	 0.22595894403752154 	 0.22612124217509627 	 7 	 0.004064331723661638 	 0.9999995896816252
7	3	1	1000	0.07692307692307693 	 0.22601150851290142 	 0.22583668715666955 	 7 	 0.004029611448624432 	 0.9999994061399864
7	3	1	10000	0.07692307692307693 	 0.226018020134064 	 0.2258082421906035 	 7 	 0.004026139421442019 	 0.9999993933774414
7	4	1	100	0.07692307692307693 	 0.23302798596493407 	 0.25612137408864827 	 7 	 0.004880772512479372 	 1.0
7	4	1	1000	0.07692307692307693 	 0.23302665407511167 	 0.2561023407587474 	 7 	 0.00488077251247937 	 1.0
7	4	1	10000	0.07692307692307693 	 0.2330296978751996 	 0.2561004373721873 	 7 	 0.00488077251247937 	 1.0
7	5	1	100	0.07692307692307693 	 0.3086718622945628 	 0.21256089257167995 	 7 	 0.0015177352067743805 	 0.7442726249083356
7	5	1	1000	0.07692307692307693 	 0.3082557847277562 	 0.2114369380153604 	 7 	 0.001518075575987266 	 0.7397221157082545
7	5	1	10000	0.07692307692307693 	 0.30821497575826123 	 0.21132454371474407 	 7 	 0.0015198200542119727 	 0.7392670647882464
7	6	1	100	0.07692307692307693 	 0.21621510382365075 	 0.19298703489537955 	 7 	 0.00044935220789835297 	 0.830149838155481
7	6	1	1000	0.07692307692307693 	 0.2162126062143991 	 0.19197786118128637 	 7 	 0.0004697295222227777 	 0.8263730765985811
7	6	1	10000	0.07692307692307693 	 0.21621505547686698 	 0.19187696688592581 	 7 	 0.00047309200813470405 	 0.8259954004428917
7	7	1	100	0.16666666666666666 	 0.21892833501011205 	 0.1654816902424177 	 7 	 0.005586834501810306 	 0.7419591573190844
7	7	1	1000	0.16666666666666666 	 0.21918050820244578 	 0.1656252565608429 	 7 	 0.005599003475671872 	 0.7419629427694725
7	7	1	10000	0.16666666666666666 	 0.21918420156608687 	 0.16563615324058167 	 7 	 0.005599684074874916 	 0.7419630562737316
7	8	1	100	0.07692307692307693 	 0.21341819606321516 	 0.3259760781300928 	 7 	 0.004769788271196878 	 0.9189372739864451
7	8	1	1000	0.07692307692307693 	 0.20755747701423602 	 0.32531191232879486 	 7 	 0.004749924427199967 	 0.9209461683881114
7	8	1	10000	0.07692307692307693 	 0.20713462873739838 	 0.32515905818493174 	 7 	 0.004747766894833062 	 0.9215253634397979
7	9	1	100	0.07692307692307693 	 0.25677115350840357 	 0.23726251410840696 	 7 	 0.0019653785884430866 	 1.0
7	9	1	1000	0.07692307692307693 	 0.2567212538927919 	 0.23700130168882644 	 7 	 0.0019812923639475873 	 1.0
7	9	1	10000	0.07692307692307693 	 0.2568010886498413 	 0.23697518661035383 	 7 	 0.0019812673342035833 	 1.0
7	10	1	100	0.0 	 0.14356259289309087 	 0.2576259544468709 	 7 	 0.006726694073944164 	 1.0
7	10	1	1000	0.0 	 0.14405459126145984 	 0.2576259544468709 	 7 	 0.006726694073944163 	 1.0
7	10	1	10000	0.0 	 0.14455839672543525 	 0.2576259544468709 	 7 	 0.006726694073944163 	 1.0
10	1	1	100	0.1111111111111111 	 0.25285771611037927 	 0.17801502919466852 	 10 	 0.0028346562995441526 	 0.7926137596954401
10	1	1	1000	0.1111111111111111 	 0.25283384820123694 	 0.1767228018051919 	 10 	 0.0028984923038141716 	 0.7848938475301933
10	1	1	10000	0.1111111111111111 	 0.253061553252164 	 0.1765949316070229 	 10 	 0.0028905922285272063 	 0.784714788323615
10	2	1	100	0.17647058823529413 	 0.2455062205989699 	 0.2605723334292738 	 10 	 0.004080932669355559 	 0.9909264105564157
10	2	1	1000	0.17647058823529413 	 0.24547686326794402 	 0.25883151783285974 	 10 	 0.003954019767816076 	 0.9909260617389517
10	2	1	10000	0.17647058823529413 	 0.24513055812572934 	 0.2586574170376778 	 10 	 0.003941329048847042 	 0.9909260340414503
10	3	1	100	0.05263157894736842 	 0.32182748478921064 	 0.2528412566062682 	 10 	 0.001217610089750685 	 1.0000013989899816
10	3	1	1000	0.05263157894736842 	 0.3215789757940077 	 0.254234061949075 	 10 	 0.0012178101534175132 	 0.999999443995564
10	3	1	10000	0.05263157894736842 	 0.321690944261004 	 0.25437344406761975 	 10 	 0.0012178285451948695 	 0.9999993656903431
10	4	1	100	0.05263157894736842 	 0.36340205918749613 	 0.2995494079759394 	 10 	 0.008955649968684525 	 0.9662311541885628
10	4	1	1000	0.05263157894736842 	 0.36341150254818316 	 0.2992642826779071 	 10 	 0.008919310835882415 	 0.9662311541877642
10	4	1	10000	0.05263157894736842 	 0.3634114374356075 	 0.2992333683236086 	 10 	 0.008915668427408992 	 0.9662311541877641
10	5	1	100	0.1111111111111111 	 0.36568698366373226 	 0.19736478559810325 	 10 	 0.004943643667639285 	 0.8185896032271485
10	5	1	1000	0.1111111111111111 	 0.3656876386224607 	 0.1973484665752925 	 10 	 0.004918679251206242 	 0.8185896032271485
10	5	1	10000	0.1111111111111111 	 0.36568741160020307 	 0.19734683404215062 	 10 	 0.004916182809562941 	 0.8185896032271486
10	6	1	100	0.0 	 0.2394956342915385 	 0.23472518924533153 	 10 	 0.0023769857883895215 	 1.0
10	6	1	1000	0.0 	 0.239496953267283 	 0.2342521502661698 	 10 	 0.0024139378256868202 	 1.0
10	6	1	10000	0.0 	 0.23949646430110572 	 0.23420486766308915 	 10 	 0.0024176332401641978 	 1.0
10	7	1	100	0.17647058823529413 	 0.22070167671413832 	 0.14808153531408438 	 10 	 0.0044532455956292315 	 0.7562781450396399
10	7	1	1000	0.17647058823529413 	 0.21760540957397784 	 0.1459012436910902 	 10 	 0.004388550514917066 	 0.7488576277470765
10	7	1	10000	0.17647058823529413 	 0.2175974919230514 	 0.14581489394744857 	 10 	 0.0043826101925142835 	 0.7490510456681752
10	8	1	100	0.1111111111111111 	 0.26847398504962866 	 0.30070145301577683 	 10 	 0.006090820322967715 	 0.8430120524837112
10	8	1	1000	0.1111111111111111 	 0.2684898923423136 	 0.3010743484813907 	 10 	 0.006123216393271972 	 0.8430120524837111
10	8	1	10000	0.1111111111111111 	 0.26848586398584945 	 0.3011116389383555 	 10 	 0.006126456000302397 	 0.8430120524837114
10	9	1	100	0.1111111111111111 	 0.30500471382226035 	 0.23838082223749443 	 10 	 0.00270866158184414 	 1.0000065419187214
10	9	1	1000	0.1111111111111111 	 0.30491658197933735 	 0.23809677471894333 	 10 	 0.0027023076613632373 	 1.0000063347044994
10	9	1	10000	0.1111111111111111 	 0.3048986550906862 	 0.23806838226770163 	 10 	 0.002701672113020759 	 1.0000063054561983
10	10	1	100	0.05263157894736842 	 0.23733156719066523 	 0.2568568344126542 	 10 	 0.0074617642928526354 	 0.9104185189574803
10	10	1	1000	0.05263157894736842 	 0.23639023809764484 	 0.2564659154091696 	 10 	 0.007453522951670994 	 0.9053124761970252
10	10	1	10000	0.05263157894736842 	 0.23961185882310182 	 0.25642656383549817 	 10 	 0.007452699006719199 	 0.9047941295893246
2	1	2	100	0.3333333333333333 	 0.062050665560840386 	 0.1785601774499611 	 2 	 0.004143076059207313 	 0.366662231239847
2	1	2	1000	0.3333333333333333 	 0.062048745803923555 	 0.1785601774499611 	 2 	 0.004143076059207313 	 0.366662231239847
2	1	2	10000	0.3333333333333333 	 0.062261747804129595 	 0.1785601774499611 	 2 	 0.004143076059207313 	 0.366662231239847
2	2	2	100	0.0 	 0.05823887701967082 	 0.04679847267397251 	 2 	 0.000634203006796527 	 1.0
2	2	2	1000	0.0 	 0.058234302127700636 	 0.046497121133491436 	 2 	 0.000634203006796527 	 1.0
2	2	2	10000	0.0 	 0.05823321093424388 	 0.04646699666815862 	 2 	 0.000634203006796527 	 1.0
2	3	2	100	0.0 	 0.0550578378564493 	 0.20068681827785348 	 2 	 0.004943708755795181 	 1.0
2	3	2	1000	0.0 	 0.055057816293613365 	 0.20068681869657443 	 2 	 0.004943709060476943 	 1.0
2	3	2	10000	0.0 	 0.05505781406481585 	 0.20068681873885974 	 2 	 0.0049437090912454506 	 1.0
2	4	2	100	0.3333333333333333 	 0.041206939935448335 	 0.09410648802005962 	 2 	 0.004083451136465367 	 0.36138542557718467
2	4	2	1000	0.3333333333333333 	 0.04121913186953772 	 0.09410648802005962 	 2 	 0.004083451136465367 	 0.36138542557718467
2	4	2	10000	0.3333333333333333 	 0.04052656193800408 	 0.09410648802005962 	 2 	 0.004083451136465367 	 0.36138542557718467
2	5	2	100	0.3333333333333333 	 0.08712411353676364 	 0.12161950271869322 	 2 	 0.0019135499568617537 	 0.20315548205660933
2	5	2	1000	0.3333333333333333 	 0.08712411353676364 	 0.12138611739392705 	 2 	 0.0019902716093312418 	 0.20315548205660933
2	5	2	10000	0.3333333333333333 	 0.08712411353676364 	 0.12136277204012716 	 2 	 0.0019979437745782066 	 0.20315548205660933
2	6	2	100	0.0 	 0.05285515774400739 	 0.12757668122060456 	 2 	 0.00306259133698084 	 1.0
2	6	2	1000	0.0 	 0.052991835387891484 	 0.12757668122060456 	 2 	 0.00306259133698084 	 1.0
2	6	2	10000	0.0 	 0.052936375833381365 	 0.12757668122060456 	 2 	 0.00306259133698084 	 1.0
2	7	2	100	0.3333333333333333 	 0.028674021722214657 	 0.02340204423784554 	 2 	 0.00028824349578429094 	 0.11463110487607542
2	7	2	1000	0.3333333333333333 	 0.028770632647781652 	 0.024207880624740857 	 2 	 0.000301502242784903 	 0.11580450398562958
2	7	2	10000	0.3333333333333333 	 0.028780307845368624 	 0.024288408218161 	 2 	 0.00030282811748496327 	 0.11592184389658491
2	8	2	100	0.3333333333333333 	 0.0558527341591941 	 0.23134277283125748 	 2 	 0.005357990866873832 	 1.0
2	8	2	1000	0.3333333333333333 	 0.05362995370824786 	 0.23134277283125748 	 2 	 0.005357990866873832 	 1.0
2	8	2	10000	0.3333333333333333 	 0.05604367341263548 	 0.23134277283125748 	 2 	 0.005357990866873832 	 1.0
2	9	2	100	0.3333333333333333 	 0.044069535301076525 	 0.022691239211628682 	 2 	 0.0035638572887039003 	 0.33565355019912163
2	9	2	1000	0.3333333333333333 	 0.04402552044906324 	 0.022293793098031308 	 2 	 0.003541220238434628 	 0.33365017125029095
2	9	2	10000	0.0 	 0.044020595231194413 	 0.026096984203762743 	 2 	 0.0054202223258896865 	 1.0
2	10	2	100	0.0 	 0.01596352378792178 	 0.016189423298194262 	 2 	 0.0002960401681348638 	 1.0
2	10	2	1000	0.0 	 0.01594170211756139 	 0.016189423298194262 	 2 	 0.0002960401681348638 	 1.0
2	10	2	10000	0.0 	 0.016577621971358415 	 0.016189423298194262 	 2 	 0.0002960401681348638 	 1.0
3	1	2	100	0.2 	 0.11117986710039102 	 0.2127500203876276 	 3 	 0.0050468634051849745 	 0.44160054795368586
3	1	2	1000	0.2 	 0.11118056547813565 	 0.2127500203876276 	 3 	 0.0050468634051849745 	 0.44160054795368586
3	1	2	10000	0.2 	 0.11118008381159852 	 0.2127500203876276 	 3 	 0.0050468634051849745 	 0.44160054795368586
3	2	2	100	0.2 	 0.09587973466983661 	 0.24272952570479348 	 3 	 0.0052186478824962895 	 1.0
3	2	2	1000	0.2 	 0.09435947394470803 	 0.24272952570479348 	 3 	 0.0052186478824962895 	 1.0
3	2	2	10000	0.2 	 0.09561391301689151 	 0.24272952570479348 	 3 	 0.0052186478824962895 	 1.0
3	3	2	100	0.2 	 0.09283438487806728 	 0.2121501513864767 	 3 	 0.006207043861830664 	 1.0000149628587047
3	3	2	1000	0.2 	 0.09324287867201822 	 0.21214959750124715 	 3 	 0.006206638875336318 	 0.9999972468068319
3	3	2	10000	0.2 	 0.09308861702018777 	 0.21214958696122077 	 3 	 0.0062065953869439895 	 0.9999953460452272
3	4	2	100	0.2 	 0.10974587530129863 	 0.25227488081793065 	 3 	 0.006958675145294743 	 0.6111577554348349
3	4	2	1000	0.2 	 0.10987629440181539 	 0.25227488081793065 	 3 	 0.006958675145294743 	 0.6111577554348349
3	4	2	10000	0.2 	 0.10988551870379569 	 0.25227488081793065 	 3 	 0.006958675145294743 	 0.6111577554348349
3	5	2	100	0.2 	 0.11866192125842555 	 0.15958117054408147 	 3 	 0.002919703339735595 	 0.32991965619128866
3	5	2	1000	0.2 	 0.11866192125842555 	 0.1595319261358727 	 3 	 0.002936765074188833 	 0.32991965619128866
3	5	2	10000	0.2 	 0.11866192125842555 	 0.15952700137764728 	 3 	 0.0029384712476340996 	 0.3299196561912887
3	6	2	100	0.0 	 0.09976191492768188 	 0.19200117156651564 	 3 	 0.006441390830820657 	 1.0
3	6	2	1000	0.0 	 0.10092989566060671 	 0.19200117156651564 	 3 	 0.006441390830820657 	 1.0
3	6	2	10000	0.0 	 0.09969970633091933 	 0.19200117156651564 	 3 	 0.006441390830820657 	 1.0
3	7	2	100	0.2 	 0.10338808894218604 	 0.16465509015592925 	 3 	 0.0026182057203299426 	 0.5770572446273592
3	7	2	1000	0.2 	 0.10338808894218604 	 0.16327103256944905 	 3 	 0.0025893038162618292 	 0.5714361934976266
3	7	2	10000	0.2 	 0.10338808894218604 	 0.16313257128026787 	 3 	 0.002585265393535741 	 0.5708740883846534
3	8	2	100	0.2 	 0.06611883388155172 	 0.19697822298156584 	 3 	 0.00532668392783972 	 0.8233263998568585
3	8	2	1000	0.2 	 0.06691950716628374 	 0.19666689383428787 	 3 	 0.005274527084780608 	 0.8187626760891862
3	8	2	10000	0.2 	 0.06690888223012013 	 0.19663574358313587 	 3 	 0.005269311400474691 	 0.8183063037124185
3	9	2	100	0.2 	 0.09703699349224787 	 0.22233812990354268 	 3 	 0.005738507717972593 	 1.0
3	9	2	1000	0.2 	 0.0970648697724014 	 0.22233812990354268 	 3 	 0.005738507717972593 	 1.0
3	9	2	10000	0.2 	 0.093736030340569 	 0.22233812990354268 	 3 	 0.005738507717972593 	 1.0
3	10	2	100	0.0 	 0.07004415538979955 	 0.1487666730206924 	 3 	 0.005245668790445012 	 1.0
3	10	2	1000	0.0 	 0.06921564044919594 	 0.1487666730206924 	 3 	 0.005245668790445012 	 1.0
3	10	2	10000	0.0 	 0.06952466173593415 	 0.1487666730206924 	 3 	 0.005245668790445012 	 1.0
5	1	2	100	0.0 	 0.18837848294840448 	 0.199805781860936 	 5 	 0.0034438884449157596 	 1.0
5	1	2	1000	0.0 	 0.18837879272630623 	 0.19978711616089467 	 5 	 0.003463060635480734 	 1.0
5	1	2	10000	0.0 	 0.1883786361492052 	 0.19978524964081343 	 5 	 0.0034649778545372354 	 1.0
5	2	2	100	0.1111111111111111 	 0.17837336515460725 	 0.27507386861075117 	 5 	 0.0031253438950291776 	 0.7950759543119198
5	2	2	1000	0.1111111111111111 	 0.17837395163713643 	 0.27422765794467086 	 5 	 0.0030996535278396725 	 0.7928794279172172
5	2	2	10000	0.1111111111111111 	 0.17837742931667566 	 0.2741430702515844 	 5 	 0.00309708449112072 	 0.7926597752777468
5	3	2	100	0.1111111111111111 	 0.19881764179032807 	 0.25072886193086474 	 5 	 0.00346439193026616 	 1.0
5	3	2	1000	0.1111111111111111 	 0.19883677539150427 	 0.2507322615181069 	 5 	 0.0034626253986869103 	 1.0
5	3	2	10000	0.1111111111111111 	 0.19882040268625695 	 0.25073260147513443 	 5 	 0.0034622018527840333 	 1.0
5	4	2	100	0.0 	 0.20782638032934106 	 0.26221214616943955 	 5 	 0.0038723711671476875 	 1.0
5	4	2	1000	0.0 	 0.21648860884505652 	 0.35333404331172497 	 5 	 0.005077101083084902 	 1.0
5	4	2	10000	0.0 	 0.21648860884505652 	 0.3532393042639341 	 5 	 0.005071650166837275 	 1.0
5	5	2	100	0.1111111111111111 	 0.2479762300100228 	 0.366650134012589 	 5 	 0.0015459301228699215 	 0.8524752741130008
5	5	2	1000	0.1111111111111111 	 0.24797454820439016 	 0.36747115476243875 	 5 	 0.0015223412541413514 	 0.8537084681781401
5	5	2	10000	0.1111111111111111 	 0.24797437532462974 	 0.3675532800696669 	 5 	 0.0015199823663587621 	 0.8538317875463003
5	6	2	100	0.0 	 0.13198369884003852 	 0.11047649565497972 	 5 	 0.002616746747015216 	 1.0
5	6	2	1000	0.0 	 0.1318579857187699 	 0.11016908869085239 	 5 	 0.0026030668384525134 	 1.0
5	6	2	10000	0.0 	 0.13135756606681961 	 0.11013834972356502 	 5 	 0.002601698847596243 	 1.0
5	7	2	100	0.25 	 0.13598177374346446 	 0.1602553064824162 	 5 	 0.0015789678940775233 	 0.735561828485039
5	7	2	1000	0.25 	 0.13598177374346446 	 0.15967604470172114 	 5 	 0.001539742724345595 	 0.7343435275322875
5	7	2	10000	0.25 	 0.13598177374346446 	 0.15961810612425603 	 5 	 0.001536603510251827 	 0.7342216974548261
5	8	2	100	0.1111111111111111 	 0.13402806356945585 	 0.22795262252349596 	 5 	 0.001482376512410157 	 0.9385006451690089
5	8	2	1000	0.1111111111111111 	 0.13403028514665852 	 0.22624940428710993 	 5 	 0.0012729753501732565 	 0.9354495358235966
5	8	2	10000	0.1111111111111111 	 0.13402885737511902 	 0.2260904436701273 	 5 	 0.0012736020007629726 	 0.9351597883362772
5	9	2	100	0.1111111111111111 	 0.1661240695926119 	 0.15158782504810583 	 5 	 0.0032704587924060977 	 1.0
5	9	2	1000	0.1111111111111111 	 0.16600173323645775 	 0.15169063431883778 	 5 	 0.003274241755441532 	 1.0
5	9	2	10000	0.1111111111111111 	 0.16610272697004833 	 0.15170091567292418 	 5 	 0.003274620051745076 	 1.0
5	10	2	100	0.0 	 0.09992810929622012 	 0.2170384086850725 	 5 	 0.005044569648752241 	 1.0
5	10	2	1000	0.0 	 0.09979317331578723 	 0.2170384086850725 	 5 	 0.005044569648752239 	 1.0
5	10	2	10000	0.0 	 0.09990992471607454 	 0.2170384086850725 	 5 	 0.00504456964875224 	 1.0
7	1	2	100	0.07692307692307693 	 0.19606035072399594 	 0.23175696456976214 	 7 	 0.006577575122663491 	 1.0
7	1	2	1000	0.07692307692307693 	 0.1952984060245475 	 0.23175696456976214 	 7 	 0.006577575122663491 	 1.0
7	1	2	10000	0.07692307692307693 	 0.19663151252554495 	 0.23175696456976214 	 7 	 0.006577575122663491 	 1.0
7	2	2	100	0.16666666666666666 	 0.1928318228767093 	 0.20323963406662982 	 7 	 0.002796422049669498 	 0.9148104882813589
7	2	2	1000	0.16666666666666666 	 0.1934902547212093 	 0.20257156807199742 	 7 	 0.0027964125645145083 	 0.9148104408987202
7	2	2	10000	0.16666666666666666 	 0.1935583465243495 	 0.20250478773927386 	 7 	 0.002796411614779315 	 0.9148104359790062
7	3	2	100	0.07692307692307693 	 0.20622907645777303 	 0.17588270329845176 	 7 	 0.003232125381332846 	 0.9121772342137154
7	3	2	1000	0.07692307692307693 	 0.20592991291264925 	 0.1758977582915745 	 7 	 0.0032334629657555943 	 0.9162195231993393
7	3	2	10000	0.07692307692307693 	 0.20589899656936989 	 0.17589928483296707 	 7 	 0.0032335967297205553 	 0.9166240710424063
7	4	2	100	0.07692307692307693 	 0.17238472265014737 	 0.203085770835709 	 7 	 0.0034363922114970984 	 1.0
7	4	2	1000	0.07692307692307693 	 0.17492957546996526 	 0.2028078337670788 	 7 	 0.003436392211497098 	 1.0
7	4	2	10000	0.07692307692307693 	 0.17345558068120537 	 0.20278004152810394 	 7 	 0.003436392211497098 	 1.0
7	5	2	100	0.07692307692307693 	 0.3243124117430005 	 0.32836936206333317 	 7 	 0.0029389693595499016 	 0.8710594171600144
7	5	2	1000	0.07692307692307693 	 0.32463700539790435 	 0.329190238611859 	 7 	 0.002970399645467738 	 0.8736838460341538
7	5	2	10000	0.07692307692307693 	 0.32465459621281145 	 0.3292723447042171 	 7 	 0.0029735426740595213 	 0.8739462889215678
7	6	2	100	0.0 	 0.2079751368596687 	 0.2429508374482111 	 7 	 0.0037759539842992674 	 1.0
7	6	2	1000	0.0 	 0.20797461940882528 	 0.24312094823557026 	 7 	 0.0037929478918042056 	 1.0
7	6	2	10000	0.0 	 0.20798438968666974 	 0.2431379594238314 	 7 	 0.003794647282554691 	 1.0
7	7	2	100	0.16666666666666666 	 0.24493822200428278 	 0.222480005180751 	 7 	 0.003014520962303764 	 0.6403208463626162
7	7	2	1000	0.16666666666666666 	 0.24493812177811428 	 0.22289691624476787 	 7 	 0.0030145209623037646 	 0.6426671599849136
7	7	2	10000	0.16666666666666666 	 0.24493821510539546 	 0.22293862822131447 	 7 	 0.003014520962303764 	 0.6429017913471422
7	8	2	100	0.16666666666666666 	 0.1541519311746731 	 0.19435811059413355 	 7 	 0.001542360662088216 	 0.8906468845232055
7	8	2	1000	0.16666666666666666 	 0.1541532590963497 	 0.19486994677200334 	 7 	 0.0015652401251512287 	 0.8918770981983933
7	8	2	10000	0.16666666666666666 	 0.15415339576852033 	 0.1949211414331492 	 7 	 0.0015675280716097985 	 0.8920001195772497
7	9	2	100	0.07692307692307693 	 0.26630935524444743 	 0.257554738747182 	 7 	 0.0013187249369199434 	 1.0000026892713172
7	9	2	1000	0.07692307692307693 	 0.26629734855893744 	 0.25749537624726915 	 7 	 0.0013058343937955147 	 1.0000027294845641
7	9	2	10000	0.07692307692307693 	 0.26629627503220993 	 0.2574894394619884 	 7 	 0.0013045453431361348 	 1.000002733644013
7	10	2	100	0.0 	 0.1653732708522403 	 0.22323872556121455 	 7 	 0.006095646180388814 	 1.0
7	10	2	1000	0.0 	 0.1656793385916483 	 0.22323872556121455 	 7 	 0.006095646180388814 	 1.0
7	10	2	10000	0.0 	 0.16596071210702465 	 0.22323872556121455 	 7 	 0.006095646180388814 	 1.0
10	1	2	100	0.17647058823529413 	 0.22963143821384266 	 0.1671082276529873 	 10 	 0.0015203162009748208 	 0.7759878536063407
10	1	2	1000	0.17647058823529413 	 0.22243575496167992 	 0.1520872844571446 	 10 	 0.004481278268732619 	 0.7560185070823631
10	1	2	10000	0.17647058823529413 	 0.2223618554890714 	 0.15205939461481982 	 10 	 0.0044819934274386245 	 0.7561757808739166
10	2	2	100	0.1111111111111111 	 0.276144201155256 	 0.2161762718139935 	 10 	 0.0021065659637325832 	 0.8401387102395592
10	2	2	1000	0.1111111111111111 	 0.27583361880428087 	 0.21554973007548242 	 10 	 0.0020606449188790648 	 0.8365697874784627
10	2	2	10000	0.1111111111111111 	 0.2758339020784051 	 0.21548822287811675 	 10 	 0.0020560373561901175 	 0.8362128126853761
10	3	2	100	0.1111111111111111 	 0.308839928997484 	 0.21664614735760704 	 10 	 0.0033275141337964663 	 0.8397042318830035
10	3	2	1000	0.05263157894736842 	 0.3118219656141897 	 0.17600023219969943 	 10 	 0.001988466459272648 	 0.9523627333610333
10	3	2	10000	0.05263157894736842 	 0.3118220105922526 	 0.17605716432634402 	 10 	 0.001990594626540097 	 0.9523051470926918
10	4	2	100	0.05263157894736842 	 0.31354039041261367 	 0.21697236683659885 	 10 	 0.003417537011179806 	 1.000000823261402
10	4	2	1000	0.05263157894736842 	 0.3137301553055126 	 0.21708059963665877 	 10 	 0.0034229484064197332 	 1.0000008978870232
10	4	2	10000	0.05263157894736842 	 0.31374793636624276 	 0.21709142283701863 	 10 	 0.0034234895858563747 	 1.0000009055604626
10	5	2	100	0.1111111111111111 	 0.3237952300513395 	 0.23882427380899643 	 10 	 0.002559438623899014 	 0.8628687020376502
10	5	2	1000	0.1111111111111111 	 0.32379583132174494 	 0.23911360060684708 	 10 	 0.00259706039915353 	 0.8645722756519314
10	5	2	10000	0.1111111111111111 	 0.3237953438881364 	 0.2391425569706658 	 10 	 0.0026013499311463625 	 0.8647426330133603
10	6	2	100	0.05263157894736842 	 0.23750588494244013 	 0.19761050275093225 	 10 	 0.002217592463003943 	 0.9956628080238007
10	6	2	1000	0.05263157894736842 	 0.2375045946608881 	 0.19787324781715585 	 10 	 0.002221370798060088 	 0.9974290353154797
10	6	2	10000	0.05263157894736842 	 0.23750448995395101 	 0.19789952642484673 	 10 	 0.0022217486352595446 	 0.9976056580524699
10	7	2	100	0.1111111111111111 	 0.2573536595136718 	 0.21482443836642343 	 10 	 0.0043105827420983935 	 0.6916818458465352
10	7	2	1000	0.1111111111111111 	 0.2573534249069445 	 0.21572044706192856 	 10 	 0.004370203010868561 	 0.6916818458465352
10	7	2	10000	0.1111111111111111 	 0.2573526434298407 	 0.21581009159760728 	 10 	 0.004376165037745584 	 0.6916818458465352
10	8	2	100	0.17647058823529413 	 0.2380895796074669 	 0.1808840876598982 	 10 	 0.0031534715879277322 	 0.7928731950146196
10	8	2	1000	0.17647058823529413 	 0.23810608462834476 	 0.18058644312629885 	 10 	 0.003097364329491382 	 0.7928744457825618
10	8	2	10000	0.17647058823529413 	 0.23809744073527228 	 0.1805566224994925 	 10 	 0.0030917422129409762 	 0.7928742122723983
10	9	2	100	0.05263157894736842 	 0.3148052669925683 	 0.2502288614101711 	 10 	 0.001851743413326432 	 1.0000033759090539
10	9	2	1000	0.05263157894736842 	 0.31478318987146425 	 0.2501414831356556 	 10 	 0.001839968431862019 	 1.0000033577154184
10	9	2	10000	0.05263157894736842 	 0.3147809549538778 	 0.2501327458754814 	 10 	 0.0018387908979944348 	 1.0000033558540156
10	10	2	100	0.05263157894736842 	 0.20648924509220953 	 0.20598218161712092 	 10 	 0.0077967407275779405 	 1.0
10	10	2	1000	0.05263157894736842 	 0.20615449923466 	 0.20598218161712092 	 10 	 0.007796740727577941 	 1.0
10	10	2	10000	0.05263157894736842 	 0.205713402022489 	 0.20598218161712092 	 10 	 0.007796740727577941 	 1.0
