2	1	0	0	1.0 	 1.5083516107292553e-13 	 1.0057507036578805e-12 	 2 	 3.34066718122361e-13 	 1.5200035674567403e-11
2	2	0	0	1.0 	 0.0045046645667402106 	 0.02292230575712105 	 2 	 0.002523037430421267 	 0.11479820573341185
2	3	0	0	1.0 	 5.7566943267622804e-11 	 3.6966990031372577e-10 	 2 	 1.0489697450094004e-10 	 4.772812339792768e-09
2	4	0	0	1.0 	 7.992206712070303e-11 	 5.855740652154837e-10 	 2 	 1.5815763777991644e-10 	 7.196172518986186e-09
2	5	0	0	1.0 	 4.705189507173315e-15 	 3.756471844518883e-14 	 2 	 3.2907132452419866e-15 	 1.4972745265851015e-13
2	6	0	0	1.0 	 1.7138210929745468e-17 	 4.95223908739219e-17 	 2 	 0.0 	 0.0
2	7	0	0	1.0 	 1.0094915629302707e-10 	 2.1218525089509165e-10 	 2 	 2.458659283492326e-11 	 1.1186899739890064e-09
2	8	0	0	1.0 	 1.126450628207054e-12 	 7.472913882851559e-12 	 2 	 1.4629451496371274e-12 	 6.65640043084892e-11
2	9	0	0	1.0 	 2.1824861927613052e-10 	 2.3013581205672916e-10 	 2 	 1.0473797794417699e-10 	 4.765577996460042e-09
2	10	0	0	1.0 	 4.0748324395887063e-13 	 2.1664043949299265e-13 	 2 	 1.760519385951445e-14 	 8.010363206079063e-13
3	1	0	0	1.0 	 6.640894606169311e-12 	 4.0928338709937724e-11 	 3 	 5.423135723264125e-12 	 2.413295396852533e-10
3	2	0	0	1.0 	 0.004991858609842567 	 0.015489333381187917 	 3 	 0.001603741573913366 	 0.07136649923553952
3	3	0	0	1.0 	 6.5330626970086856e-09 	 2.2538384912151874e-08 	 3 	 4.073536888266862e-09 	 1.8127239152787554e-07
3	4	0	0	1.0 	 2.0813830762744217e-10 	 9.545747645922024e-10 	 3 	 2.5711163815977633e-10 	 1.1441467898110073e-08
3	5	0	0	1.0 	 9.42517332498859e-15 	 1.087421359762236e-13 	 3 	 5.6870862576023596e-15 	 2.5307533846330443e-13
3	6	0	0	1.0 	 1.153468902761233e-11 	 5.823157711550307e-11 	 3 	 3.437308459087886e-11 	 1.5296022642941054e-09
3	7	0	0	1.0 	 9.827774822442694e-05 	 0.00010786268759240179 	 3 	 2.1545104352408138e-05 	 0.0009587571436818268
3	8	0	0	1.0 	 3.8710102259923475e-08 	 2.2760951399177785e-07 	 3 	 1.9077383054312618e-07 	 8.489435459169294e-06
3	9	0	0	1.0 	 1.5732145857752794e-09 	 8.002489611005556e-10 	 3 	 3.694453332522352e-10 	 1.6440317329724508e-08
3	10	0	0	1.0 	 3.665581025215954e-12 	 1.7059194990715362e-12 	 3 	 3.9198374961019796e-13 	 1.744327685765379e-11
2	1	1	100	1.0 	 0.00018300471192876676 	 0.0014413703849903959 	 2 	 0.000546982380370377 	 0.024887698306852113
2	1	1	1000	1.0 	 1.8665769325257743e-05 	 0.00014835620167682467 	 2 	 5.4698238273361596e-05 	 0.002488769841437949
2	1	1	10000	1.0 	 1.8707535785119307e-06 	 1.4880593620616389e-05 	 2 	 5.469824063155033e-06 	 0.0002488769948735537
2	2	1	100	0.3333333333333333 	 0.00037201197048637144 	 0.009301636048561567 	 2 	 0.000931928238470475 	 0.19383707674973127
2	2	1	1000	0.3333333333333333 	 0.00027446262229474113 	 0.007351050510462739 	 2 	 0.0007452873628765582 	 0.19383707674973125
2	2	1	10000	0.3333333333333333 	 0.0002645991056409025 	 0.007155003496748554 	 2 	 0.0007266232753171656 	 0.19383707674973125
2	3	1	100	0.3333333333333333 	 0.04788464667383646 	 0.008535060716861675 	 2 	 0.002073840486547681 	 0.10601279029215041
2	3	1	1000	1.0 	 0.00011152283590503453 	 0.00022484503615997846 	 2 	 3.384074026450546e-05 	 0.0015397536820349988
2	3	1	10000	1.0 	 1.1281372590769224e-05 	 2.2729593251617206e-05 	 2 	 3.3843569372275394e-06 	 0.0001539882406438531
2	4	1	100	0.3333333333333333 	 0.00046766452207101897 	 0.001924117221846953 	 2 	 3.6622766656954286e-05 	 0.45104118601182985
2	4	1	1000	1.0 	 2.505693664049744e-05 	 0.00011325911676654227 	 2 	 9.346428277724474e-06 	 0.00042526248663646293
2	4	1	10000	1.0 	 2.503718106653001e-06 	 1.1327143943593173e-05 	 2 	 9.347224429913216e-07 	 4.252987115610507e-05
2	5	1	100	1.0 	 0.0009963050017745714 	 0.0045218752315812774 	 2 	 0.0003858300764957471 	 0.01755526848055647
2	5	1	1000	1.0 	 0.00010564312454498959 	 0.00047804960369662663 	 2 	 3.858300765895945e-05 	 0.0017555268484826527
2	5	1	10000	1.0 	 1.0628779967540833e-05 	 4.808189310447674e-05 	 2 	 3.8583007752917875e-06 	 0.00017555268527577608
2	6	1	100	1.0 	 0.0004960613960811519 	 0.0017022697669566835 	 2 	 7.881377766695409e-06 	 0.0003586026883846405
2	6	1	1000	1.0 	 4.958921613056801e-05 	 0.00017039077177492687 	 2 	 7.881377766680157e-07 	 3.586026883839466e-05
2	6	1	10000	1.0 	 4.958752628407641e-06 	 1.704071661473936e-05 	 2 	 7.881377766716758e-08 	 3.5860268838561193e-06
2	7	1	100	0.3333333333333333 	 0.005192270988469615 	 0.005938799034796135 	 2 	 0.0003461272118830298 	 0.10701056801403384
2	7	1	1000	1.0 	 0.0001383004472837592 	 0.00013791771320828636 	 2 	 4.96206626194297e-06 	 0.00022577401491840482
2	7	1	10000	1.0 	 1.3856243716779503e-05 	 1.3793145157614375e-05 	 2 	 4.962082421529308e-07 	 2.2577475017958315e-05
2	8	1	100	1.0 	 6.983154998117112e-05 	 0.0008563596511598588 	 2 	 0.0003096329900930378 	 0.014088301049233198
2	8	1	1000	1.0 	 6.865796616515656e-06 	 8.562667845721705e-05 	 2 	 3.0963300394577236e-05 	 0.0014088301679532624
2	8	1	10000	1.0 	 6.854567126185485e-07 	 8.562572962165394e-06 	 2 	 3.096331424733562e-06 	 0.00014088307982537684
2	9	1	100	0.3333333333333333 	 0.0007136667345384798 	 0.0024238547273624923 	 2 	 7.422460359748836e-05 	 0.32725534178178056
2	9	1	1000	1.0 	 4.894369042954022e-05 	 0.00019558776464797498 	 2 	 2.024408675145602e-05 	 0.0009211059471912473
2	9	1	10000	1.0 	 4.903149842918233e-06 	 1.9616119725790103e-05 	 2 	 2.0244434347148173e-06 	 9.211217627952402e-05
2	10	1	100	1.0 	 0.0008112948109370305 	 0.005160530163080614 	 2 	 0.00038492231305166207 	 0.017513965243850602
2	10	1	1000	1.0 	 7.930363559469417e-05 	 0.0005195239051175651 	 2 	 3.849223130121925e-05 	 0.001751396524205473
2	10	1	10000	1.0 	 7.913049629752196e-06 	 5.198824084995253e-05 	 2 	 3.849223126183805e-06 	 0.00017513965224136285
3	1	1	100	0.5 	 0.0013794965434956222 	 0.006498796134982357 	 3 	 0.0005330784604687682 	 0.2767734629096835
3	1	1	1000	1.0 	 2.2013904551207243e-05 	 0.0002497630473818968 	 3 	 5.9388024211772325e-05 	 0.002642767077423863
3	1	1	10000	1.0 	 2.1973009261767973e-06 	 2.5118644733324003e-05 	 3 	 5.938801654841111e-06 	 0.00026427667364042895
3	2	1	100	0.5 	 0.0011509762626705916 	 0.008649355771449372 	 3 	 0.0009995373799651318 	 0.12755014482167842
3	2	1	1000	0.5 	 0.0003415866061263576 	 0.005629612455165451 	 3 	 0.0005386925481086563 	 0.1275501448216784
3	2	1	10000	1.0 	 0.00564643286028465 	 0.034556886937255796 	 3 	 0.003641294269425468 	 0.24097259194617132
3	3	1	100	0.5 	 0.0546430659275231 	 0.010458475970565435 	 3 	 0.0014151527354272482 	 0.07301256786629287
3	3	1	1000	1.0 	 0.0006492369348427475 	 0.002261920047057551 	 3 	 0.0004547956201779341 	 0.020238405097918178
3	3	1	10000	1.0 	 6.999688326081458e-05 	 0.00023456415960236394 	 3 	 4.5484214870171765e-05 	 0.0020240475617226555
3	4	1	100	0.5 	 0.0005845780373154546 	 0.0019705916870880373 	 3 	 0.0001465411252351444 	 0.3729503015080559
3	4	1	1000	1.0 	 3.1128207993766596e-05 	 0.00010824563375437147 	 3 	 1.021094656281711e-05 	 0.0004543871220453606
3	4	1	10000	1.0 	 3.115282400748402e-06 	 1.082505794802196e-05 	 3 	 1.0209270533253223e-06 	 4.543125387297676e-05
3	5	1	100	1.0 	 0.001372380806204448 	 0.015724163584436634 	 3 	 0.0006771278167003715 	 0.0301321878431665
3	5	1	1000	1.0 	 0.00014798881792533049 	 0.0017184487334179007 	 3 	 6.771278171191061e-05 	 0.0030132187861800185
3	5	1	10000	1.0 	 1.4917130409570258e-05 	 0.00017347710023715243 	 3 	 6.771278213059014e-06 	 0.00030132188048112574
3	6	1	100	1.0 	 0.0016955985726767441 	 0.003916826879848051 	 3 	 0.0019700893126722374 	 0.08766897441391501
3	6	1	1000	1.0 	 0.00012232515526945192 	 0.00039196890358705503 	 3 	 0.00019700800953389546 	 0.008766856424258382
3	6	1	10000	1.0 	 1.1915545926467983e-05 	 3.91991721821286e-05 	 3 	 1.969988061833512e-05 	 0.0008766446875159164
3	7	1	100	0.5 	 0.00864213485966389 	 0.004368355755804578 	 3 	 0.00014488765267584562 	 0.058371613578964095
3	7	1	1000	1.0 	 0.0006483918705656055 	 0.0027513690220048338 	 3 	 0.0005377933645015034 	 0.023931804720311263
3	7	1	10000	1.0 	 5.805314239376932e-05 	 0.00023911222509623103 	 3 	 4.648225064785518e-05 	 0.0020684601538292465
3	8	1	100	0.5 	 0.002029066200467575 	 0.004369400043291769 	 3 	 0.0035792683243381224 	 0.27457705148855255
3	8	1	1000	1.0 	 2.106655172850798e-05 	 0.0001909151178326705 	 3 	 0.00016016815700345527 	 0.00712748298665341
3	8	1	10000	1.0 	 2.0446348603128687e-06 	 1.889160282093069e-05 	 3 	 1.5634241391593017e-05 	 0.0006957237419258587
3	9	1	100	0.5 	 0.0030660354200339832 	 0.009451860177989907 	 3 	 0.0009366698356124438 	 0.4500388715290627
3	9	1	1000	1.0 	 4.155973868803037e-05 	 0.00022918683015944638 	 3 	 0.00011659985814001475 	 0.0051886936872306685
3	9	1	10000	1.0 	 4.079287394319154e-06 	 2.2919372032203145e-05 	 3 	 1.1659841163526138e-05 	 0.0005188629317769143
3	10	1	100	1.0 	 0.0012891609742369699 	 0.005053041364990509 	 3 	 0.0008631042462479551 	 0.03840813895803404
3	10	1	1000	1.0 	 0.00012559326326764996 	 0.0005187519318838612 	 3 	 8.631042285888656e-05 	 0.0038408138172204564
3	10	1	10000	1.0 	 1.2532726280523388e-05 	 5.2023133478696805e-05 	 3 	 8.631040517183124e-06 	 0.0003840813030146495
2	1	2	100	1.0 	 0.00014500274946442897 	 0.0005646735791856451 	 2 	 2.041978071111651e-05 	 0.0009291000223557999
2	1	2	1000	1.0 	 1.4523883587159629e-05 	 5.649522494164548e-05 	 2 	 2.041978371805065e-06 	 9.291001591713033e-05
2	1	2	10000	1.0 	 1.4526251029821748e-06 	 5.649801536908461e-06 	 2 	 2.0419813839273629e-07 	 9.291015296869487e-06
2	2	2	100	0.3333333333333333 	 0.04888808807248736 	 0.01710019212985504 	 2 	 0.0010160569051429747 	 0.056126966101492586
2	2	2	1000	0.3333333333333333 	 0.00496789880149074 	 0.031064057932942892 	 2 	 0.0035358654645156955 	 0.9438730338985074
2	2	2	10000	1.0 	 0.00450414501697881 	 0.022922097412089813 	 2 	 0.0025231190179543653 	 0.11480191796674213
2	3	2	100	0.3333333333333333 	 0.0005108849676957428 	 0.0024360274622311955 	 2 	 0.0003334678714326432 	 0.4375072662407876
2	3	2	1000	1.0 	 2.2345227712664836e-05 	 0.00011840725998895766 	 2 	 1.69816763964909e-05 	 0.0007726662760403352
2	3	2	10000	1.0 	 2.2335088420299464e-06 	 1.1841907796223003e-05 	 2 	 1.6982620387001808e-06 	 7.727092276085817e-05
2	4	2	100	1.0 	 3.9178042611791045e-05 	 0.00029202263931116934 	 2 	 7.589918600798217e-05 	 0.003453412963363182
2	4	2	1000	1.0 	 3.920859510747816e-06 	 2.934944612923582e-05 	 2 	 7.589776258747922e-06 	 0.00034533481977302977
2	4	2	10000	1.0 	 3.9204695185722415e-07 	 2.93590246800759e-06 	 2 	 7.58835251002034e-07 	 3.4527003920592485e-05
2	5	2	100	1.0 	 0.0010493651941736216 	 0.0020161005794119427 	 2 	 1.1147567206139945e-07 	 5.072143078793667e-06
2	5	2	1000	1.0 	 0.00010493864171296105 	 0.00020197633965098643 	 2 	 1.1147570142008831e-08 	 5.07214441461401e-07
2	5	2	10000	1.0 	 1.0493885395299962e-05 	 2.0201304131067046e-05 	 2 	 1.1147599562003965e-09 	 5.072157800711796e-08
2	6	2	100	1.0 	 4.428543444357703e-05 	 0.0011820226314678706 	 2 	 8.572524140965844e-05 	 0.003900498484139453
2	6	2	1000	1.0 	 4.371452060258173e-06 	 0.00011810269479625048 	 2 	 8.572524140966027e-06 	 0.0003900498484139536
2	6	2	10000	1.0 	 4.3658244563008593e-07 	 1.1809274718733061e-05 	 2 	 8.572524141018487e-07 	 3.900498484163406e-05
2	7	2	100	1.0 	 0.0010113437795472894 	 0.002466931343932934 	 2 	 0.00046944788661523886 	 0.021359878840993333
2	7	2	1000	1.0 	 0.0001220275786408769 	 0.0002792804932720696 	 2 	 4.694481079289695e-05 	 0.002135988891076808
2	7	2	10000	1.0 	 1.2461332901947814e-05 	 2.8331191286269804e-05 	 2 	 4.694503206585829e-06 	 0.00021359989589965484
2	8	2	100	1.0 	 0.00019455642238049253 	 0.0009449952301339963 	 2 	 6.237546307961294e-05 	 0.002838083570122385
2	8	2	1000	1.0 	 1.941015830889848e-05 	 9.457123598893224e-05 	 2 	 6.237547624727527e-06 	 0.00028380841692510206
2	8	2	10000	1.0 	 1.9405673180535904e-06 	 9.457845480993952e-06 	 2 	 6.237560789393466e-07 	 2.8380901591740226e-05
2	9	2	100	0.3333333333333333 	 0.038997037068677215 	 0.0034017746100358853 	 2 	 0.0002956889486750348 	 0.020252180148826585
2	9	2	1000	1.0 	 0.00010287216627613621 	 0.00011353306698697205 	 2 	 2.5861565713501114e-05 	 0.0011767012399642978
2	9	2	10000	1.0 	 9.788133783955018e-06 	 1.1354133071221246e-05 	 2 	 2.586062377785911e-06 	 0.00011766583818925865
2	10	2	100	0.3333333333333333 	 0.0052099276515042954 	 0.0019180466875545047 	 2 	 8.319564860786447e-05 	 0.026199554879935395
2	10	2	1000	1.0 	 0.0010609761663385568 	 0.0005195474357864335 	 2 	 3.820105861524599e-05 	 0.0017381481669936898
2	10	2	10000	1.0 	 9.976344495013011e-05 	 5.1972716403778846e-05 	 2 	 3.82010584568326e-06 	 0.0001738148159785881
3	1	2	100	1.0 	 0.0012502674619048813 	 0.004582500956938311 	 3 	 0.00033585933848908397 	 0.014945740562764253
3	1	2	1000	1.0 	 0.0001312755207299827 	 0.0004779523072019505 	 3 	 3.358592896775115e-05 	 0.0014945738390649281
3	1	2	10000	1.0 	 1.3194104622792788e-05 	 4.800330935346344e-05 	 3 	 3.358588015749818e-06 	 0.0001494571667008671
3	2	2	100	0.5 	 0.03931620955618712 	 0.008916443114253698 	 3 	 0.0005044996784862512 	 0.03014603499860182
3	2	2	1000	1.0 	 0.00496271350154268 	 0.01556565830999796 	 3 	 0.0016125296394495859 	 0.0717575681654966
3	2	2	10000	1.0 	 0.0049889414101872125 	 0.015496963057717656 	 3 	 0.0016046203782547836 	 0.07140560603008324
3	3	2	100	1.0 	 0.002568963583300025 	 0.006274633903904416 	 3 	 0.0008356351054896638 	 0.03718576219429005
3	3	2	1000	1.0 	 0.00021454479738078905 	 0.0006320475952583091 	 3 	 8.356003711979017e-05 	 0.0037184216518306675
3	3	2	10000	1.0 	 2.1110280108260876e-05 	 6.323317055953055e-05 	 3 	 8.352530493883367e-06 	 0.0003716876069778103
3	4	2	100	0.2 	 0.0008125055728384373 	 0.002493688398996366 	 3 	 0.0002786547656816324 	 0.6088840752132911
3	4	2	1000	1.0 	 5.351758405963122e-05 	 0.0001616535904734382 	 3 	 1.5192894939876256e-05 	 0.0006760838248244946
3	4	2	10000	1.0 	 5.356123680115474e-06 	 1.618618813561058e-05 	 3 	 1.5195209093179384e-06 	 6.761868046464839e-05
3	5	2	100	1.0 	 0.0006585609322389975 	 0.008707308788699596 	 3 	 0.00025506546048825436 	 0.016317909161694982
3	5	2	1000	1.0 	 6.246500998426461e-05 	 0.0008829134992844921 	 3 	 3.666945878196448e-05 	 0.001631790915797418
3	5	2	10000	1.0 	 6.216186366792517e-06 	 8.841632005655048e-05 	 3 	 3.6669458698539022e-06 	 0.0001631790912084985
3	6	2	100	1.0 	 0.0003463789837599061 	 0.0011503013206558728 	 3 	 0.00023840112531974016 	 0.010608850076728418
3	6	2	1000	1.0 	 3.463421990267963e-05 	 0.00011636709745274252 	 3 	 2.384014031687022e-05 	 0.001060886244100723
3	6	2	10000	1.0 	 3.463456722136228e-06 	 1.1650437047949658e-05 	 3 	 2.384043328472618e-06 	 0.00010608992811703133
3	7	2	100	0.5 	 0.00396639397876323 	 0.006325279523244211 	 3 	 0.002612030115927191 	 0.3386350491022254
3	7	2	1000	1.0 	 0.001431214142148991 	 0.0017606481543796925 	 3 	 0.0004618868720710722 	 0.020553965807157275
3	7	2	10000	1.0 	 0.00026431784351103687 	 0.000306512802378101 	 3 	 6.558931543240949e-05 	 0.002918724536741225
3	8	2	100	0.5 	 0.0016704285034917375 	 0.005235885014715589 	 3 	 0.0036790706752863355 	 0.3495820811754517
3	8	2	1000	1.0 	 6.204600267734768e-05 	 0.00035206830071616045 	 3 	 0.0002217522480759223 	 0.011429983693812538
3	8	2	10000	1.0 	 6.23242849034701e-06 	 3.58660259176999e-05 	 3 	 1.389455212010921e-05 	 0.0011507139044438705
3	9	2	100	0.5 	 0.015001566022939828 	 0.0020250855446876702 	 3 	 0.0004515108384854006 	 0.024049127545750105
3	9	2	1000	1.0 	 0.002019364095048873 	 0.0003415559164127389 	 3 	 0.00011545331614652056 	 0.005137672568520178
3	9	2	10000	1.0 	 0.00010894359388942152 	 3.437470405007276e-05 	 3 	 1.1545077638811996e-05 	 0.000513755954927135
3	10	2	100	0.5 	 0.0082196530432046 	 0.00210659715856048 	 3 	 0.00010064725543992273 	 0.01556941723359772
3	10	2	1000	0.5 	 0.0028233513538627824 	 0.0006613885792160412 	 3 	 5.661294640287604e-05 	 0.014787143844066559
3	10	2	10000	1.0 	 0.00023226336647010111 	 6.4216120527804e-05 	 3 	 5.516083109512124e-06 	 0.00024546569837329
