2	1	0	0	0.0 	 0.009831674502868435 	 0.03028430972920012 	 2 	 0.005004912020063485 	 1.0
2	2	0	0	0.0 	 0.0074691011940414736 	 0.09011279496283692 	 2 	 0.00720070337810202 	 1.0
2	3	0	0	0.0 	 0.009388351303574074 	 0.02615734309117114 	 2 	 0.006946722975277438 	 1.0
2	4	0	0	0.0 	 0.006559849385904761 	 0.01869305596748547 	 2 	 0.004347259502866854 	 1.0
2	5	0	0	0.3333333333333333 	 0.0014414845021820683 	 0.009949516197986527 	 2 	 0.0007680578305926055 	 0.2381021071997905
2	6	0	0	0.0 	 0.04421463622704553 	 0.09701109180108547 	 2 	 0.005956908424677023 	 1.0
2	7	0	0	0.3333333333333333 	 0.0020696214309989663 	 0.0088584347186095 	 2 	 0.00032794803383705837 	 0.9108784445008342
2	8	0	0	0.0 	 0.008511666041590673 	 0.030667138496274296 	 2 	 0.0056248125918778235 	 1.0
2	9	0	0	0.0 	 0.011932472649845921 	 0.04734041355783294 	 2 	 0.004267170155249906 	 1.0
2	10	0	0	0.0 	 0.021643896740346454 	 0.042680891186144314 	 2 	 0.0037278152776458527 	 1.0
3	1	0	0	0.0 	 0.042529999776174235 	 0.05335319063260491 	 3 	 0.009923677254640592 	 1.0
3	2	0	0	0.0 	 0.04203397743318385 	 0.07721171724262064 	 3 	 0.005590851669798361 	 1.0
3	3	0	0	0.0 	 0.01828915349952412 	 0.031239598388060594 	 3 	 0.004217945727998681 	 1.0
3	4	0	0	0.0 	 0.043858450298474225 	 0.1141605375643207 	 3 	 0.01368278820704025 	 1.0
3	5	0	0	0.2 	 0.009429945252643361 	 0.09124628241656474 	 3 	 0.00340050962672386 	 0.37911326560590786
3	6	0	0	0.0 	 0.04563077696501582 	 0.06808163074401549 	 3 	 0.006615815971661693 	 1.0
3	7	0	0	0.2 	 0.006554835624320166 	 0.01123393429844164 	 3 	 0.003332366128250386 	 0.9410581268233611
3	8	0	0	0.0 	 0.010854306042917337 	 0.011692358183953354 	 3 	 0.007204454327805433 	 1.0
3	9	0	0	0.0 	 0.012743982451456099 	 0.02402783334868635 	 3 	 0.011283582591519146 	 1.0
3	10	0	0	0.0 	 0.024624357942420468 	 0.027201098006389594 	 3 	 0.001926738626003669 	 1.0
5	1	0	0	0.1111111111111111 	 0.05434697470996092 	 0.08491037366422204 	 5 	 0.009415717642103864 	 0.7456200889329749
5	2	0	0	0.0 	 0.049886263764844126 	 0.18922686777944084 	 5 	 0.010616306174097001 	 1.0
5	3	0	0	0.0 	 0.02100400555851508 	 0.01992465593832147 	 5 	 0.006386826458540596 	 1.0
5	4	0	0	0.0 	 0.05955989277565302 	 0.14261031048231249 	 5 	 0.017100599552707173 	 1.0
5	5	0	0	0.1111111111111111 	 0.05751092795559743 	 0.16563368397415262 	 5 	 0.007677172049437171 	 0.7250713782412914
5	6	0	0	0.0 	 0.06456680539960803 	 0.07266354074541753 	 5 	 0.008239645132523435 	 1.0
5	7	0	0	0.25 	 0.044512843492118634 	 0.0646587520426556 	 5 	 0.014764662972285172 	 0.9539200076535749
5	8	0	0	0.0 	 0.027865737232662505 	 0.02430193457801429 	 5 	 0.008869833745690623 	 1.0
5	9	0	0	0.1111111111111111 	 0.021615966143343948 	 0.029789302277577995 	 5 	 0.007195238268801951 	 0.895768363210661
5	10	0	0	0.0 	 0.034856289767292964 	 0.028583313618844804 	 5 	 0.004825933999212488 	 1.0
7	1	0	0	0.16666666666666666 	 0.069237347214046 	 0.06155362973012375 	 7 	 0.009725065146553104 	 0.666844010999445
7	2	0	0	0.0 	 0.07817165978903777 	 0.15697263451101204 	 7 	 0.014560368102036342 	 1.0
7	3	0	0	0.0 	 0.047363719277986875 	 0.02393639549230131 	 7 	 0.009524746664515922 	 1.0
7	4	0	0	0.0 	 0.0835325175612048 	 0.12188630634091467 	 7 	 0.015901264128466912 	 1.0
7	5	0	0	0.16666666666666666 	 0.08765221277498603 	 0.15367023351345574 	 7 	 0.016139004483061187 	 0.7287663478698427
7	6	0	0	0.07692307692307693 	 0.08590820915012935 	 0.05521993307471992 	 7 	 0.007519431140913656 	 0.9874418833631511
7	7	0	0	0.16666666666666666 	 0.08168222687278914 	 0.09163279429912985 	 7 	 0.017880935154229664 	 0.9665129656560724
7	8	0	0	0.0 	 0.07969886239722337 	 0.05698198429199381 	 7 	 0.015335341646119143 	 1.0
7	9	0	0	0.07692307692307693 	 0.07530376587116316 	 0.11959816494092239 	 7 	 0.005142865203365139 	 0.9303371325286532
7	10	0	0	0.16666666666666666 	 0.054214372339510944 	 0.027112752608692895 	 7 	 0.006206679440313269 	 0.8634126745823735
10	1	0	0	0.17647058823529413 	 0.10648473020253939 	 0.04671564558038762 	 10 	 0.0077140421905795365 	 0.6858826226594975
10	2	0	0	0.1111111111111111 	 0.09281746931329594 	 0.11595782020083097 	 10 	 0.01143897405140335 	 0.8741922273304614
10	3	0	0	0.17647058823529413 	 0.0934191887705699 	 0.0402753707609178 	 10 	 0.009770728155006009 	 0.8493365142485444
10	4	0	0	0.0 	 0.1400636265727704 	 0.1105237761303445 	 10 	 0.01983043464385352 	 1.0
10	5	0	0	0.17647058823529413 	 0.14972151007530776 	 0.1420124182584374 	 10 	 0.018318252162858636 	 0.7473279922795864
10	6	0	0	0.17647058823529413 	 0.09793289544911286 	 0.11205214947163823 	 10 	 0.01174982669391664 	 0.9380873001471218
10	7	0	0	0.1111111111111111 	 0.1009959103569555 	 0.0776530108121561 	 10 	 0.021320154668626638 	 1.0000174199946872
10	8	0	0	0.0 	 0.10706255687717954 	 0.04516402258781336 	 10 	 0.013713318790262776 	 1.0
10	9	0	0	0.25 	 0.14333521888047532 	 0.10721752311584454 	 10 	 0.020726904694535427 	 0.9913208634027152
10	10	0	0	0.25 	 0.09704011789483508 	 0.030979412326730797 	 10 	 0.012348704065433584 	 0.7095538488977198
2	1	1	100	0.0 	 0.009831674502868435 	 0.029611235573337957 	 2 	 0.005433098099558449 	 1.0
2	1	1	1000	0.0 	 0.009831674502868435 	 0.029947326268790472 	 2 	 0.005282471729103023 	 1.0
2	1	1	10000	0.0 	 0.009831674502868435 	 0.02998092253435938 	 2 	 0.005267409092057484 	 1.0
2	2	1	100	1.0 	 0.005530127660250766 	 0.046466243386791166 	 2 	 0.005394639151163936 	 0.36686976512257874
2	2	1	1000	1.0 	 0.005575288422921642 	 0.046565669564774065 	 2 	 0.005409511516743812 	 0.36619307248869437
2	2	1	10000	1.0 	 0.005586301332633459 	 0.04659779117235783 	 2 	 0.005405881710824073 	 0.3663582286580426
2	3	1	100	0.0 	 0.009388351303574074 	 0.010573614181418573 	 2 	 0.0015749471358729986 	 1.0
2	3	1	1000	0.0 	 0.009388351303574074 	 0.010453326023459886 	 2 	 0.0016278042014528575 	 1.0
2	3	1	10000	0.0 	 0.009388351303574074 	 0.010441295599018968 	 2 	 0.001633089908010844 	 1.0
2	4	1	100	0.0 	 0.006559849385904761 	 0.024902541048456333 	 2 	 0.004650440053945316 	 1.0
2	4	1	1000	0.0 	 0.006559849385904761 	 0.024958030014406316 	 2 	 0.0045833679214880105 	 1.0
2	4	1	10000	0.0 	 0.006559849385904761 	 0.02496357798126823 	 2 	 0.004576660708242274 	 1.0
2	5	1	100	0.3333333333333333 	 0.01009640468493639 	 0.05247850493573326 	 2 	 0.004893772399143768 	 0.7547464346690871
2	5	1	1000	0.3333333333333333 	 0.010067124541966978 	 0.05248636386595118 	 2 	 0.004889668730173854 	 0.754746434669087
2	5	1	10000	0.3333333333333333 	 0.010065281053918606 	 0.052491752306370695 	 2 	 0.004884852742874552 	 0.7547464346690871
2	6	1	100	0.3333333333333333 	 0.007710446416211415 	 0.10885763596563418 	 2 	 0.000947824817804488 	 0.5003347989226345
2	6	1	1000	0.3333333333333333 	 0.007710446416211415 	 0.10885763596563418 	 2 	 0.000946865775714502 	 0.500378435337729
2	6	1	10000	0.3333333333333333 	 0.007710446416211415 	 0.10885763596563418 	 2 	 0.0009487840330350552 	 0.5002911546296438
2	7	1	100	0.3333333333333333 	 0.004971141245123102 	 0.034070560210347704 	 2 	 0.007382023229266486 	 0.44289253273760565
2	7	1	1000	0.3333333333333333 	 0.004888863837229972 	 0.03348923197506409 	 2 	 0.007220833779132872 	 0.4355584270829743
2	7	1	10000	0.3333333333333333 	 0.004873641384083069 	 0.033387800885998964 	 2 	 0.007196231803481225 	 0.43443904180454823
2	8	1	100	0.0 	 0.008511666041590673 	 0.030556723969990787 	 2 	 0.0056950383613339674 	 1.0
2	8	1	1000	0.0 	 0.008511666041590673 	 0.03033419806085127 	 2 	 0.005903117326394915 	 1.0
2	8	1	10000	0.0 	 0.008511666041590673 	 0.030311933950882677 	 2 	 0.00592392522290101 	 1.0
2	9	1	100	0.0 	 0.011932472649845921 	 0.04440105298894837 	 2 	 0.0021767763191767597 	 1.0
2	9	1	1000	0.0 	 0.011932472649845921 	 0.04393021663968499 	 2 	 0.0023911942250629883 	 1.0
2	9	1	10000	0.0 	 0.011932472649845921 	 0.043883107484892686 	 2 	 0.0024126360156516155 	 1.0
2	10	1	100	0.0 	 0.02318365909231983 	 0.06712348636564634 	 2 	 0.01052510616580918 	 1.0
2	10	1	1000	0.0 	 0.023166591890676498 	 0.06712348636564634 	 2 	 0.01052510616580918 	 1.0
2	10	1	10000	0.0 	 0.021643896740346454 	 0.06712348636564634 	 2 	 0.01052510616580918 	 1.0
3	1	1	100	0.0 	 0.04327708068666598 	 0.07662756746341766 	 3 	 0.01217668214549172 	 1.0
3	1	1	1000	0.0 	 0.03856878106160126 	 0.07662756746341766 	 3 	 0.01217668214549172 	 1.0
3	1	1	10000	0.0 	 0.03880941433633809 	 0.07662756746341766 	 3 	 0.01217668214549172 	 1.0
3	2	1	100	0.2 	 0.006262916296368935 	 0.03630172724214898 	 3 	 0.002811539886762795 	 0.6531601979787509
3	2	1	1000	0.2 	 0.006214965403952157 	 0.036153064770730554 	 3 	 0.0028402907614834758 	 0.6528229625397417
3	2	1	10000	0.2 	 0.006208589483066597 	 0.03613316938825123 	 3 	 0.0028431658489555508 	 0.6527324837089274
3	3	1	100	0.0 	 0.018289104818762673 	 0.03125989523015167 	 3 	 0.0026278721008083364 	 1.0
3	3	1	1000	0.0 	 0.018289180028475027 	 0.03125778591812143 	 3 	 0.002591190567565689 	 1.0
3	3	1	10000	0.0 	 0.01828910913355508 	 0.0312575749864132 	 3 	 0.0025875224142414104 	 1.0
3	4	1	100	0.0 	 0.040132138888954845 	 0.07045186788297776 	 3 	 0.010706932479949045 	 1.0
3	4	1	1000	0.0 	 0.040132138888954845 	 0.070517866222668 	 3 	 0.010609457017106881 	 1.0
3	4	1	10000	0.0 	 0.040132138888954845 	 0.07052446455342817 	 3 	 0.010599709470822682 	 1.0
3	5	1	100	0.2 	 0.017873982660136827 	 0.11304066492341375 	 3 	 0.005589555250420983 	 0.7683765031779303
3	5	1	1000	0.2 	 0.01781588775827769 	 0.11313022229985632 	 3 	 0.005603359604459072 	 0.7683765031779304
3	5	1	10000	0.2 	 0.017809753040139705 	 0.1131372284124815 	 3 	 0.0056056767314505394 	 0.7683765031779303
3	6	1	100	0.0 	 0.05050030779793439 	 0.1018451838368022 	 3 	 0.012744357377054986 	 1.0
3	6	1	1000	0.0 	 0.04859023196874494 	 0.10184516803988737 	 3 	 0.012744331008333885 	 1.0
3	6	1	10000	0.0 	 0.05041605841306903 	 0.10184515581213342 	 3 	 0.012744333716046512 	 1.0
3	7	1	100	0.2 	 0.0022159660110640227 	 0.005472003240599384 	 3 	 0.005359671348607673 	 0.5865343793770487
3	7	1	1000	0.2 	 0.002589621206473755 	 0.006316431435360267 	 3 	 0.004075165026696894 	 0.5631111275271277
3	7	1	10000	0.2 	 0.0026232978002929427 	 0.006598728495258894 	 3 	 0.003935893548612517 	 0.5631111275271276
3	8	1	100	0.0 	 0.00905935846431812 	 0.02213256176879421 	 3 	 0.009689880506151037 	 1.0
3	8	1	1000	0.0 	 0.010854239909764928 	 0.011642471029553644 	 3 	 0.006170270819967455 	 1.0
3	8	1	10000	0.0 	 0.010854244978229493 	 0.011622608675775702 	 3 	 0.006170270819967455 	 1.0
3	9	1	100	0.0 	 0.013203288115391305 	 0.02438939072183671 	 3 	 0.009591842035728198 	 1.0
3	9	1	1000	0.0 	 0.013203287300854624 	 0.024419330183638635 	 3 	 0.009082803831893624 	 1.0
3	9	1	10000	0.0 	 0.013203283535989789 	 0.02442232402875336 	 3 	 0.009031900011510111 	 1.0
3	10	1	100	0.0 	 0.02462441965250432 	 0.05538316397095324 	 3 	 0.010869379990493717 	 1.0
3	10	1	1000	0.0 	 0.024624367818870705 	 0.05535837871023073 	 3 	 0.010788091106172949 	 1.0
3	10	1	10000	0.0 	 0.024624447871282765 	 0.05535590017123925 	 3 	 0.01077996221774093 	 1.0
5	1	1	100	0.0 	 0.06238379503910623 	 0.06363333923727434 	 5 	 0.01392210043194533 	 1.0
5	1	1	1000	0.0 	 0.05647110466582641 	 0.06371025570251021 	 5 	 0.013785461382931654 	 1.0
5	1	1	10000	0.0 	 0.06363635502704713 	 0.06371795090321733 	 5 	 0.013771795878935497 	 1.0
5	2	1	100	0.0 	 0.0601878688029027 	 0.24316256507677098 	 5 	 0.014299543293399351 	 1.0
5	2	1	1000	0.0 	 0.04938358810610352 	 0.24316256507677098 	 5 	 0.014299543293399351 	 1.0
5	2	1	10000	0.0 	 0.058246262724088095 	 0.24316256507677098 	 5 	 0.014299543293399351 	 1.0
5	3	1	100	0.0 	 0.021003717580672796 	 0.01558325092083613 	 5 	 0.005086622659913397 	 1.0
5	3	1	1000	0.0 	 0.021003821063579925 	 0.01517570411848381 	 5 	 0.005005038719329448 	 1.0
5	3	1	10000	0.0 	 0.02100383281074845 	 0.01513495583385648 	 5 	 0.0049968803252201386 	 1.0
5	4	1	100	0.0 	 0.06096413656092267 	 0.05825351207872812 	 5 	 0.00935795039178416 	 1.0
5	4	1	1000	0.0 	 0.06069193004782013 	 0.05766192059764625 	 5 	 0.00945462854485129 	 1.0
5	4	1	10000	0.0 	 0.059867786647565646 	 0.057614296118534004 	 5 	 0.00946459565285665 	 1.0
5	5	1	100	0.1111111111111111 	 0.06241251849797317 	 0.10955469453020612 	 5 	 0.002379750850707703 	 0.8199996380760539
5	5	1	1000	0.1111111111111111 	 0.061988630959257544 	 0.10821703771868157 	 5 	 0.0025097816408537633 	 0.8199996380760537
5	5	1	10000	0.1111111111111111 	 0.061945614315085704 	 0.10808005923290505 	 5 	 0.002529285243743266 	 0.8199996380760539
5	6	1	100	0.1111111111111111 	 0.0629076664306211 	 0.1008617564682919 	 5 	 0.012576001137823568 	 0.7878092466967475
5	6	1	1000	0.1111111111111111 	 0.06290510601279488 	 0.10085040072659941 	 5 	 0.012576001137823567 	 0.7878092466967475
5	6	1	10000	0.1111111111111111 	 0.0629229978679419 	 0.10085009835954827 	 5 	 0.012576001137823568 	 0.7878092466967475
5	7	1	100	0.25 	 0.03946609309653595 	 0.07039203867119108 	 5 	 0.010410568706124154 	 0.8432069587620222
5	7	1	1000	0.25 	 0.030064347433377568 	 0.07002984015196262 	 5 	 0.010108081752205938 	 0.8358550053269331
5	7	1	10000	0.25 	 0.03015892102678273 	 0.07000709651657104 	 5 	 0.010045003736707542 	 0.8364870476374353
5	8	1	100	0.0 	 0.02787017669535899 	 0.054482807853377606 	 5 	 0.009080550978552855 	 1.0
5	8	1	1000	0.0 	 0.023505636225327125 	 0.05490949683654453 	 5 	 0.01048274128623777 	 1.0
5	8	1	10000	0.0 	 0.03811991640358815 	 0.05489157542446905 	 5 	 0.01048267323266111 	 1.0
5	9	1	100	0.1111111111111111 	 0.01060438116087914 	 0.01541268449419045 	 5 	 0.005785788689419315 	 0.6249974884796062
5	9	1	1000	0.1111111111111111 	 0.014194892503953766 	 0.01579466452470408 	 5 	 0.004732045270518106 	 0.6450873900933327
5	9	1	10000	0.1111111111111111 	 0.014250724156424352 	 0.01583287586615287 	 5 	 0.004704293365443087 	 0.6437974366543983
5	10	1	100	0.0 	 0.04353401234300205 	 0.05013559054433962 	 5 	 0.013788074774922705 	 1.0
5	10	1	1000	0.0 	 0.043534019555224845 	 0.05010775465320491 	 5 	 0.013692855349740296 	 1.0
5	10	1	10000	0.0 	 0.043534108827160314 	 0.05010497104781254 	 5 	 0.013683333407222019 	 1.0
7	1	1	100	0.07692307692307693 	 0.0875000210974278 	 0.05112585982758318 	 7 	 0.013657167898210535 	 0.7969927743764531
7	1	1	1000	0.07692307692307693 	 0.08777478435149337 	 0.05120091107340344 	 7 	 0.013657169500518117 	 0.7969927875502879
7	1	1	10000	0.07692307692307693 	 0.08768159599187184 	 0.051205899540764536 	 7 	 0.013657169709520257 	 0.7969927892686594
7	2	1	100	0.0 	 0.07815257189226317 	 0.18084471688178486 	 7 	 0.013626648461569602 	 1.0
7	2	1	1000	0.0 	 0.07821827729062189 	 0.1812814735257277 	 7 	 0.0139575548299805 	 1.0
7	2	1	10000	0.0 	 0.0782190879746363 	 0.1813245894403145 	 7 	 0.013990252559832068 	 1.0
7	3	1	100	0.0 	 0.04751614137050318 	 0.02090250497895835 	 7 	 0.010044476077597547 	 1.0
7	3	1	1000	0.0 	 0.046617199735584675 	 0.02102166422629412 	 7 	 0.009965334972025602 	 1.0
7	3	1	10000	0.0 	 0.04846765795984172 	 0.021033715915638237 	 7 	 0.009957399136908079 	 1.0
7	4	1	100	0.0 	 0.09213639012257008 	 0.05368604615046636 	 7 	 0.012031253295852648 	 1.0
7	4	1	1000	0.0 	 0.09396343097263576 	 0.05358062200669649 	 7 	 0.011956522642089315 	 1.0
7	4	1	10000	0.0 	 0.09397824241185125 	 0.053565679017144756 	 7 	 0.011950835657339138 	 1.0
7	5	1	100	0.16666666666666666 	 0.08715614668012722 	 0.0792149955511576 	 7 	 0.014740896261267566 	 0.5992111464541625
7	5	1	1000	0.16666666666666666 	 0.08720295682489532 	 0.07893601582956125 	 7 	 0.014722579308171429 	 0.598469309853769
7	5	1	10000	0.16666666666666666 	 0.08720910766451832 	 0.07890813942152743 	 7 	 0.014720747612861807 	 0.5983951261937293
7	6	1	100	0.07692307692307693 	 0.0849104066390858 	 0.09094548822340526 	 7 	 0.01465896258305609 	 0.8147970837409417
7	6	1	1000	0.07692307692307693 	 0.08496225396773079 	 0.09092701627559896 	 7 	 0.01465896258305609 	 0.8147970837409417
7	6	1	10000	0.07692307692307693 	 0.08478808580051489 	 0.09092515241560355 	 7 	 0.01465896258305609 	 0.8147970837409417
7	7	1	100	0.16666666666666666 	 0.07938165640538095 	 0.06914926828241368 	 7 	 0.007712842805548186 	 0.8087578640846724
7	7	1	1000	0.16666666666666666 	 0.08350742730716022 	 0.070061965188242 	 7 	 0.007318999031436488 	 0.7689397972437606
7	7	1	10000	0.16666666666666666 	 0.08362627556878177 	 0.07027397058288629 	 7 	 0.007129154640302377 	 0.7681536317727459
7	8	1	100	0.0 	 0.07963972098970513 	 0.07367367816756963 	 7 	 0.013984762205506436 	 1.0
7	8	1	1000	0.0 	 0.07964537497045088 	 0.07360434105357168 	 7 	 0.014320280051032393 	 1.0
7	8	1	10000	0.0 	 0.07964253769813263 	 0.07364002689719855 	 7 	 0.01434964209152806 	 1.0
7	9	1	100	0.07692307692307693 	 0.06471468290236287 	 0.11482651776482983 	 7 	 0.005379648457751892 	 0.7862445321787271
7	9	1	1000	0.07692307692307693 	 0.08063995212835111 	 0.11610593579098939 	 7 	 0.005687828099110164 	 0.7862446409373723
7	9	1	10000	0.07692307692307693 	 0.07782075034846378 	 0.11623281420981883 	 7 	 0.0057738565791131255 	 0.7862492946114095
7	10	1	100	0.16666666666666666 	 0.05552463358791518 	 0.05675736855387913 	 7 	 0.010400736926569235 	 0.7414272889835405
7	10	1	1000	0.16666666666666666 	 0.05557615569703873 	 0.056675548454573337 	 7 	 0.01059800142920838 	 0.7414272889835405
7	10	1	10000	0.16666666666666666 	 0.05559183540941604 	 0.05666703702785924 	 7 	 0.010617727879472311 	 0.7414272889835405
10	1	1	100	0.17647058823529413 	 0.12630620677568438 	 0.05807524504012924 	 10 	 0.013238957307413072 	 0.9300600283764482
10	1	1	1000	0.17647058823529413 	 0.1257288221431036 	 0.05748742054398825 	 10 	 0.013085472774499847 	 0.9295109415933915
10	1	1	10000	0.17647058823529413 	 0.12565788499548536 	 0.05742186295390386 	 10 	 0.013080975664579633 	 0.9293421516873942
10	2	1	100	0.1111111111111111 	 0.09948472038157535 	 0.14551097712242658 	 10 	 0.0190224399221331 	 0.9999994574664396
10	2	1	1000	0.1111111111111111 	 0.10902879404028078 	 0.14582694043459374 	 10 	 0.0196676388850813 	 0.9999995536028512
10	2	1	10000	0.1111111111111111 	 0.10894997406589686 	 0.14585851684624207 	 10 	 0.019732159773633896 	 0.9999995805106529
10	3	1	100	0.17647058823529413 	 0.15071749849237162 	 0.08131616208275665 	 10 	 0.017394755080856444 	 0.9102460829005093
10	3	1	1000	0.17647058823529413 	 0.15070503027798746 	 0.08131616829346779 	 10 	 0.017394751335750587 	 0.910246052886898
10	3	1	10000	0.17647058823529413 	 0.15070351675326338 	 0.08131616897888742 	 10 	 0.01739475092237713 	 0.9102460495738566
10	4	1	100	0.0 	 0.10512538304639205 	 0.0659239871335056 	 10 	 0.02130487078960498 	 1.0
10	4	1	1000	0.0 	 0.12550938191454994 	 0.06622289233948112 	 10 	 0.02095617465137827 	 1.0
10	4	1	10000	0.0 	 0.12440950891041597 	 0.06625300105865849 	 10 	 0.020921369279389722 	 1.0
10	5	1	100	0.17647058823529413 	 0.14762116853524795 	 0.05957376102622133 	 10 	 0.014709021789960874 	 0.7563432597508605
10	5	1	1000	0.17647058823529413 	 0.14371512340285478 	 0.0586748921111708 	 10 	 0.014781021920900713 	 0.752040444705601
10	5	1	10000	0.17647058823529413 	 0.14354163599680517 	 0.05860032302940154 	 10 	 0.014815173919491635 	 0.7515671690384377
10	6	1	100	0.1111111111111111 	 0.1043014164228948 	 0.18144418219326805 	 10 	 0.01864250442572382 	 0.9633774431760609
10	6	1	1000	0.1111111111111111 	 0.10696815783829984 	 0.18201467439223765 	 10 	 0.01889089673592385 	 0.9655531642389925
10	6	1	10000	0.1111111111111111 	 0.10697093248540913 	 0.18207278901691315 	 10 	 0.018916390902404955 	 0.965774161062578
10	7	1	100	0.1111111111111111 	 0.08455555428619639 	 0.05876757333455463 	 10 	 0.012682893226287385 	 0.8075155903365634
10	7	1	1000	0.1111111111111111 	 0.11506570021618763 	 0.06303612552886921 	 10 	 0.013833743382099726 	 0.7966477771846339
10	7	1	10000	0.1111111111111111 	 0.10604756238260579 	 0.06241728149477166 	 10 	 0.013955520758475254 	 0.7982647382159994
10	8	1	100	0.0 	 0.12245944686936305 	 0.054556840911212594 	 10 	 0.013796882388678797 	 1.0
10	8	1	1000	0.0 	 0.11564803921202392 	 0.054396006828774476 	 10 	 0.013901835629566615 	 1.0
10	8	1	10000	0.0 	 0.11492303444398469 	 0.05443982308398542 	 10 	 0.013897927141780505 	 1.0
10	9	1	100	0.25 	 0.08782635750169948 	 0.09963748145247976 	 10 	 0.018783856025583377 	 0.832395518178829
10	9	1	1000	0.25 	 0.13640549221182244 	 0.09901702814411938 	 10 	 0.018430639068872236 	 0.8264233150930274
10	9	1	10000	0.25 	 0.14012712399769972 	 0.09895507185128855 	 10 	 0.018395313327872087 	 0.8258261551038717
10	10	1	100	0.25 	 0.11504415079274716 	 0.05367332856729507 	 10 	 0.014138830200410107 	 0.7866692646980911
10	10	1	1000	0.25 	 0.09135611642368958 	 0.0541258578042346 	 10 	 0.013989887333022085 	 0.781973633571447
10	10	1	10000	0.25 	 0.12071284094767505 	 0.05402104322866742 	 10 	 0.014354820863476836 	 0.7889134899116099
2	1	2	100	0.0 	 0.009831674502868435 	 0.030174839499710976 	 2 	 0.005054003755305224 	 1.0
2	1	2	1000	0.0 	 0.009831674502868435 	 0.030273363818356776 	 2 	 0.005009821193587667 	 1.0
2	1	2	10000	0.0 	 0.009831674502868435 	 0.03028321514923553 	 2 	 0.005005402937415934 	 1.0
2	2	2	100	0.0 	 0.0074691011940414736 	 0.09009478109128415 	 2 	 0.007190307393121861 	 1.0
2	2	2	1000	0.0 	 0.0074691011940414736 	 0.09011099343846304 	 2 	 0.007199663779604003 	 1.0
2	2	2	10000	0.0 	 0.0074691011940414736 	 0.09011261480902723 	 2 	 0.007200599418252217 	 1.0
2	3	2	100	0.0 	 0.009388351303574074 	 0.025984350785415587 	 2 	 0.007023945799112953 	 1.0
2	3	2	1000	0.0 	 0.009388351303574074 	 0.026140046625867608 	 2 	 0.006954445257660995 	 1.0
2	3	2	10000	0.0 	 0.009388351303574074 	 0.026155613472288647 	 2 	 0.00694749520351579 	 1.0
2	4	2	100	0.0 	 0.006559849385904761 	 0.0186909360394677 	 2 	 0.00434976814669135 	 1.0
2	4	2	1000	0.0 	 0.006559849385904761 	 0.01869284397577539 	 2 	 0.004347510367249303 	 1.0
2	4	2	10000	0.0 	 0.006559849385904761 	 0.01869303476832538 	 2 	 0.004347284589305102 	 1.0
2	5	2	100	0.3333333333333333 	 0.001757523397824919 	 0.008929079850079968 	 2 	 3.5211323594574766e-05 	 0.2031554794452075
2	5	2	1000	0.3333333333333333 	 0.0016077954838408899 	 0.011812726351262298 	 2 	 0.0009923746145885394 	 0.2483085260915324
2	5	2	10000	0.3333333333333333 	 0.0014360211683839789 	 0.009881082376597423 	 2 	 0.0007590201597482476 	 0.23769089324456646
2	6	2	100	0.0 	 0.04428860569023373 	 0.09701109180108547 	 2 	 0.005956908424677023 	 1.0
2	6	2	1000	0.0 	 0.04395431078673307 	 0.09701109180108547 	 2 	 0.005956908424677023 	 1.0
2	6	2	10000	0.0 	 0.0441949385298669 	 0.09701109180108547 	 2 	 0.005956908424677023 	 1.0
2	7	2	100	0.3333333333333333 	 0.002586511563893297 	 0.010251462111707573 	 2 	 0.0007232517813627712 	 0.9108784445008343
2	7	2	1000	0.3333333333333333 	 0.002129215879206093 	 0.009010025792283069 	 2 	 0.00036747840858964147 	 0.9108784445008343
2	7	2	10000	0.3333333333333333 	 0.002075673436565288 	 0.008873737688903906 	 2 	 0.00033190107131229554 	 0.9108784445008343
2	8	2	100	0.0 	 0.008511666041590673 	 0.030691012910732517 	 2 	 0.005602477608080449 	 1.0
2	8	2	1000	0.0 	 0.008511666041590673 	 0.030669526046230584 	 2 	 0.005622579093498087 	 1.0
2	8	2	10000	0.0 	 0.008511666041590673 	 0.030667377252355073 	 2 	 0.005624589242039856 	 1.0
2	9	2	100	0.0 	 0.011932472649845921 	 0.047682881967411786 	 2 	 0.004423724301604202 	 1.0
2	9	2	1000	0.0 	 0.011932472649845921 	 0.04737467148253089 	 2 	 0.004282825569885308 	 1.0
2	9	2	10000	0.0 	 0.011932472649845921 	 0.047343839461179545 	 2 	 0.004268735696713424 	 1.0
2	10	2	100	0.0 	 0.021643896740346454 	 0.04270305511373848 	 2 	 0.0037379062692310516 	 1.0
2	10	2	1000	0.0 	 0.021643896740346454 	 0.04268310762508735 	 2 	 0.0037288243768043537 	 1.0
2	10	2	10000	0.0 	 0.021643896740346454 	 0.04268111283050042 	 2 	 0.0037279161875616775 	 1.0
3	1	2	100	0.0 	 0.04179871099363965 	 0.053352930059458244 	 3 	 0.009923607819183958 	 1.0
3	1	2	1000	0.0 	 0.04288157741900915 	 0.05335319830448782 	 3 	 0.009923677816902128 	 1.0
3	1	2	10000	0.0 	 0.04256670567943325 	 0.05335319176320207 	 3 	 0.0099236773994641 	 1.0
3	2	2	100	0.0 	 0.045061409552912074 	 0.07659300233289526 	 3 	 0.005328019980365858 	 1.0
3	2	2	1000	0.0 	 0.042045334312020045 	 0.0771496983826508 	 3 	 0.005564591526190916 	 1.0
3	2	2	10000	0.0 	 0.04203501953613372 	 0.07720551556528785 	 3 	 0.005588225655437659 	 1.0
3	3	2	100	0.0 	 0.01828912942527684 	 0.031256733629782534 	 3 	 0.004217945727998681 	 1.0
3	3	2	1000	0.0 	 0.018289113707642857 	 0.031241311939510852 	 3 	 0.004217945727998681 	 1.0
3	3	2	10000	0.0 	 0.018289120274882716 	 0.0312397697434784 	 3 	 0.004217945727998682 	 1.0
3	4	2	100	0.0 	 0.043434960975687026 	 0.1141605375643207 	 3 	 0.01368278820704025 	 1.0
3	4	2	1000	0.0 	 0.0435248966208436 	 0.1141605375643207 	 3 	 0.01368278820704025 	 1.0
3	4	2	10000	0.0 	 0.043219635785791514 	 0.1141605375643207 	 3 	 0.01368278820704025 	 1.0
3	5	2	100	0.2 	 0.009429566795011349 	 0.09126343875464732 	 3 	 0.0033996162341713163 	 0.37919504388531494
3	5	2	1000	0.2 	 0.009430529148464283 	 0.0912479980499725 	 3 	 0.003399691361176997 	 0.37908900621387326
3	5	2	10000	0.2 	 0.009433320795399533 	 0.09124645397990155 	 3 	 0.003396537784089598 	 0.37893773395116365
3	6	2	100	0.0 	 0.04563086473932724 	 0.06807444390530487 	 3 	 0.006482723427719557 	 1.0
3	6	2	1000	0.0 	 0.04563079926696329 	 0.06808091206513255 	 3 	 0.00660250671726745 	 1.0
3	6	2	10000	0.0 	 0.045630800120298104 	 0.06808155887617708 	 3 	 0.0066144850462221925 	 1.0
3	7	2	100	0.2 	 0.006209672455128099 	 0.011332775164600095 	 3 	 0.0032084893226409683 	 0.9410581268233609
3	7	2	1000	0.2 	 0.006520418071708349 	 0.011243924012387798 	 3 	 0.0033209976000255622 	 0.9410581268233611
3	7	2	10000	0.2 	 0.006551451444332639 	 0.011234991625639316 	 3 	 0.0033309023714517207 	 0.9410581268233611
3	8	2	100	0.0 	 0.010854218896750423 	 0.011501428090495406 	 3 	 0.007204454327805431 	 1.0
3	8	2	1000	0.0 	 0.0108542300879353 	 0.011673264938728651 	 3 	 0.007204454327805433 	 1.0
3	8	2	10000	0.0 	 0.010854300144186198 	 0.011690448857072069 	 3 	 0.007204454327805433 	 1.0
3	9	2	100	0.0 	 0.012594678218345739 	 0.02402783334868635 	 3 	 0.011283582591519146 	 1.0
3	9	2	1000	0.0 	 0.012491073224788025 	 0.02402783334868635 	 3 	 0.011283582591519146 	 1.0
3	9	2	10000	0.0 	 0.012529397949446677 	 0.02402783334868635 	 3 	 0.011283582591519146 	 1.0
3	10	2	100	0.0 	 0.02462440664895883 	 0.027185701880561346 	 3 	 0.0021885840035453033 	 1.0
3	10	2	1000	0.0 	 0.024624316545700548 	 0.027199558415736694 	 3 	 0.0019529231637578706 	 1.0
3	10	2	10000	0.0 	 0.024624360802916138 	 0.02720094404754359 	 3 	 0.0019293570797791117 	 1.0
5	1	2	100	0.1111111111111111 	 0.05442255009708926 	 0.0849086600703808 	 5 	 0.009415717642103864 	 0.7456200889329749
5	1	2	1000	0.1111111111111111 	 0.05434804859081787 	 0.08491276360395707 	 5 	 0.009415717642103864 	 0.7456200889329749
5	1	2	10000	0.1111111111111111 	 0.054324902626826585 	 0.0849133011397699 	 5 	 0.009415717642103862 	 0.7456200889329749
5	2	2	100	0.0 	 0.049886280875937696 	 0.1894091314073278 	 5 	 0.010887281162736458 	 1.0
5	2	2	1000	0.0 	 0.04988627827080027 	 0.1892450930425171 	 5 	 0.010643403673426841 	 1.0
5	2	2	10000	0.0 	 0.04988628291620571 	 0.18922869029424572 	 5 	 0.01061901592328965 	 1.0
5	3	2	100	0.0 	 0.021003967198633126 	 0.020141436746371377 	 5 	 0.006386826458540605 	 1.0
5	3	2	1000	0.0 	 0.0210039976652486 	 0.0199463327258814 	 5 	 0.006386826458540595 	 1.0
5	3	2	10000	0.0 	 0.02100399272109316 	 0.019926823604062376 	 5 	 0.006386826458540594 	 1.0
5	4	2	100	0.0 	 0.057943804564369324 	 0.14315995582235622 	 5 	 0.017660263904379983 	 1.0
5	4	2	1000	0.0 	 0.05956002573410735 	 0.14260120035361715 	 5 	 0.017091322918064738 	 1.0
5	4	2	10000	0.0 	 0.059560060978283876 	 0.14260939946880133 	 5 	 0.01709967188924296 	 1.0
5	5	2	100	0.1111111111111111 	 0.05751088260948411 	 0.16609095209208188 	 5 	 0.007611904510767324 	 0.727872555368402
5	5	2	1000	0.1111111111111111 	 0.05751087788028051 	 0.16567939426005815 	 5 	 0.007670645295570242 	 0.7253514959540028
5	5	2	10000	0.1111111111111111 	 0.05751089675544885 	 0.1656382548375502 	 5 	 0.0076765193740505 	 0.7250993900125637
5	6	2	100	0.0 	 0.0645668918357391 	 0.07269570407976488 	 5 	 0.008118223186789994 	 1.0
5	6	2	1000	0.0 	 0.0645667693312952 	 0.07266675713755474 	 5 	 0.008227502937950038 	 1.0
5	6	2	10000	0.0 	 0.06456676842866917 	 0.0726638623852183 	 5 	 0.008238430913066037 	 1.0
5	7	2	100	0.25 	 0.043432953505819764 	 0.0645757134539284 	 5 	 0.014776962012938051 	 0.954442717383546
5	7	2	1000	0.25 	 0.04451284817112351 	 0.06465702636963586 	 5 	 0.014768253982339398 	 0.9540726255808795
5	7	2	10000	0.25 	 0.044634064006474614 	 0.06465857927892389 	 5 	 0.01476502262251731 	 0.9539352930952258
5	8	2	100	0.0 	 0.027865050327571583 	 0.024827112325027264 	 5 	 0.00927174390884659 	 1.0
5	8	2	1000	0.0 	 0.027865728884665816 	 0.024354444776624403 	 5 	 0.008910024761934005 	 1.0
5	8	2	10000	0.0 	 0.0278657434159151 	 0.024307185521796556 	 5 	 0.00887385284735114 	 1.0
5	9	2	100	0.1111111111111111 	 0.02118449577720822 	 0.02962089703913276 	 5 	 0.007241383227978024 	 0.895768363210661
5	9	2	1000	0.1111111111111111 	 0.021577511016469375 	 0.02978064816304691 	 5 	 0.007195705618504376 	 0.895768363210661
5	9	2	10000	0.1111111111111111 	 0.021614608761442753 	 0.029792794044035287 	 5 	 0.007192854746894857 	 0.895768363210661
5	10	2	100	0.0 	 0.034855648521209995 	 0.02860439696272711 	 5 	 0.004791486947298801 	 1.0
5	10	2	1000	0.0 	 0.034856321417578696 	 0.028585421979529846 	 5 	 0.004822489294021103 	 1.0
5	10	2	10000	0.0 	 0.034856242905842494 	 0.028583524455176274 	 5 	 0.004825589528693358 	 1.0
7	1	2	100	0.16666666666666666 	 0.06896380690108696 	 0.060885985718422006 	 7 	 0.009725065146553104 	 0.6586834477568972
7	1	2	1000	0.16666666666666666 	 0.06920950191939398 	 0.06148745099548206 	 7 	 0.009725065146553104 	 0.6660279546751924
7	1	2	10000	0.16666666666666666 	 0.06923451323802089 	 0.06154674105662988 	 7 	 0.009725065146553104 	 0.6667624053670209
7	2	2	100	0.0 	 0.078202367788097 	 0.15689937123680547 	 7 	 0.014560338209544017 	 1.0
7	2	2	1000	0.0 	 0.07817424308948126 	 0.15696453597099186 	 7 	 0.01456036931112755 	 1.0
7	2	2	10000	0.0 	 0.07817191129481255 	 0.15697182159149423 	 7 	 0.01456036822177977 	 1.0
7	3	2	100	0.0 	 0.043238829490267444 	 0.023773016658575744 	 7 	 0.009690956878503982 	 1.0
7	3	2	1000	0.0 	 0.04683837053498467 	 0.023920154354194985 	 7 	 0.009541664133301202 	 1.0
7	3	2	10000	0.0 	 0.04730024197654521 	 0.023934780852955913 	 7 	 0.009526440442168441 	 1.0
7	4	2	100	0.0 	 0.09392663340990783 	 0.11926621431549689 	 7 	 0.014324095552247007 	 1.0
7	4	2	1000	0.0 	 0.08353243172187412 	 0.12187263958801715 	 7 	 0.015894622465644055 	 1.0
7	4	2	10000	0.0 	 0.08353218766044251 	 0.12188493966676131 	 7 	 0.01590059996218453 	 1.0
7	5	2	100	0.16666666666666666 	 0.08764381991359178 	 0.1530441997928187 	 7 	 0.01606691406150618 	 0.7258466857968648
7	5	2	1000	0.16666666666666666 	 0.08763585393223913 	 0.15360759933566387 	 7 	 0.01613179544090567 	 0.7284743816625444
7	5	2	10000	0.16666666666666666 	 0.08764507185026142 	 0.15366396978745245 	 7 	 0.01613828357884564 	 0.728737151249113
7	6	2	100	0.07692307692307693 	 0.08633347578479898 	 0.05517441822267242 	 7 	 0.007519532562214644 	 0.9874419349461734
7	6	2	1000	0.07692307692307693 	 0.08571923755530245 	 0.055215303355456984 	 7 	 0.00751942985234038 	 0.9874418827077781
7	6	2	10000	0.07692307692307693 	 0.08588510904708493 	 0.05521946989238873 	 7 	 0.0075194309674938425 	 0.9874418832749492
7	7	2	100	0.16666666666666666 	 0.07743190636059401 	 0.09159914617756015 	 7 	 0.017974360836389116 	 0.9702959416504422
7	7	2	1000	0.16666666666666666 	 0.07986180305472095 	 0.09162940227500205 	 7 	 0.017890294428209948 	 0.9668918013117972
7	7	2	10000	0.16666666666666666 	 0.08150957063874736 	 0.0916324563499849 	 7 	 0.01788186933916088 	 0.9665508238985364
7	8	2	100	0.0 	 0.07939205954132394 	 0.05774241569216712 	 7 	 0.015652282077540887 	 1.0
7	8	2	1000	0.0 	 0.07974976184371173 	 0.057067278919547354 	 7 	 0.015366682605483255 	 1.0
7	8	2	10000	0.0 	 0.07970387386008733 	 0.05699069903516501 	 7 	 0.015338469245980283 	 1.0
7	9	2	100	0.07692307692307693 	 0.0753604308199377 	 0.11993074913784822 	 7 	 0.005154540205244372 	 0.9303362981523902
7	9	2	1000	0.07692307692307693 	 0.07530577321205102 	 0.119602464420655 	 7 	 0.005147516405176473 	 0.9303371525177198
7	9	2	10000	0.07692307692307693 	 0.07530396715303082 	 0.11959859474150888 	 7 	 0.0051433303396306385 	 0.9303371345232176
7	10	2	100	0.16666666666666666 	 0.05458344534847227 	 0.02664031309311302 	 7 	 0.00674908690471664 	 0.8634136978650208
7	10	2	1000	0.16666666666666666 	 0.04495934885206915 	 0.027063681747247086 	 7 	 0.006261818186095149 	 0.8634128040433835
7	10	2	10000	0.16666666666666666 	 0.05609751103290327 	 0.027108356176258796 	 7 	 0.006212400362298099 	 0.8634126752841067
10	1	2	100	0.17647058823529413 	 0.10623199312949697 	 0.04716631791241923 	 10 	 0.00816631242147683 	 0.6955082333470319
10	1	2	1000	0.17647058823529413 	 0.10641029225036742 	 0.046676351564905266 	 10 	 0.0077592591097901216 	 0.6859456231110366
10	1	2	10000	0.17647058823529413 	 0.10647744287267352 	 0.04671193544617977 	 10 	 0.0077185637470164195 	 0.6858889225679179
10	2	2	100	0.1111111111111111 	 0.10272523698758942 	 0.11587680870628755 	 10 	 0.011412043974799542 	 0.8719631995248162
10	2	2	1000	0.1111111111111111 	 0.09407528915518658 	 0.11594971877458332 	 10 	 0.011436280962733867 	 0.8739693239275039
10	2	2	10000	0.1111111111111111 	 0.09505422314124697 	 0.1159570102352753 	 10 	 0.011438704721521885 	 0.874169936510998
10	3	2	100	0.17647058823529413 	 0.08943544117990222 	 0.0398230714217016 	 10 	 0.010453421205965362 	 0.8460504098456084
10	3	2	1000	0.17647058823529413 	 0.09292210989163292 	 0.040208834524176645 	 10 	 0.009856365363547939 	 0.8483394776761498
10	3	2	10000	0.17647058823529413 	 0.09336807639182863 	 0.04026872521219596 	 10 	 0.009779289362624139 	 0.849236348476568
10	4	2	100	0.0 	 0.12693963175967946 	 0.11054734645991328 	 10 	 0.01976497510617009 	 1.0
10	4	2	1000	0.0 	 0.10253258510898826 	 0.11052545430914107 	 10 	 0.019823981657527367 	 1.0
10	4	2	10000	0.0 	 0.1388150719332179 	 0.11052395103940835 	 10 	 0.01982979138001728 	 1.0
10	5	2	100	0.17647058823529413 	 0.1643495803621153 	 0.14159797910615293 	 10 	 0.01826653775947782 	 0.7453682962209528
10	5	2	1000	0.17647058823529413 	 0.15123140640621394 	 0.1419709782171119 	 10 	 0.018313068975412534 	 0.7471316607227974
10	5	2	10000	0.17647058823529413 	 0.14986716525306354 	 0.14200827412828054 	 10 	 0.018317733846525935 	 0.7473083591848588
10	6	2	100	0.17647058823529413 	 0.09766902113491235 	 0.11196367434303657 	 10 	 0.01169896056768214 	 0.9361795466118169
10	6	2	1000	0.17647058823529413 	 0.0979851944546084 	 0.1120432993980945 	 10 	 0.011744739792367958 	 0.937896511696024
10	6	2	10000	0.17647058823529413 	 0.09793508569504689 	 0.11205126431748459 	 10 	 0.011749317988474218 	 0.9380682198450928
10	7	2	100	0.1111111111111111 	 0.1182274099175226 	 0.07764711414528214 	 10 	 0.02131801705117073 	 0.999998634586357
10	7	2	1000	0.1111111111111111 	 0.08451410371601885 	 0.07764872484185237 	 10 	 0.021319065219491815 	 1.0000087736329055
10	7	2	10000	0.1111111111111111 	 0.10030277624563719 	 0.07765296642636968 	 10 	 0.02132016717841453 	 1.0000175978879766
10	8	2	100	0.0 	 0.11025391784347315 	 0.04573294671601721 	 10 	 0.015240618478422854 	 1.0
10	8	2	1000	0.0 	 0.10711575156658737 	 0.045204725300697066 	 10 	 0.01377462849974325 	 1.0
10	8	2	10000	0.0 	 0.10706822268580256 	 0.04516808466398776 	 10 	 0.013719452673694213 	 1.0
10	9	2	100	0.25 	 0.14337572969005155 	 0.10744420481897393 	 10 	 0.020902692340278722 	 0.9936647537250973
10	9	2	1000	0.25 	 0.14363028469699496 	 0.1072401900298991 	 10 	 0.020744485080843988 	 0.9915552621652193
10	9	2	10000	0.25 	 0.14336756735577827 	 0.10721978937942205 	 10 	 0.020728662847423418 	 0.9913443042543888
10	10	2	100	0.25 	 0.09735537037700732 	 0.030992253406420523 	 10 	 0.012569594447589733 	 0.7101990957229737
10	10	2	1000	0.25 	 0.09707070123863434 	 0.030979965463782205 	 10 	 0.012370862717327716 	 0.7096184687642274
10	10	2	10000	0.25 	 0.09704317262339988 	 0.03097946054156454 	 10 	 0.012350921173693614 	 0.7095603125689184
