2	1	0	0	1.0 	 1.507674968400226e-13 	 1.0052771460617078e-12 	 2 	 3.3389835463071457e-13 	 1.519237513569749e-11
2	2	0	0	1.0 	 0.0045046645667402106 	 0.02292230575712105 	 2 	 0.002523037430421267 	 0.11479820573341185
2	3	0	0	1.0 	 5.756895790903319e-11 	 3.696827929558115e-10 	 2 	 1.0490061749649117e-10 	 4.7729780960903445e-09
2	4	0	0	1.0 	 7.992004597410567e-11 	 5.855591677238676e-10 	 2 	 1.5815342503254937e-10 	 7.195980838980985e-09
2	5	0	0	1.0 	 4.6987190627954045e-15 	 3.7558569418613355e-14 	 2 	 3.289798226265647e-15 	 1.4968581929508673e-13
2	6	0	0	1.0 	 1.5233965270884858e-17 	 6.144202008585116e-17 	 2 	 1.830037952678829e-18 	 8.326672684688674e-17
2	7	0	0	1.0 	 1.0094804418836035e-10 	 2.121829452029179e-10 	 2 	 2.458631954925566e-11 	 1.1186775394911306e-09
2	8	0	0	1.0 	 1.1264335799456122e-12 	 7.472796893577502e-12 	 2 	 1.4629219691563934e-12 	 6.65629495966158e-11
2	9	0	0	1.0 	 2.1824861927613052e-10 	 2.3013581205672916e-10 	 2 	 1.0473797794417699e-10 	 4.765577996460042e-09
2	10	0	0	1.0 	 4.0748324395887063e-13 	 2.1664043949299265e-13 	 2 	 1.760519385951445e-14 	 8.010363206079063e-13
3	1	0	0	1.0 	 6.6416643283635e-12 	 4.0933246322093843e-11 	 3 	 5.4238027926601005e-12 	 2.4135922427337425e-10
3	2	0	0	1.0 	 0.0049918586097961095 	 0.015489333380721894 	 3 	 0.0016037415738568114 	 0.07136649923302275
3	3	0	0	1.0 	 6.533013607985847e-09 	 2.253821585001823e-08 	 3 	 4.073506516494349e-09 	 1.8127103998399872e-07
3	4	0	0	1.0 	 2.0814271500065344e-10 	 9.545949499381247e-10 	 3 	 2.5711710382514976e-10 	 1.1441711120219192e-08
3	5	0	0	1.0 	 9.43338319280593e-15 	 1.0905316921246474e-13 	 3 	 5.704238579612018e-15 	 2.5383861679273423e-13
3	6	0	0	1.0 	 1.1526117105238201e-11 	 5.8185635124900106e-11 	 3 	 3.4343216784772836e-11 	 1.5282731469223876e-09
3	7	0	0	1.0 	 9.827774822368885e-05 	 0.0001078626875915651 	 3 	 2.1545104352247998e-05 	 0.0009587571436747006
3	8	0	0	1.0 	 3.8731399349411946e-08 	 2.2773477673741476e-07 	 3 	 1.9087877066650874e-07 	 8.494105294659819e-06
3	9	0	0	1.0 	 1.5731489046861775e-09 	 8.002149988813888e-10 	 3 	 3.6942935009486576e-10 	 1.6439606079221566e-08
3	10	0	0	1.0 	 3.667665104559846e-12 	 1.7069323044933616e-12 	 3 	 3.922265719142847e-13 	 1.745408245018565e-11
5	1	0	0	1.0 	 4.06295558817928e-06 	 1.6529085359529626e-05 	 5 	 2.761757531795117e-06 	 0.00011737469510129914
5	2	0	0	0.6666666666666666 	 3.829944328654703e-05 	 0.00027226088777693966 	 5 	 0.0001897058469406167 	 0.013922738472802414
5	3	0	0	1.0 	 2.6181912568058493e-05 	 8.668069233240915e-05 	 5 	 0.00011318786292221544 	 0.004810484174194149
5	4	0	0	1.0 	 4.2314989949837364e-10 	 1.8905426703750016e-09 	 5 	 5.058463396522755e-10 	 2.149846943522163e-08
5	5	0	0	1.0 	 2.897781138593792e-10 	 1.3656691217432287e-09 	 5 	 1.431710524645108e-10 	 6.084769729741703e-09
5	6	0	0	1.0 	 1.7673710323812953e-08 	 9.237211831244617e-09 	 5 	 3.4481846228421954e-09 	 1.4654784647079327e-07
5	7	0	0	1.0 	 0.00035204753838414475 	 0.00015837408241509962 	 5 	 3.738765119862065e-05 	 0.001588975175941467
5	8	0	0	1.0 	 1.0599407443400291e-07 	 4.5430385555167695e-07 	 5 	 2.0362712918347813e-07 	 8.654152990297799e-06
5	9	0	0	1.0 	 2.7364463633830837e-06 	 4.208861160674347e-06 	 5 	 5.394047811832382e-07 	 2.292470320028717e-05
5	10	0	0	1.0 	 1.3706048713630288e-08 	 1.3052581575412215e-08 	 5 	 7.771232950837106e-09 	 3.3027740041057625e-07
7	1	0	0	1.0 	 0.00014380959204438358 	 0.0003644965665560198 	 7 	 0.00024330358053016875 	 0.009853795011466344
7	2	0	0	0.4 	 0.017929533716571737 	 0.014829053092741773 	 7 	 0.002065441800276904 	 0.4079256135422676
7	3	0	0	1.0 	 6.388678126197418e-07 	 1.2986183141011837e-06 	 7 	 1.7405241748030039e-06 	 7.049122907952176e-05
7	4	0	0	1.0 	 4.269988499162361e-07 	 3.510317367501612e-07 	 7 	 6.490480211464184e-08 	 2.6286444856430094e-06
7	5	0	0	1.0 	 0.01422953045520339 	 0.052022447562224475 	 7 	 0.0015528038523846728 	 0.08947238786874608
7	6	0	0	1.0 	 8.579156012563497e-05 	 2.1184937233990184e-05 	 7 	 3.0929462828162374e-06 	 0.00012526432445405787
7	7	0	0	1.0 	 0.0011033187784208615 	 0.0037972503456991124 	 7 	 0.0003564718605732414 	 0.014437110353216567
7	8	0	0	1.0 	 6.935308730151405e-08 	 2.2405166905364185e-06 	 7 	 3.083473815570914e-07 	 1.2488068953062244e-05
7	9	0	0	1.0 	 1.010529845517489e-05 	 8.854459527483557e-06 	 7 	 1.624074041840218e-06 	 6.577499869452839e-05
7	10	0	0	1.0 	 1.7988853876135892e-07 	 1.9248204241820678e-07 	 7 	 7.663758316954063e-08 	 3.1038221183663924e-06
10	1	0	0	0.17647058823529413 	 0.04187176191589217 	 0.04234815515779092 	 10 	 0.010534494128618037 	 0.8965691623222614
10	2	0	0	0.8181818181818182 	 0.007177135823608817 	 0.010156652281348709 	 10 	 0.001095740736437803 	 0.11485454807228436
10	3	0	0	1.0 	 0.011341250064810056 	 0.003905917882978197 	 10 	 0.0006065747653757796 	 0.027117636649594906
10	4	0	0	0.8181818181818182 	 0.00967547144024908 	 0.003756440444098152 	 10 	 0.0012719460140326946 	 0.048774782757382444
10	5	0	0	1.0 	 0.015814495375883853 	 0.043295314313415184 	 10 	 0.0014819447413646936 	 0.07827848351634795
10	6	0	0	1.0 	 7.581193218755918e-05 	 3.100036554099497e-05 	 10 	 4.280590763936378e-06 	 0.0001605221536476113
10	7	0	0	0.8181818181818182 	 0.0053363794471085 	 0.005935835906846414 	 10 	 0.0009951291691772134 	 0.10881501112004999
10	8	0	0	0.17647058823529413 	 0.0045946027618145365 	 0.005920711174639751 	 10 	 0.0025701507864463106 	 0.6954131014397331
10	9	0	0	1.0 	 1.936516125691312e-05 	 1.3092964410376614e-05 	 10 	 2.4103375508930917e-06 	 9.038765815848934e-05
10	10	0	0	0.8181818181818182 	 0.0013304579813348057 	 0.0345463159400001 	 10 	 0.0028430051051830624 	 0.16821680279357248
2	1	1	100	1.0 	 0.00018300471192873015 	 0.0014413703849900956 	 2 	 0.0005469823803701745 	 0.024887698306842898
2	1	1	1000	1.0 	 1.8665769325206555e-05 	 0.00014835620167643032 	 2 	 5.469823827314016e-05 	 0.002488769841427874
2	1	1	10000	1.0 	 1.8707535784962835e-06 	 1.4880593620480877e-05 	 2 	 5.4698240630769515e-06 	 0.000248876994870001
2	2	1	100	0.3333333333333333 	 0.00037201197048637144 	 0.009301636048561567 	 2 	 0.000931928238470475 	 0.19383707674973127
2	2	1	1000	0.3333333333333333 	 0.00027446262229474113 	 0.007351050510462739 	 2 	 0.0007452873628765582 	 0.19383707674973125
2	2	1	10000	0.3333333333333333 	 0.0002645991056409025 	 0.007155003496748554 	 2 	 0.0007266232753171656 	 0.19383707674973125
2	3	1	100	0.3333333333333333 	 0.04788464667383682 	 0.008535060716861663 	 2 	 0.0020738404865476828 	 0.10601279029215041
2	3	1	1000	1.0 	 0.00011152283590636895 	 0.00022484503616645055 	 2 	 3.384074026636782e-05 	 0.0015397536821197366
2	3	1	10000	1.0 	 1.1281372588029205e-05 	 2.2729593239582748e-05 	 2 	 3.384356933696786e-06 	 0.00015398824048320386
2	4	1	100	0.3333333333333333 	 0.00046766452207102076 	 0.0019241172218469721 	 2 	 3.662276665696588e-05 	 0.45104118601182985
2	4	1	1000	1.0 	 2.505693664049744e-05 	 0.00011325911676654227 	 2 	 9.346428277724474e-06 	 0.00042526248663646293
2	4	1	10000	1.0 	 2.503718106653001e-06 	 1.1327143943593173e-05 	 2 	 9.347224429913216e-07 	 4.252987115610507e-05
2	5	1	100	1.0 	 0.0009963050017745656 	 0.0045218752315812644 	 2 	 0.0003858300764957508 	 0.01755526848055664
2	5	1	1000	1.0 	 0.00010564312454500512 	 0.00047804960369667086 	 2 	 3.858300765896677e-05 	 0.0017555268484829856
2	5	1	10000	1.0 	 1.0628779967514363e-05 	 4.8081893104362555e-05 	 2 	 3.858300775284772e-06 	 0.00017555268527545687
2	6	1	100	1.0 	 0.0004960613960811481 	 0.0017022697669566665 	 2 	 7.881377766694799e-06 	 0.00035860268838461273
2	6	1	1000	1.0 	 4.9589216130571816e-05 	 0.00017039077177493866 	 2 	 7.881377766680157e-07 	 3.586026883839466e-05
2	6	1	10000	1.0 	 4.958752628407641e-06 	 1.704071661471228e-05 	 2 	 7.881377766472752e-08 	 3.586026883745097e-06
2	7	1	100	0.3333333333333333 	 0.005192270988469615 	 0.005938799034796135 	 2 	 0.0003461272118830298 	 0.10701056801403384
2	7	1	1000	1.0 	 0.0001383004472837592 	 0.00013791771320828636 	 2 	 4.96206626194297e-06 	 0.00022577401491840482
2	7	1	10000	1.0 	 1.3856243716779503e-05 	 1.3793145157614375e-05 	 2 	 4.962082421529308e-07 	 2.2577475017958315e-05
2	8	1	100	1.0 	 6.983154998113697e-05 	 0.0008563596511598008 	 2 	 0.000309632990093086 	 0.014088301049235391
2	8	1	1000	1.0 	 6.865796616502825e-06 	 8.562667845718178e-05 	 2 	 3.096330039458822e-05 	 0.0014088301679537618
2	8	1	10000	1.0 	 6.854567126240728e-07 	 8.562572962184923e-06 	 2 	 3.0963314247311215e-06 	 0.00014088307982526582
2	9	1	100	0.3333333333333333 	 0.0007136667345384798 	 0.0024238547273624923 	 2 	 7.422460359748836e-05 	 0.32725534178178056
2	9	1	1000	1.0 	 4.894369042954022e-05 	 0.00019558776464797498 	 2 	 2.024408675145602e-05 	 0.0009211059471912473
2	9	1	10000	1.0 	 4.903149842918233e-06 	 1.9616119725790103e-05 	 2 	 2.0244434347148173e-06 	 9.211217627952402e-05
2	10	1	100	1.0 	 0.0008112948109370295 	 0.005160530163080619 	 2 	 0.0003849223130516639 	 0.017513965243850682
2	10	1	1000	1.0 	 7.930363559469753e-05 	 0.0005195239051175711 	 2 	 3.8492231301217413e-05 	 0.00175139652420539
2	10	1	10000	1.0 	 7.913049629760864e-06 	 5.198824085001966e-05 	 2 	 3.849223126190514e-06 	 0.0001751396522416682
3	1	1	100	0.5 	 0.0013794965434956222 	 0.006498796134982357 	 3 	 0.0005330784604687682 	 0.2767734629096835
3	1	1	1000	1.0 	 2.201390455124781e-05 	 0.00024976304738176004 	 3 	 5.938802421174301e-05 	 0.0026427670774225587
3	1	1	10000	1.0 	 2.1973009261400983e-06 	 2.5118644733611777e-05 	 3 	 5.9388016549296806e-06 	 0.00026427667364437024
3	2	1	100	0.5 	 0.0011509762626706816 	 0.008649355771449459 	 3 	 0.000999537379965144 	 0.12755014482167842
3	2	1	1000	0.5 	 0.0003415866061265114 	 0.005629612455165802 	 3 	 0.0005386925481087007 	 0.12755014482167837
3	2	1	10000	0.5 	 2.1676112423660713e-05 	 0.0002356502669184377 	 3 	 0.00014680766725926487 	 0.011022047301243598
3	3	1	100	0.5 	 0.05464306592752674 	 0.01045847597057455 	 3 	 0.001415152735427262 	 0.07301256786629286
3	3	1	1000	1.0 	 0.0006492369365735978 	 0.002261920054029772 	 3 	 0.0004547956215585166 	 0.0202384051593541
3	3	1	10000	1.0 	 6.999688308998724e-05 	 0.00023456415890551243 	 3 	 4.548421475066234e-05 	 0.0020240475564044865
3	4	1	100	0.5 	 0.0005845780373154752 	 0.001970591687088068 	 3 	 0.00014654112523514813 	 0.3729503015080561
3	4	1	1000	1.0 	 3.1128207993836466e-05 	 0.00010824563377435622 	 3 	 1.0210946574662503e-05 	 0.0004543871225724806
3	4	1	10000	1.0 	 3.115282400644418e-06 	 1.0825057956229743e-05 	 3 	 1.0209270584226806e-06 	 4.5431254099809206e-05
3	5	1	100	1.0 	 0.0013723808062044514 	 0.015724163584436686 	 3 	 0.0006771278167003722 	 0.030132187843166527
3	5	1	1000	1.0 	 0.00014798881792532566 	 0.0017184487334177298 	 3 	 6.771278171190475e-05 	 0.0030132187861797582
3	5	1	10000	1.0 	 1.4917130409615288e-05 	 0.00017347710023740448 	 3 	 6.77127821306486e-06 	 0.0003013218804813859
3	6	1	100	1.0 	 0.0016955985726767441 	 0.003916826879848051 	 3 	 0.0019700893126722374 	 0.08766897441391501
3	6	1	1000	1.0 	 0.00012232515526945192 	 0.00039196890358705503 	 3 	 0.00019700800953389546 	 0.008766856424258382
3	6	1	10000	1.0 	 1.1915545926467983e-05 	 3.91991721821286e-05 	 3 	 1.969988061833512e-05 	 0.0008766446875159164
3	7	1	100	0.5 	 0.00864213485966359 	 0.004368355755562653 	 3 	 0.00014488765262939634 	 0.05837161357661827
3	7	1	1000	1.0 	 0.0006483868663956409 	 0.0027513382238875325 	 3 	 0.000537787149743554 	 0.023931528163582506
3	7	1	10000	1.0 	 5.805343791097568e-05 	 0.0002391142433938151 	 3 	 4.64826560964959e-05 	 0.002068478196293758
3	8	1	100	0.5 	 0.002029066200459064 	 0.004369400043286888 	 3 	 0.0035792683243302554 	 0.27457705148855255
3	8	1	1000	1.0 	 2.106655172851118e-05 	 0.00019091511783266883 	 3 	 0.00016016815700337168 	 0.007127482986649691
3	8	1	10000	1.0 	 2.0446348603247496e-06 	 1.8891602820947564e-05 	 3 	 1.5634241391537506e-05 	 0.0006957237419233887
3	9	1	100	0.5 	 0.0030660353266646944 	 0.009451860085548651 	 3 	 0.0009366697455945035 	 0.45003886752326433
3	9	1	1000	1.0 	 4.1559738689505675e-05 	 0.00022918683015941645 	 3 	 0.00011659985813650913 	 0.005188693687074669
3	9	1	10000	1.0 	 4.0792873975095276e-06 	 2.2919372031444316e-05 	 3 	 1.165984115553534e-05 	 0.0005188629314213239
3	10	1	100	1.0 	 0.001289160974236982 	 0.005053041364990526 	 3 	 0.0008631042462479427 	 0.038408138958033494
3	10	1	1000	1.0 	 0.00012559326326761633 	 0.0005187519318843692 	 3 	 8.631042285730229e-05 	 0.0038408138171499573
3	10	1	10000	1.0 	 1.2532726280501627e-05 	 5.202313347915864e-05 	 3 	 8.631040515656879e-06 	 0.0003840813029467316
5	1	1	100	0.1111111111111111 	 0.043562713973016705 	 0.009314861462209969 	 5 	 0.004077162192402484 	 0.8088916205267908
5	1	1	1000	1.0 	 0.010946108618276313 	 0.0015886262737533773 	 5 	 0.0010905613074378424 	 0.046683828283171504
5	1	1	10000	1.0 	 0.010462917529197797 	 0.0018312300752183427 	 5 	 0.0011433984656616086 	 0.04884054506987322
5	2	1	100	0.42857142857142855 	 0.027796671508056037 	 0.02509847541075086 	 5 	 0.0018866869011026847 	 0.24282627296059922
5	2	1	1000	0.6666666666666666 	 0.0018335391346473856 	 0.009831258738218947 	 5 	 0.0006886730118539489 	 0.09484782808347997
5	2	1	10000	0.6666666666666666 	 0.00033022645978046476 	 0.0013041730462024532 	 5 	 0.0003666354784095277 	 0.011297262186074457
5	3	1	100	0.25 	 0.07259231809215495 	 0.02155892545332989 	 5 	 0.004856109744949464 	 0.6079878736501481
5	3	1	1000	0.42857142857142855 	 0.05532552555492703 	 0.003072088054867532 	 5 	 0.0027162548605345798 	 0.22548033733022788
5	3	1	10000	1.0 	 0.0003882413329669543 	 0.000737555248550561 	 5 	 0.0007339209157013681 	 0.03119163891730856
5	4	1	100	0.42857142857142855 	 0.007129017985400075 	 0.012989659204771277 	 5 	 0.004258202238657282 	 0.5425487419462156
5	4	1	1000	1.0 	 6.639008206852043e-05 	 0.0007300391937042249 	 5 	 0.00013370497494090593 	 0.005682461434988515
5	4	1	10000	1.0 	 6.607634535893584e-06 	 7.450244828932127e-05 	 5 	 1.3370100608128437e-05 	 0.00056822927584546
5	5	1	100	0.6666666666666666 	 0.0069128728560838345 	 0.025505063795973646 	 5 	 0.0009225284022922465 	 0.18788374479751802
5	5	1	1000	1.0 	 0.004150936353032392 	 0.015245106272924103 	 5 	 0.0002625591375751145 	 0.016032769519381394
5	5	1	10000	1.0 	 0.00042957221634933675 	 0.001979098174331532 	 5 	 4.2188718733312635e-05 	 0.0017930205461658497
5	6	1	100	0.6666666666666666 	 0.020066772085384255 	 0.0383331931706521 	 5 	 0.004610378535830673 	 0.2855619510815908
5	6	1	1000	1.0 	 0.0007535821492687891 	 0.003427067136389453 	 5 	 0.0003879944629360672 	 0.01648976467478292
5	6	1	10000	1.0 	 7.638531584484861e-05 	 0.0003488041786905299 	 5 	 3.879333640414115e-05 	 0.0016487167971760046
5	7	1	100	0.6666666666666666 	 0.0182359877457807 	 0.009675148852802578 	 5 	 0.0005665543962209333 	 0.07288199924517556
5	7	1	1000	0.6666666666666666 	 0.004685976127172474 	 0.008184883011386241 	 5 	 0.0016521841908484901 	 0.1016903278409036
5	7	1	10000	1.0 	 0.00038416868769195145 	 0.000891566235344737 	 5 	 0.0002012328106299366 	 0.008552394451772643
5	8	1	100	0.25 	 0.004908886192680003 	 0.00818573330127158 	 5 	 0.002899998979636762 	 0.5489950478807731
5	8	1	1000	0.42857142857142855 	 0.0016803075852489969 	 0.00286477116321364 	 5 	 0.0024049581305671144 	 0.30428798807755914
5	8	1	10000	1.0 	 0.00021469073103165225 	 0.00019712126080788757 	 5 	 0.00010620462116144918 	 0.004513696399361632
5	9	1	100	0.42857142857142855 	 0.02818066489886852 	 0.010850005648915554 	 5 	 0.002717147709849277 	 0.3746234812529016
5	9	1	1000	1.0 	 0.0005794100929563773 	 0.002321676829330928 	 5 	 0.0004457573868754097 	 0.018944688942206345
5	9	1	10000	1.0 	 5.737763373270099e-05 	 0.00022631166944294794 	 5 	 4.287734283915706e-05 	 0.0018222870706642985
5	10	1	100	0.42857142857142855 	 0.035178888070472626 	 0.009112524029432773 	 5 	 0.0014843574140432014 	 0.1701599559376483
5	10	1	1000	0.42857142857142855 	 0.0028909051606666163 	 0.001793269409556592 	 5 	 0.0010320969159140474 	 0.15670974888245578
5	10	1	10000	1.0 	 4.6804375010470215e-05 	 6.783171138885208e-05 	 5 	 1.2125059951694594e-05 	 0.000515315047947026
7	1	1	100	0.2727272727272727 	 0.04053479831759801 	 0.013566944819531383 	 7 	 0.004151195591455009 	 0.6594678931738064
7	1	1	1000	1.0 	 0.01954437585932641 	 0.0023005164445457477 	 7 	 0.00024552946964747323 	 0.006997589884952985
7	1	1	10000	1.0 	 0.0009057462765851062 	 0.00023372966214577686 	 7 	 2.4621118515552637e-05 	 0.00070170187769325
7	2	1	100	0.2727272727272727 	 0.03853650537024051 	 0.03806803741995722 	 7 	 0.0021869738495570966 	 0.5281743186099174
7	2	1	1000	0.2727272727272727 	 0.03853650537024051 	 0.03806803741995722 	 7 	 0.0021869738495570966 	 0.5281743186099174
7	2	1	10000	0.5555555555555556 	 0.004465512569424075 	 0.001602944123949729 	 7 	 0.00034058403658885765 	 0.1044799635443754
7	3	1	100	0.2727272727272727 	 0.10036569828234981 	 0.02442127538969341 	 7 	 0.0038196012531922017 	 0.6596546657074717
7	3	1	1000	0.5555555555555556 	 0.06124391516126027 	 0.003300225011652324 	 7 	 0.0040008462159669975 	 0.1827273063787066
7	3	1	10000	1.0 	 0.0004001449943746459 	 0.0008837975857814678 	 7 	 0.001001367417693539 	 0.041631311765869795
7	4	1	100	0.4 	 0.02719699655512 	 0.028007274646048883 	 7 	 0.0027836492875947913 	 0.6148924605346044
7	4	1	1000	1.0 	 0.004768750396347989 	 0.0037335295915506893 	 7 	 0.00038603851731177025 	 0.0156345599511268
7	4	1	10000	1.0 	 0.0006110311258162189 	 0.000451338757656779 	 7 	 3.86236118408282e-05 	 0.0015642562795535582
7	5	1	100	0.75 	 0.025111584669691052 	 0.03258620641656544 	 7 	 0.008655435317115698 	 0.4365264559247321
7	5	1	1000	0.75 	 0.025111584669691052 	 0.03258620641656544 	 7 	 0.008655435317115698 	 0.4365264559247321
7	5	1	10000	1.0 	 0.01979032888083275 	 0.010838083299115675 	 7 	 0.000286416209671095 	 0.011599854344801696
7	6	1	100	0.4 	 0.06093890035153234 	 0.04559241427443095 	 7 	 0.006741319935199102 	 0.3947196479583407
7	6	1	1000	0.0 	 0.03350125500843297 	 0.050631809767477165 	 7 	 0.00979849901420233 	 1.0
7	6	1	10000	1.0 	 0.00034992020393359027 	 0.00046917926454828325 	 7 	 7.991765998828078e-05 	 0.003236665229525391
7	7	1	100	0.5555555555555556 	 0.07870785251293852 	 0.029821708148584206 	 7 	 0.0036101337740441523 	 0.19930795923858122
7	7	1	1000	0.5555555555555556 	 0.011786078432573241 	 0.013507853615461614 	 7 	 0.001334158492563163 	 0.2664841265456897
7	7	1	10000	0.75 	 0.004467538586161664 	 0.010513230228254861 	 7 	 0.001182856181878625 	 0.2411052000425735
7	8	1	100	0.45454545454545453 	 0.12751909168606426 	 0.05304933782686741 	 8 	 0.009886156323462084 	 0.5342353821643783
7	8	1	1000	0.5555555555555556 	 0.0014810684513928106 	 0.0043807897139791895 	 7 	 0.001958558333782707 	 0.2686030374828253
7	8	1	10000	1.0 	 0.00026707249381942506 	 0.00038816463149729947 	 7 	 0.00013553295757259525 	 0.005489084781690133
7	9	1	100	0.4 	 0.027489178560266732 	 0.014106009210346038 	 7 	 0.001415233402132225 	 0.2716881287180451
7	9	1	1000	0.75 	 0.040832295944870985 	 0.0032286127730548793 	 7 	 0.0006198227899025404 	 0.02807269365087833
7	9	1	10000	1.0 	 0.0003391469772165395 	 0.0005435081718709314 	 7 	 0.00011325286460125244 	 0.004586741016350965
7	10	1	100	0.5555555555555556 	 0.06531445205430801 	 0.02487968806944465 	 7 	 0.0030020078790321254 	 0.1600747551223545
7	10	1	1000	0.5555555555555556 	 0.004413609179752065 	 0.0037865185052032603 	 7 	 0.0009303515110317922 	 0.11655297231167189
7	10	1	10000	1.0 	 0.0002798451049147012 	 0.00016865911447866075 	 7 	 4.205791364694773e-05 	 0.0017033455027013875
10	1	1	100	0.25 	 0.0881807289350548 	 0.029960297318044313 	 10 	 0.006705184376736264 	 0.6316457814912113
10	1	1	1000	0.5384615384615384 	 0.021786902903015885 	 0.015185545393083975 	 10 	 0.005496051940239987 	 0.40015166451562795
10	1	1	10000	1.0 	 0.003501890612231769 	 0.005175003109071315 	 10 	 0.00028365066177451657 	 0.020026742567915246
10	2	1	100	0.42857142857142855 	 0.09066679134684108 	 0.04464971778272937 	 10 	 0.004888073657514881 	 0.3731787706310462
10	2	1	1000	0.42857142857142855 	 0.0322090596107427 	 0.013612120034932116 	 10 	 0.0030209656983789064 	 0.32014436598774815
10	2	1	10000	0.5384615384615384 	 0.01903217047804642 	 0.012638365912564878 	 10 	 0.004451414883858193 	 0.3432507251628792
10	3	1	100	0.42857142857142855 	 0.12528891927495717 	 0.040195603152010366 	 10 	 0.0032309389114901564 	 0.5166005611794036
10	3	1	1000	0.5384615384615384 	 0.07433387496782293 	 0.023911257017108833 	 10 	 0.002814908163781246 	 0.2522120308763715
10	3	1	10000	0.05263157894736842 	 0.11170914046609189 	 0.06417801453207572 	 10 	 0.016205437848522027 	 1.0
10	4	1	100	0.25 	 0.05842528560577965 	 0.046692898233041825 	 10 	 0.004452367501852559 	 0.8004201903419996
10	4	1	1000	0.5384615384615384 	 0.02330216568979918 	 0.021198652385890325 	 10 	 0.001939659204849576 	 0.40537409494945686
10	4	1	10000	0.6666666666666666 	 0.019563747848788123 	 0.018498891121280656 	 10 	 0.0010208659991003091 	 0.22500028789616555
10	5	1	100	0.5384615384615384 	 0.10530568227090849 	 0.04573729245706513 	 10 	 0.01106278074499568 	 0.6562165850985949
10	5	1	1000	0.17647058823529413 	 0.07681895169886217 	 0.04899672566626137 	 10 	 0.004023379658576507 	 0.6778996589793966
10	5	1	10000	1.0 	 0.00666879412673596 	 0.003390474418798701 	 10 	 0.00017375119843901575 	 0.008124702623403252
10	6	1	100	0.3333333333333333 	 0.09697499133832654 	 0.07698690257017785 	 10 	 0.0034436393278999954 	 0.4195671693986914
10	6	1	1000	0.5384615384615384 	 0.008210382500954001 	 0.016514958485296986 	 10 	 0.00130996654792404 	 0.2671927892671859
10	6	1	10000	0.6666666666666666 	 0.010430153186052348 	 0.0296722930716502 	 10 	 0.0030861723058624737 	 0.4350805000757338
10	7	1	100	0.3333333333333333 	 0.12557534235059295 	 0.034823349880927286 	 10 	 0.004529513203950892 	 0.430954278999362
10	7	1	1000	0.42857142857142855 	 0.018105888876948462 	 0.019103094474871605 	 10 	 0.0022573200033461005 	 0.45854989777163907
10	7	1	10000	0.17647058823529413 	 0.0568865953212179 	 0.015584959730165743 	 10 	 0.002443272215778911 	 0.5378203251787822
10	8	1	100	0.3333333333333333 	 0.11324313361909219 	 0.0282106409267176 	 10 	 0.007051939122010718 	 0.5573439597250749
10	8	1	1000	0.3333333333333333 	 0.05729753873795852 	 0.014162918641842671 	 10 	 0.0055902703837158695 	 0.4415973485216612
10	8	1	10000	0.6666666666666666 	 0.010942547642609535 	 0.0016085282503726385 	 10 	 0.0019247443626349975 	 0.21019919705297102
10	9	1	100	0.42857142857142855 	 0.12138312363429257 	 0.025886686324771032 	 10 	 0.004613322461066266 	 0.29439701741135194
10	9	1	1000	0.8181818181818182 	 0.04737965968412483 	 0.006127442952199764 	 10 	 0.0009123180836302164 	 0.038070790398647116
10	9	1	10000	1.0 	 0.0014513543320960026 	 0.0007132667082710616 	 10 	 0.00015923077848167805 	 0.005971154193063156
10	10	1	100	0.3333333333333333 	 0.023994205945468982 	 0.023919682214082767 	 10 	 0.004147908968047707 	 0.6095595066904084
10	10	1	1000	0.6666666666666666 	 0.03860778354846231 	 0.013274309058319667 	 10 	 0.0007189888389141555 	 0.17414176554786223
10	10	1	10000	0.8181818181818182 	 0.011598572537337606 	 0.010479660023812435 	 10 	 0.000207335134073093 	 0.15531549383300042
2	1	2	100	1.0 	 0.00014500274946442585 	 0.0005646735791855435 	 2 	 2.041978071106771e-05 	 0.0009291000223535795
2	1	2	1000	1.0 	 1.45238835871702e-05 	 5.6495224941677014e-05 	 2 	 2.0419783718026252e-06 	 9.29100159170193e-05
2	1	2	10000	1.0 	 1.4526251029722611e-06 	 5.649801536910025e-06 	 2 	 2.041981384122567e-07 	 9.291015297757665e-06
2	2	2	100	0.3333333333333333 	 0.04888808807248736 	 0.01710019212985504 	 2 	 0.0010160569051429745 	 0.05612696610149259
2	2	2	1000	0.3333333333333333 	 0.004967898801490748 	 0.03106405793294284 	 2 	 0.0035358654645156924 	 0.9438730338985074
2	2	2	10000	1.0 	 0.004504145016793851 	 0.022922097409461478 	 2 	 0.002523119017631678 	 0.11480191795206009
2	3	2	100	0.3333333333333333 	 0.0005108849676957428 	 0.0024360274622311955 	 2 	 0.0003334678714326432 	 0.4375072662407876
2	3	2	1000	1.0 	 2.2345227712664836e-05 	 0.00011840725998895766 	 2 	 1.69816763964909e-05 	 0.0007726662760403352
2	3	2	10000	1.0 	 2.2335088420299464e-06 	 1.1841907796223003e-05 	 2 	 1.6982620387001808e-06 	 7.727092276085817e-05
2	4	2	100	1.0 	 3.9178042612678045e-05 	 0.0002920226393177374 	 2 	 7.589918601001047e-05 	 0.0034534129634554694
2	4	2	1000	1.0 	 3.920859512211434e-06 	 2.934944614006722e-05 	 2 	 7.589776261869357e-06 	 0.00034533481991505516
2	4	2	10000	1.0 	 3.920469522394037e-07 	 2.935902470862796e-06 	 2 	 7.588352518780121e-07 	 3.4527003960449485e-05
2	5	2	100	1.0 	 0.0010493651941736063 	 0.002016100579411918 	 2 	 1.1147567206200946e-07 	 5.072143078821423e-06
2	5	2	1000	1.0 	 0.00010493864171295106 	 0.00020197633965088913 	 2 	 1.1147570132858642e-08 	 5.072144410450674e-07
2	5	2	10000	1.0 	 1.0493885395312962e-05 	 2.0201304131107927e-05 	 2 	 1.1147599580304344e-09 	 5.072157809038469e-08
2	6	2	100	1.0 	 4.4285434443571314e-05 	 0.0011820226314678732 	 2 	 8.572524140965783e-05 	 0.0039004984841394257
2	6	2	1000	1.0 	 4.371452060284832e-06 	 0.00011810269479632234 	 2 	 8.572524140967857e-06 	 0.00039004984841403695
2	6	2	10000	1.0 	 4.365824456491284e-07 	 1.180927471877306e-05 	 2 	 8.572524141018487e-07 	 3.900498484163406e-05
2	7	2	100	1.0 	 0.0010113437795472894 	 0.002466931343932934 	 2 	 0.00046944788661523886 	 0.021359878840993333
2	7	2	1000	1.0 	 0.0001220275786408769 	 0.0002792804932720696 	 2 	 4.694481079289695e-05 	 0.002135988891076808
2	7	2	10000	1.0 	 1.2461332901947814e-05 	 2.8331191286269804e-05 	 2 	 4.694503206585829e-06 	 0.00021359989589965484
2	8	2	100	1.0 	 0.0001945564223805012 	 0.0009449952301340606 	 2 	 6.237546307963003e-05 	 0.002838083570123162
2	8	2	1000	1.0 	 1.9410158308909885e-05 	 9.457123598901666e-05 	 2 	 6.237547624748878e-06 	 0.0002838084169260735
2	8	2	10000	1.0 	 1.9405673180550757e-06 	 9.457845480977987e-06 	 2 	 6.237560789271464e-07 	 2.8380901591185115e-05
2	9	2	100	0.3333333333333333 	 0.038997037068677215 	 0.0034017746100358853 	 2 	 0.0002956889486750348 	 0.020252180148826585
2	9	2	1000	1.0 	 0.00010287216627613621 	 0.00011353306698697205 	 2 	 2.5861565713501114e-05 	 0.0011767012399642978
2	9	2	10000	1.0 	 9.788133783955018e-06 	 1.1354133071221246e-05 	 2 	 2.586062377785911e-06 	 0.00011766583818925865
2	10	2	100	0.3333333333333333 	 0.0052099276515042954 	 0.0019180466875545047 	 2 	 8.319564860786447e-05 	 0.026199554879935395
2	10	2	1000	1.0 	 0.0010609761663385568 	 0.0005195474357864335 	 2 	 3.820105861524599e-05 	 0.0017381481669936898
2	10	2	10000	1.0 	 9.976344495013011e-05 	 5.1972716403778846e-05 	 2 	 3.82010584568326e-06 	 0.0001738148159785881
3	1	2	100	1.0 	 0.0012502674619050338 	 0.004582500956939295 	 3 	 0.0003358593384892489 	 0.014945740562771594
3	1	2	1000	1.0 	 0.0001312755207299827 	 0.0004779523072019505 	 3 	 3.358592896775115e-05 	 0.0014945738390649281
3	1	2	10000	1.0 	 1.3194104622792788e-05 	 4.800330935346344e-05 	 3 	 3.358588015749818e-06 	 0.0001494571667008671
3	2	2	100	0.5 	 0.03931620955618712 	 0.008916443114253674 	 3 	 0.0005044996784862508 	 0.03014603499860167
3	2	2	1000	0.5 	 0.00017004803555507127 	 0.0013630487999366898 	 3 	 0.0007534232213122654 	 0.025629351369693274
3	2	2	10000	1.0 	 0.004988941410268992 	 0.015496963058569868 	 3 	 0.0016046203783501847 	 0.07140560603432854
3	3	2	100	1.0 	 0.002568963583300025 	 0.006274633903904416 	 3 	 0.0008356351054896638 	 0.03718576219429005
3	3	2	1000	1.0 	 0.00021454479738078905 	 0.0006320475952583091 	 3 	 8.356003711979017e-05 	 0.0037184216518306675
3	3	2	10000	1.0 	 2.1110280108260876e-05 	 6.323317055953055e-05 	 3 	 8.352530493883367e-06 	 0.0003716876069778103
3	4	2	100	0.2 	 0.0008125055728384373 	 0.002493688398996366 	 3 	 0.0002786547656816324 	 0.6088840752132911
3	4	2	1000	1.0 	 5.351758405963122e-05 	 0.0001616535904734382 	 3 	 1.5192894939876256e-05 	 0.0006760838248244946
3	4	2	10000	1.0 	 5.356123680115474e-06 	 1.618618813561058e-05 	 3 	 1.5195209093179384e-06 	 6.761868046464839e-05
3	5	2	100	1.0 	 0.0006585609322389975 	 0.008707308788699596 	 3 	 0.00025506546048825436 	 0.016317909161694982
3	5	2	1000	1.0 	 6.246500998426461e-05 	 0.0008829134992844921 	 3 	 3.666945878196448e-05 	 0.001631790915797418
3	5	2	10000	1.0 	 1.558080637217116e-05 	 3.987826008453761e-05 	 3 	 2.9733498809401562e-06 	 9.66338711305553e-05
3	6	2	100	1.0 	 0.000346378983759896 	 0.001150301320655888 	 3 	 0.00023840112531981037 	 0.010608850076731539
3	6	2	1000	1.0 	 3.463421990272472e-05 	 0.00011636709745280851 	 3 	 2.3840140316821254e-05 	 0.001060886244098544
3	6	2	10000	1.0 	 3.4634567179515064e-06 	 1.165043701725259e-05 	 3 	 2.384043298648473e-06 	 0.00010608992678985685
3	7	2	100	0.5 	 0.003966393978354876 	 0.006325279522879819 	 3 	 0.0026120301155639694 	 0.3386350491022254
3	7	2	1000	1.0 	 0.0014312141421387971 	 0.0017606481543679243 	 3 	 0.00046188687206741253 	 0.02055396580699442
3	7	2	10000	1.0 	 0.00026431784351665396 	 0.0003065128023842915 	 3 	 6.55893154337225e-05 	 0.002918724536799654
3	8	2	100	0.2 	 0.054480873116719335 	 0.007417487972056837 	 3 	 0.00717627383513862 	 0.6800373108093722
3	8	2	1000	1.0 	 6.204605644782017e-05 	 0.0003520686059320604 	 3 	 0.00022175251154870398 	 0.011429995418351322
3	8	2	10000	1.0 	 6.2324258259194625e-06 	 3.586601029292663e-05 	 3 	 1.3894563965627534e-05 	 0.0011507133222119967
3	9	2	100	0.5 	 0.015001566022939823 	 0.0020250855446876646 	 3 	 0.00045151083848540623 	 0.024049127545750358
3	9	2	1000	1.0 	 0.0020193640958151406 	 0.0003415559164606066 	 3 	 0.00011545331616909208 	 0.00513767256952461
3	9	2	10000	1.0 	 0.00010894359406677729 	 3.437470410802552e-05 	 3 	 1.154507766573272e-05 	 0.0005137559561251072
3	10	2	100	0.5 	 0.0082196530432047 	 0.002106597158560619 	 3 	 0.00010064725544000667 	 0.015569417233601533
3	10	2	1000	0.5 	 0.0028233513538629463 	 0.0006613885792164096 	 3 	 5.661294640299392e-05 	 0.014787143844071583
3	10	2	10000	1.0 	 0.0002322633664572638 	 6.421612052157644e-05 	 3 	 5.516083107981591e-06 	 0.0002454656983051813
5	1	2	100	0.42857142857142855 	 0.005366735734979499 	 0.01760931660410039 	 5 	 0.0013439139338233506 	 0.22467938398461482
5	1	2	1000	1.0 	 0.00046590302477217096 	 0.001682506347866148 	 5 	 0.0003665997170630896 	 0.015580487975181415
5	1	2	10000	1.0 	 7.359051242570467e-05 	 0.0002808497121296885 	 5 	 5.393383901614387e-05 	 0.002292188158186242
5	2	2	100	0.42857142857142855 	 0.02887697640092865 	 0.024424506162660193 	 5 	 0.000536127085703144 	 0.26855411066735513
5	2	2	1000	0.6666666666666666 	 0.006016517065147892 	 0.019935352543027154 	 5 	 0.001080985391173551 	 0.2344764842777574
5	2	2	10000	0.6666666666666666 	 7.963481180504277e-05 	 0.0004210836842488768 	 5 	 0.00020261654719980036 	 0.014916734299939206
5	3	2	100	0.6666666666666666 	 0.024547906089417478 	 0.013841374804772077 	 5 	 0.005508237115541549 	 0.397324667331537
5	3	2	1000	1.0 	 0.000978246000994161 	 0.00199617486913864 	 5 	 0.0004897394349435939 	 0.03434655015264374
5	3	2	10000	1.0 	 0.00012960502335347343 	 0.00028870718120532735 	 5 	 0.00018188798147373805 	 0.0077302392126338566
5	4	2	100	0.6666666666666666 	 0.0007426487037579655 	 0.002854720751051858 	 5 	 0.00021162952076011834 	 0.1747503855055905
5	4	2	1000	1.0 	 6.208690032168553e-05 	 0.0002529262667433891 	 5 	 5.004745758638105e-05 	 0.002127016947421195
5	4	2	10000	1.0 	 6.248214554550555e-06 	 2.5395743063452037e-05 	 5 	 5.004820399534216e-06 	 0.00021270486698020424
5	5	2	100	1.0 	 0.0038877491652692534 	 0.02930744462252719 	 5 	 0.0005373496214830192 	 0.028480885059031326
5	5	2	1000	1.0 	 0.00035893183576993156 	 0.003412211515231638 	 5 	 6.835976156600853e-05 	 0.0029052898665553966
5	5	2	10000	1.0 	 1.587036141734707e-05 	 6.629767677171005e-05 	 5 	 1.4226784423564847e-06 	 6.046383380015065e-05
5	6	2	100	0.6666666666666666 	 0.02847877632820852 	 0.009937301122540801 	 5 	 0.0005300945943760743 	 0.05346548636893827
5	6	2	1000	1.0 	 0.0028646814585849556 	 0.0018775067174476442 	 5 	 0.0001433084596731808 	 0.006090609536110183
5	6	2	10000	1.0 	 0.0003511227009621786 	 0.00020694385465154204 	 5 	 1.4328264751927644e-05 	 0.0006089512519569247
5	7	2	100	0.6666666666666666 	 0.004898615041452895 	 0.004555972665524579 	 5 	 0.0015949820949046946 	 0.15554275127067435
5	7	2	1000	1.0 	 0.0003453306398828134 	 0.0002931044290528513 	 5 	 4.632741742771843e-05 	 0.0019689152406781483
5	7	2	10000	1.0 	 0.0002960601439598909 	 0.00014746577055217737 	 5 	 3.555709734966462e-05 	 0.0015111766373608311
5	8	2	100	1.0 	 0.0053069139824849796 	 0.006462384602586945 	 5 	 0.0011973815477707842 	 0.06429088421926482
5	8	2	1000	1.0 	 0.0004923240238454294 	 0.0006699693030477203 	 5 	 0.0001444499824271539 	 0.006432254089759194
5	8	2	10000	1.0 	 4.888438023350832e-05 	 6.70634777099221e-05 	 5 	 1.5206250539434654e-05 	 0.0006462656479259687
5	9	2	100	0.42857142857142855 	 0.037002296125746105 	 0.00803642818204894 	 5 	 0.001245567583221787 	 0.11876142885837661
5	9	2	1000	1.0 	 0.002073347486186204 	 0.0013128810263616766 	 5 	 0.00011367658867262982 	 0.009860763057909713
5	9	2	10000	1.0 	 0.00015962754854275318 	 0.0001389457583186786 	 5 	 2.3584853757269705e-05 	 0.0010023562846839442
5	10	2	100	0.42857142857142855 	 0.04876564241493883 	 0.006353208587814558 	 5 	 0.0021742585136747946 	 0.3854568061320561
5	10	2	1000	0.6666666666666666 	 0.004630060484602865 	 0.00076663506480274 	 5 	 0.00010786461955472962 	 0.014583781325321116
5	10	2	10000	1.0 	 0.00013819642467449348 	 5.492093674354169e-05 	 5 	 1.8378035580586098e-05 	 0.0007810665121749077
7	1	2	100	0.2727272727272727 	 0.07656597866003952 	 0.019157062851966524 	 7 	 0.008534522358196447 	 0.6381838376707242
7	1	2	1000	1.0 	 0.0007927514008993924 	 0.0016456187796539026 	 7 	 0.0009039213870499343 	 0.036608816175470606
7	1	2	10000	1.0 	 9.400735085295516e-05 	 0.00023029139560124215 	 7 	 0.00013202035400547438 	 0.005346824337218278
7	2	2	100	0.5555555555555556 	 0.05840436663058001 	 0.059810966191262374 	 7 	 0.0026341035547893773 	 0.1582392523471002
7	2	2	1000	0.75 	 0.0056441391065335245 	 0.014473331397205049 	 7 	 0.0008072778257413672 	 0.18477427516150954
7	2	2	10000	0.4 	 0.017922444512314274 	 0.014721066629606379 	 7 	 0.002068215974789616 	 0.4080993926488231
7	3	2	100	0.2727272727272727 	 0.044495593124444205 	 0.010775261057828665 	 7 	 0.003501941952945527 	 0.6181563263601563
7	3	2	1000	0.75 	 0.0015088102783982417 	 0.001976846764605605 	 7 	 0.001900721749234969 	 0.15849021358501164
7	3	2	10000	1.0 	 7.038707647617716e-05 	 0.0001063328129765816 	 7 	 4.651241277071537e-05 	 0.0018837527172139744
7	4	2	100	0.5555555555555556 	 0.014498818631830175 	 0.011954761709138468 	 7 	 0.0026413004452622768 	 0.5082786496065826
7	4	2	1000	1.0 	 0.0015001099977303076 	 0.001501380241741134 	 7 	 0.000332213423635537 	 0.01345464365723931
7	4	2	10000	1.0 	 0.00016101111120335864 	 0.0001582481854357834 	 7 	 3.3219295148361096e-05 	 0.0013453814535086324
7	5	2	100	0.75 	 0.013734998759641058 	 0.04916628202193093 	 7 	 0.001391212372810104 	 0.11201183572055015
7	5	2	1000	1.0 	 0.009803082106838628 	 0.042740218586329023 	 7 	 0.0013761982553450575 	 0.06227104828336006
7	5	2	10000	1.0 	 0.014551471455271563 	 0.05289920889665254 	 7 	 0.0015134842660336448 	 0.08995197713654766
7	6	2	100	0.5555555555555556 	 0.0334759589659536 	 0.012629646421980008 	 7 	 0.0020399249991454333 	 0.2632161328694185
7	6	2	1000	1.0 	 0.005078373518356052 	 0.0022720322955545893 	 7 	 0.000389351119715953 	 0.01576872034849615
7	6	2	10000	1.0 	 0.0008393763734522214 	 0.00028997925014359133 	 7 	 4.125259993489661e-05 	 0.001670730297363318
7	7	2	100	0.5555555555555556 	 0.009233364940285945 	 0.018102262783447055 	 7 	 0.0013551552680050292 	 0.39210782288228796
7	7	2	1000	0.75 	 0.004989422325100175 	 0.012030841969095337 	 7 	 0.001458198934621156 	 0.2596097452126114
7	7	2	10000	0.5555555555555556 	 0.0075429990546517995 	 0.013981581435351886 	 7 	 0.0022465315962982664 	 0.35138904725746517
7	8	2	100	0.4 	 0.03352571523095424 	 0.007024602734959371 	 7 	 0.0004895275559381133 	 0.45097283287309387
7	8	2	1000	0.75 	 0.008669368871537112 	 0.007842022946443724 	 7 	 0.002077459052258755 	 0.09501433496803227
7	8	2	10000	1.0 	 2.5655759650989327e-05 	 0.00018318460219879284 	 7 	 8.612347360370613e-05 	 0.003488000680950115
7	9	2	100	0.5555555555555556 	 0.04714824996635693 	 0.03543963313930688 	 7 	 0.0019104423593341356 	 0.14329712637007608
7	9	2	1000	0.75 	 0.023156136399399552 	 0.0008018350570621203 	 7 	 0.0002074773405128879 	 0.009136013491539358
7	9	2	10000	0.5555555555555556 	 0.0012845378363849596 	 0.0005801086453684669 	 7 	 0.0008267883585055361 	 0.08173793623934618
7	10	2	100	0.75 	 0.07464938900355432 	 0.0061769687751464025 	 7 	 0.0009962325788128732 	 0.04199324169335957
7	10	2	1000	0.75 	 0.0033299831176383863 	 0.0008319884280026552 	 7 	 0.0001353381015039824 	 0.010749437720880137
7	10	2	10000	1.0 	 0.0006587659077394739 	 0.00015316299812880195 	 7 	 1.654916457227671e-05 	 0.0006702411651772048
10	1	2	100	0.42857142857142855 	 0.05589615543203759 	 0.019140637125206354 	 10 	 0.0017785132763276418 	 0.23103967855845306
10	1	2	1000	0.6666666666666666 	 0.005655819842778118 	 0.0050411732487896845 	 10 	 0.0014175997933084143 	 0.12822358041505347
10	1	2	10000	0.25 	 0.04180918142694144 	 0.04237764276790948 	 10 	 0.01052979824916102 	 0.8970576309179443
10	2	2	100	0.17647058823529413 	 0.08271267133531132 	 0.08859432392195957 	 10 	 0.009353536667631872 	 0.8159360229816639
10	2	2	1000	0.25 	 0.08821794540470992 	 0.07356516440135012 	 10 	 0.00819840018731031 	 0.8061286667642532
10	2	2	10000	0.5384615384615384 	 0.057821801544336186 	 0.008115445050132444 	 10 	 0.0035310530337578647 	 0.21206830082443984
10	3	2	100	0.42857142857142855 	 0.0998927148619613 	 0.0189571185103185 	 10 	 0.003417704602351108 	 0.4278159384684538
10	3	2	1000	0.5384615384615384 	 0.029472670555262682 	 0.013138356104298591 	 10 	 0.0007299947321006592 	 0.2834354057034126
10	3	2	10000	1.0 	 0.009583399603057444 	 0.003745352046548509 	 10 	 0.0005765877299902746 	 0.024975136210616946
10	4	2	100	0.5384615384615384 	 0.06861135595095297 	 0.017172423190057753 	 10 	 0.0013030587708420768 	 0.23934342065198952
10	4	2	1000	0.6666666666666666 	 0.017381443294792256 	 0.0050239066989746384 	 10 	 0.001345472068193258 	 0.06817773774788059
10	4	2	10000	0.3333333333333333 	 0.0031606577492327304 	 0.0034876596350846695 	 10 	 0.0003564184437545202 	 0.4818330002993486
10	5	2	100	0.5384615384615384 	 0.11535084086498137 	 0.026727506156315473 	 10 	 0.0036604740582029415 	 0.16578103012972967
10	5	2	1000	0.17647058823529413 	 0.060367797186176124 	 0.09233867747686048 	 10 	 0.006106056126403888 	 0.8145819450753785
10	5	2	10000	1.0 	 0.01597190514542454 	 0.04354013081983025 	 10 	 0.001443388405374181 	 0.07882373454382784
10	6	2	100	0.3333333333333333 	 0.09020974732962586 	 0.05457982796816591 	 10 	 0.004864400040541558 	 0.6177802980043778
10	6	2	1000	0.17647058823529413 	 0.033171093349434924 	 0.03651334589261537 	 10 	 0.002957653786530212 	 0.8143617549066962
10	6	2	10000	0.8181818181818182 	 0.043824769540965015 	 0.007566607449733122 	 10 	 0.0004675496783773508 	 0.025100016399616936
10	7	2	100	0.42857142857142855 	 0.04244921382369607 	 0.022387581175561066 	 10 	 0.00290605701040992 	 0.47237983471063716
10	7	2	1000	0.6666666666666666 	 0.030940052427701654 	 0.01157776749747608 	 10 	 0.001771152405832479 	 0.3095343683777789
10	7	2	10000	0.8181818181818182 	 0.005549102542786685 	 0.009135490149090767 	 10 	 0.0027381311634517543 	 0.1375934396565994
10	8	2	100	0.5384615384615384 	 0.1941195571382967 	 0.06678432579410742 	 10 	 0.006731857115615422 	 0.36965125576359686
10	8	2	1000	0.6666666666666666 	 0.007220849231958793 	 0.002489712524239029 	 10 	 0.00381151608660511 	 0.18275307726902879
10	8	2	10000	0.25 	 0.015288040114170684 	 0.010568868836354738 	 10 	 0.003539922024956967 	 0.5890396986080676
10	9	2	100	0.5384615384615384 	 0.06865348066937804 	 0.013575191937565782 	 10 	 0.0017329455003646385 	 0.2787744025918198
10	9	2	1000	0.8181818181818182 	 0.019451405443878526 	 0.002506168969449056 	 10 	 0.0004751723211567218 	 0.017981568902855377
10	9	2	10000	1.0 	 0.0003058112105351611 	 0.0002072989140469225 	 10 	 3.738445494616583e-05 	 0.0014019170604811955
10	10	2	100	0.8181818181818182 	 0.03624578562244299 	 0.010819807695823478 	 10 	 0.0026550404451224276 	 0.13500058482523883
10	10	2	1000	0.8181818181818182 	 0.02688377719084647 	 0.0019500651723756068 	 10 	 0.00030107361409797853 	 0.016279664183734277
10	10	2	10000	0.8181818181818182 	 0.004834250231130157 	 0.058693231801974756 	 10 	 0.004323277020840588 	 0.16920295354639098
