2	1	0	0	0.0 	 0.0039333719917324355 	 0.02323475379669131 	 2 	 0.0007524569195153511 	 1.0
2	2	0	0	0.0 	 0.0074691011940414736 	 0.09603464106482787 	 2 	 0.008985431970944438 	 1.0
2	3	0	0	0.0 	 0.0034734702643910145 	 0.019526444154446727 	 2 	 0.0005618712058548451 	 1.0
2	4	0	0	0.0 	 0.008322293409358918 	 0.01562976638404789 	 2 	 0.007942536825872204 	 1.0
2	5	0	0	0.3333333333333333 	 0.0034859301945465372 	 0.026279589079625562 	 2 	 0.004464755746478883 	 0.2031554972829493
2	6	0	0	0.0 	 0.008473271020738797 	 0.07904360010195563 	 2 	 0.004326468494227314 	 1.0
2	7	0	0	0.3333333333333333 	 0.002798459642534228 	 0.014474276778392052 	 2 	 0.0019588304344497934 	 1.000005228097106
2	9	0	0	0.0 	 0.011899973433186458 	 0.04151687970374158 	 2 	 0.00044510286041377127 	 1.0
2	10	0	0	0.0 	 0.020774738225881426 	 0.04793395929275534 	 2 	 0.0005758160478249681 	 1.0
3	1	0	0	0.0 	 0.044115460476608616 	 0.053352930059458244 	 3 	 0.009923607819183958 	 1.0
3	2	0	0	0.0 	 0.013655444955677035 	 0.05008882631366353 	 3 	 0.0009480076451142872 	 1.0
3	3	0	0	0.0 	 0.014340172509579249 	 0.03716625002310892 	 3 	 0.0027793238078213335 	 1.0
3	4	0	0	0.2 	 0.01489304734130957 	 0.05000536300347089 	 3 	 0.004944760239283708 	 0.6088840752132908
3	5	0	0	0.2 	 0.011160067002818562 	 0.1211139608127513 	 3 	 0.007045799575083542 	 0.32991965619128866
3	6	0	0	0.0 	 0.05048838675970148 	 0.06901127464376114 	 3 	 0.011640210329453924 	 1.0
3	7	0	0	0.2 	 0.007357400311898976 	 0.015740404912865047 	 3 	 0.005595934436546966 	 0.9410581268233612
3	8	0	0	0.0 	 0.01914086984142486 	 0.020661778965881127 	 3 	 0.014444009973688068 	 1.0
3	9	0	0	0.0 	 0.009433953316386858 	 0.020822895549677888 	 3 	 0.008940794051352651 	 1.0
3	10	0	0	0.0 	 0.02064990028568374 	 0.03440690512210007 	 3 	 0.004287378201248074 	 1.0
5	1	0	0	0.1111111111111111 	 0.054901909402405 	 0.08800852229253658 	 5 	 0.009415717642103857 	 0.7456200889329749
5	2	0	0	0.0 	 0.06186150157116071 	 0.2022977559966503 	 5 	 0.01656020957917378 	 1.0
5	3	0	0	0.0 	 0.022649156996212807 	 0.029741903098486386 	 5 	 0.010602288705901476 	 1.0
5	4	0	0	0.1111111111111111 	 0.039372492221481 	 0.12410580512766049 	 5 	 0.011825787670097761 	 0.7505670720692261
5	5	0	0	0.1111111111111111 	 0.07229325259922248 	 0.20428846639308326 	 5 	 0.009939117910415352 	 0.7618239752080017
5	6	0	0	0.1111111111111111 	 0.07155294307178724 	 0.07067585016931152 	 5 	 0.0051587348818061506 	 0.9810075129507113
5	7	0	0	0.1111111111111111 	 0.050129397672816996 	 0.0641416925780812 	 5 	 0.015850472594450618 	 1.0000165922346895
5	8	0	0	0.0 	 0.04416400617286028 	 0.03372084751051896 	 5 	 0.016970896452244463 	 1.0
5	9	0	0	0.1111111111111111 	 0.00834628190929077 	 0.02238101547050622 	 5 	 0.00441674301716112 	 0.9098712258914093
5	10	0	0	0.0 	 0.032755550688769675 	 0.030774978944020107 	 5 	 0.009810194380895037 	 1.0
7	1	0	0	0.16666666666666666 	 0.07803670296080775 	 0.07840017142387695 	 7 	 0.01220933918452443 	 0.8243801934468526
7	2	0	0	0.07692307692307693 	 0.09657878817873261 	 0.1628515526547422 	 7 	 0.01456036285383296 	 1.0000010359761098
7	3	0	0	0.0 	 0.044136976693923476 	 0.03383438228250531 	 7 	 0.01357865434830034 	 1.0
7	4	0	0	0.0 	 0.05126213188614706 	 0.11549029491260308 	 7 	 0.010550623542462974 	 1.0
7	5	0	0	0.16666666666666666 	 0.10938104431206841 	 0.18356021850169843 	 7 	 0.01913722825998653 	 0.8502109396141987
7	6	0	0	0.16666666666666666 	 0.0896442455640871 	 0.052365296344450904 	 7 	 0.008075545146410528 	 0.8307520250613011
7	7	0	0	0.07692307692307693 	 0.0670596980508088 	 0.08876947910209816 	 7 	 0.013936043122702666 	 0.8207339835668565
7	8	0	0	0.0 	 0.09591439664138227 	 0.06116946280232716 	 7 	 0.018586081733628326 	 1.0
7	9	0	0	0.16666666666666666 	 0.03699793774087996 	 0.11506111497556984 	 7 	 0.006817912518897145 	 0.7124785199564397
7	10	0	0	0.16666666666666666 	 0.0625797232458344 	 0.03019173570847756 	 7 	 0.0107408276091898 	 0.8634152385556387
10	1	0	0	0.17647058823529413 	 0.09156532300944138 	 0.06927484281797103 	 10 	 0.01656596090715017 	 0.7843973713534805
10	2	0	0	0.17647058823529413 	 0.13677042883643176 	 0.10480536459946806 	 10 	 0.014738134482810332 	 0.7408771446613166
10	3	0	0	0.17647058823529413 	 0.10375140587296719 	 0.05415124952165621 	 10 	 0.014539931237693903 	 0.9021966055532606
10	4	0	0	0.05263157894736842 	 0.10627716848275294 	 0.1095409743058458 	 10 	 0.013973845813852883 	 0.8794096295492895
10	5	0	0	0.1111111111111111 	 0.1404790396467404 	 0.1651325745443724 	 10 	 0.021041922239353344 	 0.8493892879529842
10	6	0	0	0.25 	 0.0746653665308549 	 0.11881146281380404 	 10 	 0.016935172047297067 	 0.8872012777614561
10	7	0	0	0.1111111111111111 	 0.09273349289117194 	 0.08634585320927349 	 10 	 0.015361908867758556 	 0.8516302741552044
10	8	0	0	0.05263157894736842 	 0.11545459931778694 	 0.05210158832396946 	 10 	 0.021810653987037555 	 0.9999958903910763
10	9	0	0	0.25 	 0.08068233809277649 	 0.1095116918153127 	 10 	 0.008589103023321873 	 0.7834619593927449
10	10	0	0	0.3333333333333333 	 0.11699786208365827 	 0.04346721985917284 	 10 	 0.01610344640544257 	 0.9275939574185172
2	1	1	100	0.0 	 0.0128519951846385 	 0.02322145027373138 	 2 	 0.008277100712207969 	 1.0
2	1	1	1000	0.0 	 0.0039333719917324355 	 0.02263004557948087 	 2 	 0.00027457261307266365 	 1.0
2	1	1	10000	0.0 	 0.0039333719917324355 	 0.022779207322780267 	 2 	 0.00044779270210222556 	 1.0
2	2	1	100	1.0 	 0.005530127660250766 	 0.046466243386791166 	 2 	 0.005394639151163936 	 0.36686976512257874
2	2	1	1000	1.0 	 0.005575288422921642 	 0.046565669564774065 	 2 	 0.005409511516743812 	 0.36619307248869437
2	2	1	10000	1.0 	 0.005586301332633459 	 0.04659779117235783 	 2 	 0.005405881710824073 	 0.3663582286580426
2	3	1	100	0.0 	 0.01091903537299354 	 0.00885265254395393 	 2 	 0.002329951434992334 	 1.0
2	3	1	1000	0.0 	 0.010853189560760557 	 0.00885265254395393 	 2 	 0.002329951434992334 	 1.0
2	3	1	10000	0.0 	 0.010817803089190144 	 0.00885265254395393 	 2 	 0.002329951434992334 	 1.0
2	4	1	1000	0.0 	 0.008407134802777586 	 0.02049554961605065 	 2 	 0.009913009340518862 	 1.0
2	4	1	10000	0.0 	 0.008377440156601981 	 0.020495537477849136 	 2 	 0.009913006761916044 	 1.0
2	5	1	100	0.3333333333333333 	 0.004947975877332515 	 0.0326450283274435 	 2 	 0.000532640348655208 	 0.754746434669087
2	5	1	1000	0.3333333333333333 	 0.004947975877332515 	 0.03170284507974652 	 2 	 0.00031084250714384306 	 0.7547464346690871
2	5	1	10000	0.3333333333333333 	 0.004947975877332515 	 0.03161886473794962 	 2 	 0.00029109282271950907 	 0.754746434669087
2	6	1	100	0.0 	 0.008473271020738797 	 0.08277585198094281 	 2 	 0.0031080843024476495 	 1.0
2	6	1	1000	0.0 	 0.008473271020738797 	 0.08182443431450871 	 2 	 0.0030096046073809775 	 1.0
2	6	1	10000	0.0 	 0.008473271020738797 	 0.08172937973958351 	 2 	 0.00299975663787431 	 1.0
2	7	1	100	0.3333333333333333 	 0.004971141245123102 	 0.034070560210347704 	 2 	 0.007382023229266486 	 0.44289253273760565
2	7	1	1000	0.3333333333333333 	 0.004888863837229972 	 0.03348923197506409 	 2 	 0.007220833779132872 	 0.4355584270829743
2	7	1	10000	0.3333333333333333 	 0.004873641384083069 	 0.033387800885998964 	 2 	 0.007196231803481225 	 0.43443904180454823
2	8	1	100	0.0 	 0.009959423373241488 	 0.025219750644322837 	 2 	 0.010632150335035475 	 1.0
2	8	1	1000	0.0 	 0.006199100757142547 	 0.02256706211669604 	 2 	 0.010632150865367097 	 1.0
2	8	1	10000	0.0 	 0.005728007030954126 	 0.022567062249634316 	 2 	 0.01063215094948144 	 1.0
2	9	1	100	0.0 	 0.010685661367418336 	 0.042498739825537146 	 2 	 0.007118200490507593 	 1.0
2	9	1	1000	0.0 	 0.015720470497927637 	 0.042498739825537146 	 2 	 0.007118200490507593 	 1.0
2	9	1	10000	0.0 	 0.007595026132483402 	 0.042498739825537146 	 2 	 0.007118200490507593 	 1.0
2	10	1	100	0.0 	 0.01569882132945935 	 0.06712348636564634 	 2 	 0.01052510616580918 	 1.0
2	10	1	1000	0.0 	 0.022543396829383104 	 0.06712348636564634 	 2 	 0.01052510616580918 	 1.0
2	10	1	10000	0.0 	 0.02073527294176617 	 0.06712348636564634 	 2 	 0.01052510616580918 	 1.0
3	1	1	100	0.0 	 0.017911134002696356 	 0.033572626004010946 	 3 	 0.006846471075667297 	 1.0
3	1	1	1000	0.0 	 0.017844930338871644 	 0.033738044302584126 	 3 	 0.006868265220232348 	 1.0
3	1	1	10000	0.0 	 0.01786897365714482 	 0.03370698514356184 	 3 	 0.00686417394615592 	 1.0
3	2	1	100	0.2 	 0.005187418534808783 	 0.041168636138598357 	 3 	 0.0032545003855644367 	 0.5832211687292401
3	2	1	1000	0.2 	 0.004919158415780011 	 0.04304481123192536 	 3 	 0.0028532380654075953 	 0.5751457038463273
3	2	1	10000	0.2 	 0.00489006496681677 	 0.04322344631413227 	 3 	 0.0028130500114155474 	 0.5742944836614289
3	3	1	1000	0.0 	 0.014340175447760914 	 0.03160532315034966 	 3 	 0.008635850978638056 	 1.0
3	3	1	10000	0.0 	 0.014340174684567763 	 0.031605317904855455 	 3 	 0.008635850679120767 	 1.0
3	4	1	100	0.0 	 0.04781003766081172 	 0.06926709507701279 	 3 	 0.012449927365162698 	 1.0
3	4	1	1000	0.0 	 0.0499370986639231 	 0.06926709507701279 	 3 	 0.012449927365162698 	 1.0
3	4	1	10000	0.0 	 0.0448150038100177 	 0.06926709507701279 	 3 	 0.012449927365162698 	 1.0
3	5	1	100	0.2 	 0.005153676365010013 	 0.07398629031565328 	 3 	 0.0014251735297299017 	 0.7762209082461612
3	5	1	1000	0.2 	 0.0051536302445238024 	 0.07598344661137386 	 3 	 0.0016072662564140037 	 0.784325124783976
3	5	1	10000	0.2 	 0.005153628530144269 	 0.07618785982678387 	 3 	 0.0016258792146028856 	 0.7851534837069112
3	6	1	100	0.2 	 0.010423588168160462 	 0.06563511673552203 	 3 	 0.00555532992559458 	 0.6917907335610001
3	6	1	1000	0.2 	 0.010068201845624616 	 0.066380756883686 	 3 	 0.00566251681304763 	 0.6917907335610001
3	6	1	10000	0.2 	 0.010028896621198888 	 0.06645399692370665 	 3 	 0.00568668075543118 	 0.6917907335610002
3	7	1	100	0.2 	 0.004244959198005868 	 0.012615924353084527 	 3 	 0.004394345489619524 	 0.5839409833619192
3	7	1	1000	0.2 	 0.004183139903324818 	 0.015633814730158072 	 3 	 0.0004926766214287582 	 0.563111127527128
3	7	1	10000	0.2 	 0.004184359519607773 	 0.016084505413482022 	 3 	 0.0007761081367007178 	 0.563111127527128
3	8	1	100	0.0 	 0.017461594884465418 	 0.01882662645938651 	 3 	 0.012755034223988116 	 1.0
3	8	1	1000	0.0 	 0.014592776194610111 	 0.018825317012246358 	 3 	 0.012754743247443039 	 1.0
3	8	1	10000	0.0 	 0.015637999195359853 	 0.018825317012246358 	 3 	 0.012754743247443039 	 1.0
3	9	1	100	0.0 	 0.013482354660254943 	 0.025697652461417666 	 3 	 0.007326048703169797 	 1.0
3	9	1	1000	0.0 	 0.013482017334523907 	 0.025880228295186214 	 3 	 0.006609690700303254 	 1.0
3	9	1	10000	0.0 	 0.013482112353390252 	 0.02589847915879145 	 3 	 0.006538054900016599 	 1.0
3	10	1	100	0.0 	 0.02823092920188033 	 0.05635291462093518 	 3 	 0.01405050206647342 	 1.0
3	10	1	1000	0.0 	 0.02837140162612626 	 0.05635291462093518 	 3 	 0.01405050206647342 	 1.0
3	10	1	10000	0.0 	 0.02943151007754201 	 0.05635291462093518 	 3 	 0.01405050206647342 	 1.0
5	1	1	100	0.1111111111111111 	 0.07075696353788372 	 0.06259902203723604 	 5 	 0.009340997697640322 	 0.9936480190704182
5	1	1	1000	0.1111111111111111 	 0.06191949252095454 	 0.06259902203723604 	 5 	 0.009340997697640324 	 0.9936480190704182
5	1	1	10000	0.1111111111111111 	 0.05915372682703884 	 0.06259902203723604 	 5 	 0.00934099769764032 	 0.9936480190704182
5	2	1	100	0.1111111111111111 	 0.015224398440172171 	 0.10971593441571346 	 5 	 0.002578835054409325 	 0.6230122348614189
5	2	1	1000	0.1111111111111111 	 0.015206654143798652 	 0.11045168606366192 	 5 	 0.0025658353688944977 	 0.6224597482270388
5	2	1	10000	0.1111111111111111 	 0.015206789626025641 	 0.11053719598183949 	 5 	 0.002564543635815267 	 0.6224048495711713
5	3	1	100	0.0 	 0.035332633892799566 	 0.02629457342225311 	 5 	 0.015160643830736835 	 1.0
5	3	1	1000	0.0 	 0.02726546911141219 	 0.026295575521245288 	 5 	 0.015160731031329838 	 1.0
5	3	1	10000	0.0 	 0.02629675816995729 	 0.02629553446842859 	 5 	 0.015160717309199243 	 1.0
5	4	1	100	0.0 	 0.0527423415001615 	 0.06536622966232543 	 5 	 0.015825527886953118 	 1.0
5	4	1	1000	0.0 	 0.06428051397136743 	 0.06536622966232543 	 5 	 0.015825527886953118 	 1.0
5	4	1	10000	0.0 	 0.06813391216247931 	 0.06536622966232543 	 5 	 0.015825527886953118 	 1.0
5	5	1	100	0.1111111111111111 	 0.06357327130391129 	 0.11047611374749375 	 5 	 0.005544439662965832 	 0.8199996378244002
5	5	1	1000	0.1111111111111111 	 0.05844961917917785 	 0.11016260584422766 	 5 	 0.005948082225092858 	 0.8199996380760537
5	5	1	10000	0.1111111111111111 	 0.06300440498105186 	 0.10996781752785524 	 5 	 0.005941238408031081 	 0.8199996381144166
5	6	1	100	0.25 	 0.019300990966400637 	 0.08805830256446216 	 5 	 0.012189974290621922 	 0.6074385645730312
5	6	1	1000	0.25 	 0.013014516497849954 	 0.08774143599325805 	 5 	 0.012025992376185327 	 0.6074391785680059
5	6	1	10000	0.25 	 0.01299516036895928 	 0.0877737542805307 	 5 	 0.012020915750282897 	 0.6074391503294947
5	7	1	100	0.25 	 0.031336127195275225 	 0.07762805082266017 	 5 	 0.015720653883226434 	 1.0
5	7	1	1000	0.25 	 0.03407875423806356 	 0.07762805082266017 	 5 	 0.015720653883226434 	 1.0
5	7	1	10000	0.25 	 0.03560027283835942 	 0.07762805082266017 	 5 	 0.015720653883226434 	 1.0
5	8	1	100	0.0 	 0.03779197600325295 	 0.06557865311193561 	 5 	 0.01048266768617724 	 1.0
5	8	1	1000	0.0 	 0.02833498140780516 	 0.06592130128969553 	 5 	 0.010482213181744814 	 1.0
5	8	1	10000	0.0 	 0.039939435257915656 	 0.06599470217745078 	 5 	 0.01048270180299021 	 1.0
5	9	1	100	0.1111111111111111 	 0.01552946603146288 	 0.04463429347724296 	 5 	 0.006628975380392454 	 0.6241527945500761
5	9	1	1000	0.1111111111111111 	 0.01374338021889154 	 0.04323762605328484 	 5 	 0.0060027420426821045 	 0.624152798116136
5	9	1	10000	0.1111111111111111 	 0.013742000838673267 	 0.043376231263380464 	 5 	 0.00601275100131252 	 0.6241532375238426
5	10	1	100	0.0 	 0.05019414066128919 	 0.050809461564974595 	 5 	 0.016093523221008252 	 1.0
5	10	1	1000	0.0 	 0.05873138661779423 	 0.050809461564974595 	 5 	 0.016093523221008252 	 1.0
5	10	1	10000	0.0 	 0.053527782350960326 	 0.050809461564974595 	 5 	 0.016093523221008252 	 1.0
7	1	1	100	0.16666666666666666 	 0.08204892930563788 	 0.06106743879078572 	 7 	 0.010580437140411202 	 0.8707039927165978
7	1	1	1000	0.16666666666666666 	 0.06048904765086633 	 0.061040013008901266 	 7 	 0.010638280014299683 	 0.8730459792069966
7	1	1	10000	0.16666666666666666 	 0.06048905800801791 	 0.061047943100109574 	 7 	 0.010621570924617338 	 0.8723692594224398
7	2	1	100	0.16666666666666666 	 0.04018317604200419 	 0.10947732109599269 	 7 	 0.00977406392450272 	 0.5363236727228852
7	2	1	1000	0.07692307692307693 	 0.0299820399797326 	 0.08052275035986574 	 7 	 0.007825170560569914 	 0.7937418378967883
7	2	1	10000	0.07692307692307693 	 0.02999860627907548 	 0.08053517682264197 	 7 	 0.007697434324240074 	 0.7938140927305838
7	3	1	100	0.07692307692307693 	 0.0607660592977452 	 0.02134385988156211 	 7 	 0.015038665526578746 	 0.9021509162213237
7	3	1	1000	0.0 	 0.040786483997882525 	 0.024357124363565286 	 7 	 0.008329801150901905 	 1.0
7	3	1	10000	0.07692307692307693 	 0.07085037731546522 	 0.022418304502319568 	 7 	 0.016204848781803623 	 0.9021507072209807
7	4	1	100	0.0 	 0.09212977889171725 	 0.056754858288664264 	 7 	 0.01870297508961086 	 1.0
7	4	1	1000	0.07692307692307693 	 0.10080108374852925 	 0.056753251063446836 	 7 	 0.01870377498970756 	 0.9999990200576327
7	4	1	10000	0.07692307692307693 	 0.1064421504101941 	 0.053501698172094596 	 7 	 0.013198369835189109 	 0.8203921700059624
7	5	1	100	0.16666666666666666 	 0.10401932234012923 	 0.10748049469645318 	 7 	 0.016485109817317982 	 0.6697987092871789
7	5	1	1000	0.16666666666666666 	 0.10422628623482136 	 0.10619876291894609 	 7 	 0.01648248036775687 	 0.6697557976244987
7	5	1	10000	0.16666666666666666 	 0.10984340516556339 	 0.10607059799411891 	 7 	 0.01648269987374014 	 0.6697573788890199
7	6	1	100	0.07692307692307693 	 0.02572901108251456 	 0.09032379305366518 	 7 	 0.013500233557613235 	 0.8147973495654918
7	6	1	1000	0.07692307692307693 	 0.03900966597714127 	 0.09128920954448402 	 7 	 0.013598671406204771 	 0.8147974060470521
7	6	1	10000	0.07692307692307693 	 0.03205954070703065 	 0.0921816263190521 	 7 	 0.013784660917742799 	 0.8147971707256073
7	7	1	100	0.16666666666666666 	 0.08674590531242084 	 0.07845939891164715 	 7 	 0.014931787725635047 	 0.8688226174736408
7	7	1	1000	0.16666666666666666 	 0.09166224551805158 	 0.08544507647859474 	 7 	 0.017020883098545325 	 0.9534500204133812
7	7	1	10000	0.16666666666666666 	 0.08755298998973865 	 0.076527061299662 	 7 	 0.012434776556073055 	 0.8295773912681496
7	8	1	100	0.0 	 0.09499291461831295 	 0.07819538998628885 	 7 	 0.018380281047245615 	 1.0
7	8	1	1000	0.0 	 0.10649324247793784 	 0.07819690514383534 	 7 	 0.01837699001601903 	 1.0
7	8	1	10000	0.0 	 0.0994017761210584 	 0.07819396687521032 	 7 	 0.018379943105701457 	 1.0
7	9	1	100	0.16666666666666666 	 0.05275064429442557 	 0.1144072930369315 	 7 	 0.008764820723500984 	 0.5748124261570017
7	9	1	1000	0.16666666666666666 	 0.05054003624817016 	 0.10887150790080309 	 7 	 0.00876482299395623 	 0.5748124652544179
7	9	1	10000	0.16666666666666666 	 0.05034098561310266 	 0.10834311279230069 	 7 	 0.008764823261192357 	 0.5748124698562443
7	10	1	100	0.16666666666666666 	 0.05376390220216226 	 0.06874178047352505 	 7 	 0.013589187848214909 	 0.8312408472122426
7	10	1	1000	0.16666666666666666 	 0.03332682767336581 	 0.04457324008648962 	 7 	 0.013589176471541434 	 0.8312407265262155
7	10	1	10000	0.16666666666666666 	 0.061739729743669675 	 0.0450373727674931 	 7 	 0.01522054094577517 	 0.8507459072481341
10	1	1	100	0.25 	 0.09902845546126429 	 0.08250286623854622 	 10 	 0.022338792003524198 	 0.8749434171344894
10	1	1	1000	0.25 	 0.10444018473297015 	 0.08213242275265174 	 10 	 0.022338792003524198 	 0.8749434171344894
10	1	1	10000	0.17647058823529413 	 0.09900755756258861 	 0.08207266133288656 	 10 	 0.022338792003524198 	 0.8749434171344894
10	2	1	100	0.17647058823529413 	 0.08977952100756718 	 0.13400773333732885 	 10 	 0.018021964079569294 	 0.8382958918813015
10	2	1	1000	0.25 	 0.05390517196179688 	 0.10195003325793794 	 10 	 0.015634615546935828 	 0.6889528731686112
10	2	1	10000	0.25 	 0.09063207197340413 	 0.1017017590457782 	 10 	 0.01570966439157123 	 0.6908092077384705
10	3	1	100	0.17647058823529413 	 0.11183048193402663 	 0.10648271276935237 	 10 	 0.021411235658718834 	 0.8029028362652723
10	3	1	1000	0.25 	 0.11623283019633207 	 0.10716593098005016 	 10 	 0.021408922586314428 	 0.8028727863344203
10	3	1	10000	0.25 	 0.11204644047391493 	 0.10733144730708448 	 10 	 0.021408711454282803 	 0.8028701050327776
10	4	1	100	0.05263157894736842 	 0.1381343387607918 	 0.06540173418315666 	 10 	 0.022132153281095517 	 0.9999901759257416
10	4	1	1000	0.05263157894736842 	 0.11406237466492976 	 0.06539921071567771 	 10 	 0.02213532993698103 	 1.0000039688070819
10	4	1	10000	0.05263157894736842 	 0.12932395810632724 	 0.06539722842241563 	 10 	 0.022134560485643735 	 1.0
10	5	1	100	0.17647058823529413 	 0.1754369700485969 	 0.09367372737417798 	 10 	 0.02063403177578239 	 0.8106603400449516
10	5	1	1000	0.17647058823529413 	 0.176097801858046 	 0.09177262161773932 	 10 	 0.020981074086870364 	 0.8106615738829223
10	5	1	10000	0.17647058823529413 	 0.15283461439806814 	 0.09175925452161214 	 10 	 0.02122253784979223 	 0.8106575713022194
10	6	1	100	0.1111111111111111 	 0.07654407356593514 	 0.16588812832668348 	 10 	 0.013790001212524714 	 0.9689408858439026
10	6	1	1000	0.1111111111111111 	 0.07350380109134201 	 0.1717242000466264 	 10 	 0.014417031319577679 	 0.9924495163188038
10	6	1	10000	0.17647058823529413 	 0.055987077277674754 	 0.1696391449047989 	 10 	 0.014081296392504728 	 0.9798593411383995
10	7	1	100	0.17647058823529413 	 0.11552002960916333 	 0.07004070493843365 	 10 	 0.02021858411610568 	 0.9634466939565188
10	7	1	1000	0.1111111111111111 	 0.11506578080573109 	 0.06303612552906931 	 10 	 0.0138337433821039 	 0.7966477771845943
10	7	1	10000	0.17647058823529413 	 0.12679079819627515 	 0.06555652883651329 	 10 	 0.014866727405276963 	 0.9433119280334629
10	8	1	100	0.05263157894736842 	 0.14682128211963838 	 0.0598232373615397 	 10 	 0.013924332920832254 	 0.99999974083774
10	8	1	1000	0.05263157894736842 	 0.14732690255591852 	 0.0602798237703221 	 10 	 0.013924346465753345 	 0.9999997009498545
10	8	1	10000	0.05263157894736842 	 0.14735131362446602 	 0.06027225506919649 	 10 	 0.013924346651368005 	 0.999999703533511
10	9	1	100	0.25 	 0.13605427978890416 	 0.10877030772966592 	 10 	 0.019896655775290876 	 0.9006138913188039
10	9	1	1000	0.17647058823529413 	 0.15583650950905487 	 0.11045405629742315 	 10 	 0.018574606517693687 	 0.9060882164003582
10	9	1	10000	0.25 	 0.12844751302282562 	 0.10534395926575305 	 10 	 0.01809279908896856 	 0.8687028502677524
10	10	1	100	0.3333333333333333 	 0.12128060121453865 	 0.05453111992255769 	 10 	 0.013844426230508333 	 0.775629093556403
10	10	1	1000	0.25 	 0.09135589739923067 	 0.05412585780422023 	 10 	 0.013989887333023785 	 0.7819736335727105
10	10	1	10000	0.25 	 0.08655050828435612 	 0.06756403335805963 	 10 	 0.02221151829494812 	 0.9999700631352643
2	1	2	100	0.0 	 0.0039333719917324355 	 0.022588408836569495 	 2 	 2.7919386760909237e-05 	 1.0
2	1	2	1000	0.0 	 0.0039333719917324355 	 0.023167543191861276 	 2 	 0.0006744192888878725 	 1.0
2	1	2	10000	0.0 	 0.0039333719917324355 	 0.023228032707003635 	 2 	 0.000744653156452593 	 1.0
2	2	2	100	0.0 	 0.0074691011940414736 	 0.0959585404608107 	 2 	 0.009027015910865065 	 1.0
2	2	2	1000	0.0 	 0.0074691011940414736 	 0.09602702862122701 	 2 	 0.008989590364936507 	 1.0
2	2	2	10000	0.0 	 0.0074691011940414736 	 0.09603387979662757 	 2 	 0.008985847810343648 	 1.0
2	3	2	100	0.0 	 0.0034734702643910145 	 0.019543583383042212 	 2 	 0.0002790702378708129 	 1.0
2	3	2	1000	0.0 	 0.0034734702643910145 	 0.01952815810427099 	 2 	 0.0005335911090565252 	 1.0
2	3	2	10000	0.0 	 0.0034734702643910145 	 0.019526615549698798 	 2 	 0.0005590431961750748 	 1.0
2	4	2	100	0.0 	 0.007875491262369985 	 0.01562976638404789 	 2 	 0.007942536825872204 	 1.0
2	4	2	1000	0.0 	 0.007671720701087525 	 0.01562976638404789 	 2 	 0.007942536825872204 	 1.0
2	4	2	10000	0.0 	 0.007007419629690568 	 0.01562976638404789 	 2 	 0.007942536825872204 	 1.0
2	5	2	100	0.3333333333333333 	 0.005293951373453225 	 0.026280522257051624 	 2 	 0.004464955649595816 	 0.20315548205660933
2	5	2	1000	0.3333333333333333 	 0.002687707181653091 	 0.026280009059436844 	 2 	 0.004464828106445129 	 0.20315549762548735
2	5	2	10000	0.3333333333333333 	 0.003407424572229964 	 0.026279642128994984 	 2 	 0.004464764334351518 	 0.20315549739762348
2	6	2	100	0.3333333333333333 	 0.002132227560544961 	 0.09701109180108547 	 2 	 0.005956908424677023 	 1.0
2	6	2	1000	0.0 	 0.008473271020738797 	 0.0794775203532185 	 2 	 0.004366450461489261 	 1.0
2	6	2	10000	0.0 	 0.008473271020738797 	 0.07908697724336218 	 2 	 0.004330466690953501 	 1.0
2	7	2	100	0.3333333333333333 	 0.0020473505029856157 	 0.014474066137532935 	 2 	 0.0019587558749848298 	 1.0000018293431199
2	7	2	1000	0.3333333333333333 	 0.0023581722130406177 	 0.014474270370617152 	 2 	 0.0019588220138776467 	 1.000004844423428
2	7	2	10000	0.3333333333333333 	 0.0027569016765109106 	 0.014474276124251353 	 2 	 0.0019588295815079772 	 1.0000051892354984
2	8	2	100	0.0 	 0.009654152688315243 	 0.025483266282278316 	 2 	 0.010421586631172187 	 1.0
2	9	2	100	0.0 	 0.010598529458547468 	 0.04151687970374158 	 2 	 0.00044510286041377127 	 1.0
2	9	2	1000	0.0 	 0.012271649016984633 	 0.04151687970374158 	 2 	 0.00044510286041377127 	 1.0
2	9	2	10000	0.0 	 0.015439647719253484 	 0.04151687970374158 	 2 	 0.00044510286041377127 	 1.0
2	10	2	100	0.0 	 0.021977191283377356 	 0.04793405807979682 	 2 	 0.0005757778474268648 	 1.0
2	10	2	1000	0.0 	 0.021865153122065488 	 0.04793429435030916 	 2 	 0.000575892905445988 	 1.0
2	10	2	10000	0.0 	 0.020921046107038318 	 0.04793395957169524 	 2 	 0.0005758160939322381 	 1.0
3	1	2	100	0.0 	 0.046734538852192545 	 0.053352930059458244 	 3 	 0.009923607819183958 	 1.0
3	1	2	1000	0.0 	 0.040126472433457315 	 0.053352930059458244 	 3 	 0.009923607819183958 	 1.0
3	1	2	10000	0.0 	 0.0443317867994392 	 0.053352930059458244 	 3 	 0.009923607819183958 	 1.0
3	2	2	100	0.0 	 0.01382872384485379 	 0.05093464479175046 	 3 	 0.0009996012053162392 	 1.0
3	2	2	1000	0.0 	 0.013673976714976853 	 0.05017343221991581 	 3 	 0.0009531670011344974 	 1.0
3	2	2	10000	0.0 	 0.013657856794157734 	 0.0500972871449485 	 3 	 0.0009485235807163187 	 1.0
3	3	2	100	0.0 	 0.014340172509579249 	 0.03698779744285187 	 3 	 0.0035362721309076233 	 1.0
3	3	2	1000	0.0 	 0.014340172509579249 	 0.03714840636695095 	 3 	 0.0028550186401298736 	 1.0
3	3	2	10000	0.0 	 0.014340172509579249 	 0.03716446567351023 	 3 	 0.0027868932910522087 	 1.0
3	4	2	100	0.2 	 0.014524858843001797 	 0.04878066471293413 	 3 	 0.004944760239283709 	 0.6088840752132908
3	4	2	1000	0.2 	 0.01449008528137696 	 0.04987698400424712 	 3 	 0.004944760239283707 	 0.6088840752132908
3	4	2	10000	0.2 	 0.014889617199188463 	 0.05000766963477927 	 3 	 0.004944760239283709 	 0.6088840752132908
3	5	2	100	0.2 	 0.011159887693143166 	 0.12107711901250871 	 3 	 0.007038997933118638 	 0.32991965619128866
3	5	2	1000	0.2 	 0.011159876741535863 	 0.12111715710736995 	 3 	 0.007046389693966168 	 0.32991965619128866
3	5	2	10000	0.2 	 0.011160326605526957 	 0.12115098724455071 	 3 	 0.007052635877819966 	 0.32991965619128866
3	6	2	100	0.0 	 0.044601715296042704 	 0.06923834137041507 	 3 	 0.011255517771758901 	 1.0
3	6	2	1000	0.0 	 0.05060208778259763 	 0.06903381805363876 	 3 	 0.011601859363026063 	 1.0
3	6	2	10000	0.0 	 0.050601033414353555 	 0.06901352898172507 	 3 	 0.011636375297230083 	 1.0
3	7	2	100	0.2 	 0.007357400311898976 	 0.01641764941351107 	 3 	 0.005884968692814553 	 0.9410581268233612
3	7	2	1000	0.2 	 0.007357400311898976 	 0.01580779097393589 	 3 	 0.005624387898979745 	 0.9410581268233609
3	7	2	10000	0.2 	 0.007357400311898976 	 0.015747013397812225 	 3 	 0.0056020259598319 	 0.9410581268233611
3	8	2	100	0.0 	 0.015119862568170807 	 0.020661778965881127 	 3 	 0.014444009973688068 	 1.0
3	8	2	1000	0.0 	 0.015781283374711443 	 0.020661778965881127 	 3 	 0.014444009973688068 	 1.0
3	8	2	10000	0.0 	 0.016387645042883633 	 0.020661778965881127 	 3 	 0.014444009973688068 	 1.0
3	9	2	100	0.0 	 0.013482271160210614 	 0.025597716479936777 	 3 	 0.005132469295212388 	 1.0
3	9	2	1000	0.0 	 0.009434037079241151 	 0.020821716071856598 	 3 	 0.008932742307153315 	 1.0
3	9	2	10000	0.0 	 0.009433961566989462 	 0.020822777617514804 	 3 	 0.008939988980738146 	 1.0
3	10	2	100	0.0 	 0.02064990028568374 	 0.033733586397871135 	 3 	 0.0035547245323970444 	 1.0
3	10	2	1000	0.0 	 0.02064990028568374 	 0.034339589218333015 	 3 	 0.004214112834362935 	 1.0
3	10	2	10000	0.0 	 0.02064990028568374 	 0.034400173691368253 	 3 	 0.0042800516645595445 	 1.0
5	1	2	100	0.1111111111111111 	 0.055898003374664794 	 0.08796903798393146 	 5 	 0.009415717642103857 	 0.7456200889329749
5	1	2	1000	0.1111111111111111 	 0.053609594365000485 	 0.08801939219396873 	 5 	 0.009415717642103857 	 0.7456200889329749
5	1	2	10000	0.1111111111111111 	 0.05435573084065667 	 0.08801603279543185 	 5 	 0.009415717642103857 	 0.7456200889329749
5	2	2	100	0.0 	 0.06256477085555671 	 0.20227632756992892 	 5 	 0.01660230015921899 	 1.0
5	2	2	1000	0.0 	 0.061864004871107686 	 0.20229558435736789 	 5 	 0.016564475895488498 	 1.0
5	2	2	10000	0.0 	 0.06186172931718368 	 0.20229753885728308 	 5 	 0.016560636163552665 	 1.0
5	3	2	100	0.0 	 0.032028866697612596 	 0.03375476151132922 	 5 	 0.01154441411700047 	 1.0
5	3	2	1000	0.0 	 0.02267178666497548 	 0.029850532161422975 	 5 	 0.010693941676729503 	 1.0
5	3	2	10000	0.0 	 0.02265411693256785 	 0.02975278279491886 	 5 	 0.01061145763406505 	 1.0
5	4	2	100	0.1111111111111111 	 0.01839912097366293 	 0.11048420751829817 	 5 	 0.004837733280740934 	 0.7505612159361499
5	4	2	1000	0.1111111111111111 	 0.01881892089730048 	 0.11161734141946426 	 5 	 0.005210691432261063 	 0.7505612159361499
5	4	2	10000	0.1111111111111111 	 0.03987087289867927 	 0.12410429337792249 	 5 	 0.011825783146747497 	 0.7505670241187615
5	5	2	100	0.1111111111111111 	 0.06843813266666551 	 0.20520054200322468 	 5 	 0.010027323526730275 	 0.7655753314211389
5	5	2	1000	0.1111111111111111 	 0.06842254252551633 	 0.2043766258223028 	 5 	 0.009947823734203111 	 0.7621836721678764
5	5	2	10000	0.1111111111111111 	 0.07256863894116812 	 0.20429737201548337 	 5 	 0.009940001420433456 	 0.7618603483450108
5	6	2	100	0.1111111111111111 	 0.07124204790079987 	 0.0706756522079582 	 5 	 0.005158681554332208 	 0.9810074699058036
5	6	2	1000	0.1111111111111111 	 0.07112658884936329 	 0.07067589981352924 	 5 	 0.005158749216063523 	 0.9810075245210138
5	6	2	10000	0.1111111111111111 	 0.07150023292898436 	 0.07067585513383505 	 5 	 0.005158736315263115 	 0.9810075141077674
5	7	2	100	0.25 	 0.041063334848624615 	 0.06414143767660288 	 5 	 0.01585036581450057 	 1.0000308336979846
5	7	2	1000	0.1111111111111111 	 0.034205317594285634 	 0.0518379167689242 	 5 	 0.009723932710420777 	 1.0000003622528009
5	7	2	10000	0.1111111111111111 	 0.05131007494398912 	 0.06413877897605912 	 5 	 0.015847064403276143 	 0.9999806239547897
5	8	2	100	0.0 	 0.035112902188274384 	 0.03372084751051896 	 5 	 0.016970896452244463 	 1.0
5	8	2	1000	0.0 	 0.03408940766063658 	 0.03372084751051896 	 5 	 0.016970896452244463 	 1.0
5	8	2	10000	0.0 	 0.0447233826874889 	 0.03372084751051896 	 5 	 0.016970896452244463 	 1.0
5	9	2	100	0.1111111111111111 	 0.01577428304728189 	 0.022832646115260022 	 5 	 0.004415647590768846 	 0.9134282001127653
5	9	2	1000	0.1111111111111111 	 0.008105858520983321 	 0.022411228451316188 	 5 	 0.004416616324723344 	 0.9113824544424856
5	9	2	10000	0.1111111111111111 	 0.015212215507487198 	 0.022376171933658907 	 5 	 0.004416747086072582 	 0.9100037682459726
5	10	2	100	0.0 	 0.042256570066009795 	 0.031218582307734416 	 5 	 0.010136477772489227 	 1.0
5	10	2	1000	0.0 	 0.03349241232369688 	 0.030756864143000787 	 5 	 0.009781567370608892 	 1.0
5	10	2	10000	0.0 	 0.03277593304693906 	 0.03077427205314236 	 5 	 0.009808195098338458 	 1.0
7	1	2	100	0.16666666666666666 	 0.06690225496998525 	 0.07847450948451498 	 7 	 0.012006308841158515 	 0.816157533612775
7	1	2	1000	0.16666666666666666 	 0.07805017743528167 	 0.07841283146588997 	 7 	 0.012188697435712537 	 0.8235442026199711
7	1	2	10000	0.16666666666666666 	 0.0780784300419638 	 0.07840148787872737 	 7 	 0.012207261369098124 	 0.8242960419220875
7	2	2	100	0.07692307692307693 	 0.09657908693511817 	 0.1632441239700077 	 7 	 0.014560361772752823 	 1.0000011075110478
7	2	2	1000	0.07692307692307693 	 0.09657882635060193 	 0.16289081070292216 	 7 	 0.014560362745998128 	 1.0000010431168327
7	2	2	10000	0.07692307692307693 	 0.09657879825994233 	 0.16285547922369079 	 7 	 0.01456036284306061 	 1.0000010366893064
7	3	2	100	0.0 	 0.05832002759254642 	 0.028870623529892548 	 7 	 0.009605435244406265 	 1.0
7	3	2	1000	0.07692307692307693 	 0.04982953018622136 	 0.020579336966370182 	 7 	 0.013579880988019023 	 0.968411837544964
7	3	2	10000	0.0 	 0.04428543309453996 	 0.033831567235423486 	 7 	 0.013578652521676842 	 1.0
7	4	2	100	0.0 	 0.10191855012232395 	 0.1172515204464865 	 7 	 0.01995722064902728 	 1.0
7	4	2	1000	0.0 	 0.058475810482188376 	 0.11533605578260014 	 7 	 0.010551262243877169 	 1.0
7	4	2	10000	0.0 	 0.06108155737507708 	 0.11547068872343358 	 7 	 0.01055123927724618 	 1.0
7	5	2	100	0.16666666666666666 	 0.09086007527263432 	 0.18451739240756318 	 7 	 0.019138997628008615 	 0.8502297609707409
7	5	2	1000	0.16666666666666666 	 0.09192116187451463 	 0.18446838265466683 	 7 	 0.019138201999538456 	 0.8502197906149621
7	5	2	10000	0.16666666666666666 	 0.10936772015252669 	 0.18355935531799522 	 7 	 0.01913722813714402 	 0.8502109382755897
7	6	2	100	0.16666666666666666 	 0.09918629463644725 	 0.05350178522201562 	 7 	 0.007590828146105659 	 0.8278723617371677
7	6	2	1000	0.16666666666666666 	 0.08965122124828495 	 0.05230607298263468 	 7 	 0.008018446735690833 	 0.8284394571874814
7	6	2	10000	0.16666666666666666 	 0.08964552012114418 	 0.05235971464296802 	 7 	 0.008069947721771593 	 0.8305253243630645
7	7	2	100	0.16666666666666666 	 0.045153082605719395 	 0.09309844162256184 	 7 	 0.012695212784014998 	 0.9497496120417043
7	7	2	1000	0.16666666666666666 	 0.055953808703121624 	 0.08868449521918721 	 7 	 0.013936044867510551 	 0.8207336172408444
7	7	2	10000	0.16666666666666666 	 0.05655748524301356 	 0.09068096336219224 	 7 	 0.01372469963548695 	 0.8207339882928597
7	8	2	100	0.0 	 0.09725986921392946 	 0.05713390795508427 	 7 	 0.018586118698273063 	 1.0
7	8	2	1000	0.0 	 0.08265367815558722 	 0.06116750996405329 	 7 	 0.018585413532672294 	 1.0
7	8	2	10000	0.0 	 0.09593750624126496 	 0.061169475074627 	 7 	 0.018586085277779146 	 1.0
7	9	2	100	0.16666666666666666 	 0.03600255567993032 	 0.11528564140873707 	 7 	 0.006607113213497409 	 0.7124784598447663
7	9	2	1000	0.16666666666666666 	 0.03696604638056194 	 0.115085099605643 	 7 	 0.0067954529933044565 	 0.7124785188284121
7	9	2	10000	0.16666666666666666 	 0.03699467384071885 	 0.11506348723006977 	 7 	 0.006815679015315609 	 0.7124785198451634
7	10	2	100	0.16666666666666666 	 0.0627849040420582 	 0.02853706773053363 	 7 	 0.011917430954890671 	 0.8634132755537431
7	10	2	1000	0.16666666666666666 	 0.06255671566953715 	 0.03004000464553626 	 7 	 0.010859568809354911 	 0.863415071149763
7	10	2	10000	0.16666666666666666 	 0.06257729323832832 	 0.030176789850007435 	 7 	 0.01075271200212069 	 0.8634152214933308
10	1	2	100	0.17647058823529413 	 0.11179946781522165 	 0.0694184217653602 	 10 	 0.016736599568092165 	 0.7908670043230123
10	1	2	1000	0.17647058823529413 	 0.10434505755906345 	 0.06929793816159147 	 10 	 0.016607185959839555 	 0.7859433094236938
10	1	2	10000	0.17647058823529413 	 0.09371832500862456 	 0.0692779109651476 	 10 	 0.016569858274209502 	 0.7845435223161048
10	2	2	100	0.17647058823529413 	 0.13679233014597494 	 0.10410161080371563 	 10 	 0.014738029475030834 	 0.7378395363043737
10	2	2	1000	0.17647058823529413 	 0.13676932306399608 	 0.1047337795476724 	 10 	 0.014738122824914983 	 0.7405658974716508
10	2	2	10000	0.17647058823529413 	 0.13677035218349304 	 0.10479821154633155 	 10 	 0.014738133326355148 	 0.7408460742939516
10	3	2	100	0.17647058823529413 	 0.13578154585931418 	 0.05466407764850318 	 10 	 0.01400624219182741 	 0.8984387716188024
10	3	2	1000	0.17647058823529413 	 0.15261835188320066 	 0.05418346542040482 	 10 	 0.014489629232561406 	 0.9018595915595823
10	3	2	10000	0.17647058823529413 	 0.10385773678775373 	 0.054154441647786614 	 10 	 0.014534912087290694 	 0.9021629401443616
10	4	2	100	0.05263157894736842 	 0.10777481582584406 	 0.10957924967843072 	 10 	 0.022166840158555124 	 0.9999966663900696
10	4	2	1000	0.05263157894736842 	 0.09279891606288825 	 0.10922494039471857 	 10 	 0.013345326674507373 	 0.8794079184496013
10	4	2	10000	0.05263157894736842 	 0.10627306220559098 	 0.10954612185770302 	 10 	 0.01397063397684105 	 0.8794096484555894
10	5	2	100	0.17647058823529413 	 0.1674960197212863 	 0.1645387347237418 	 10 	 0.020954199977526827 	 0.846108201985263
10	5	2	1000	0.17647058823529413 	 0.16474029604520177 	 0.1642411423220212 	 10 	 0.02100528506415538 	 0.8480237018828416
10	5	2	10000	0.1111111111111111 	 0.14048700158374045 	 0.16521449619161624 	 10 	 0.02104703254140426 	 0.8495809718969259
10	6	2	100	0.25 	 0.06125464919205948 	 0.11704291931541516 	 10 	 0.016934635430508674 	 0.8871910195284071
10	6	2	1000	0.25 	 0.11646151106505016 	 0.11875491722978794 	 10 	 0.016937377479239273 	 0.8872384063014186
10	6	2	10000	0.25 	 0.10909223227006383 	 0.11878271163944616 	 10 	 0.016935509940268736 	 0.8872055586829405
10	7	2	100	0.1111111111111111 	 0.060140651582198904 	 0.08542647481963479 	 10 	 0.013781006342354529 	 0.8516300853290297
10	7	2	1000	0.1111111111111111 	 0.08619715157049805 	 0.08510610898983818 	 10 	 0.015827128696108472 	 0.8516354547222691
10	7	2	10000	0.1111111111111111 	 0.07285065179989506 	 0.08806251141099283 	 10 	 0.016341381159030888 	 0.8516303837362988
10	8	2	100	0.05263157894736842 	 0.10884264745904568 	 0.05210132578310023 	 10 	 0.021812436118974873 	 1.0000018307483132
10	8	2	1000	0.05263157894736842 	 0.11564890324068605 	 0.052101712187413184 	 10 	 0.021810575658747687 	 0.9999956117516337
10	8	2	10000	0.05263157894736842 	 0.11518134115432893 	 0.052101597467055005 	 10 	 0.021810647144817858 	 0.9999958761024342
10	9	2	100	0.25 	 0.09891914822749483 	 0.1135351227146193 	 10 	 0.008589362683366516 	 0.7834639794423618
10	9	2	1000	0.3333333333333333 	 0.05063833030699879 	 0.11160612466029053 	 10 	 0.008588907922865688 	 0.783457853273436
10	9	2	10000	0.25 	 0.13256032768793474 	 0.10969288165710936 	 10 	 0.018105167125875885 	 0.9960144992924062
10	10	2	100	0.3333333333333333 	 0.11268819391542485 	 0.044305557796134536 	 10 	 0.015923664318921296 	 0.921354050091149
10	10	2	1000	0.3333333333333333 	 0.1206072661942596 	 0.04368026014229968 	 10 	 0.016059886703705204 	 0.9264613884311531
10	10	2	10000	0.3333333333333333 	 0.08287900468071863 	 0.04347643783967876 	 10 	 0.016100060743641783 	 0.9275249649918837
