2	1	0	0	0.0 	 0.006095329354124006 	 0.03516389203548813 	 2 	 0.0109451412310402 	 1.0
2	2	0	0	0.0 	 0.0003981157155886284 	 0.003841968439026137 	 2 	 0.013246900784492859 	 1.0
2	3	0	0	0.3333333333333333 	 0.03673723103813236 	 0.1523034077919022 	 2 	 0.00046186264426337394 	 0.4375072662407877
2	4	0	0	0.0 	 0.03354772628831173 	 0.08610809071618473 	 2 	 0.010787624644095058 	 1.0
2	5	0	0	0.0 	 0.06581923876704185 	 0.11870807137002416 	 2 	 0.006064342747958483 	 1.0
2	6	0	0	0.0 	 0.006667244873167756 	 0.04757697190934665 	 2 	 0.008090726367844893 	 1.0
2	7	0	0	0.3333333333333333 	 0.021310738096655908 	 0.033734459372368235 	 2 	 0.0026603449402736 	 0.08912155549916567
2	8	0	0	0.3333333333333333 	 0.027158784390900456 	 0.09002334190423607 	 2 	 0.014154692290099507 	 0.47418219171833387
2	9	0	0	0.3333333333333333 	 0.01827932751817015 	 0.05073316178869064 	 2 	 0.012456049731101277 	 0.56247015385928
2	10	0	0	0.3333333333333333 	 0.020067253464107395 	 0.010940837623770747 	 2 	 0.01246397088726172 	 0.5562574203967966
3	1	0	0	0.2 	 0.05047903286123972 	 0.07918986388286317 	 3 	 0.0135877091678057 	 0.44160054795368586
3	2	0	0	0.2 	 0.0034638437537642397 	 0.09333382844937359 	 3 	 0.014050205837489985 	 0.45663168971842455
3	3	0	0	0.2 	 0.03349064300060582 	 0.29760881873296047 	 3 	 0.009186081033074538 	 0.5430863563816415
3	4	0	0	0.0 	 0.026290527968232145 	 0.0880287804977858 	 3 	 0.018734894621947384 	 1.0
3	5	0	0	0.0 	 0.07397950922710567 	 0.10829413706525827 	 3 	 0.004894852181812941 	 1.0
3	6	0	0	0.2 	 0.01775917556635393 	 0.16433919138286457 	 3 	 0.017342206082978682 	 0.5986307934724726
3	7	0	0	0.0 	 0.025540128196726807 	 0.08587004379802686 	 3 	 0.004041969188375064 	 1.0
3	8	0	0	0.2 	 0.018744064836059067 	 0.05450924772310586 	 3 	 0.009864560541148985 	 0.6427584438291191
3	9	0	0	0.5 	 0.04824124951456183 	 0.10666473610682015 	 3 	 0.004404553234845174 	 0.1492007238002802
3	10	0	0	0.2 	 0.022350280745709356 	 0.1156514525291823 	 3 	 0.014122954435813465 	 0.5555593895516852
5	1	0	0	0.1111111111111111 	 0.038037985493836815 	 0.10717903501293334 	 5 	 0.01312026228817751 	 0.778450319840577
5	2	0	0	0.1111111111111111 	 0.02461567632397474 	 0.054461352592675344 	 5 	 0.009512871207549872 	 0.7056356997396048
5	3	0	0	0.25 	 0.07313149126686753 	 0.20605916296475527 	 5 	 0.015013889322653219 	 0.45792304238074705
5	4	0	0	0.1111111111111111 	 0.057432035403175694 	 0.10672801506957207 	 5 	 0.016477797078044715 	 0.821071892141708
5	5	0	0	0.1111111111111111 	 0.08374565588106689 	 0.09794570456048628 	 5 	 0.009587473369562702 	 0.8195416699781229
5	6	0	0	0.25 	 0.024076853057824005 	 0.19556115388406253 	 5 	 0.01617594960403867 	 0.6259343226929932
5	7	0	0	0.1111111111111111 	 0.03995669399104551 	 0.260439355640292 	 5 	 0.011365798361208036 	 0.6735781686685455
5	8	0	0	0.42857142857142855 	 0.043818031797809624 	 0.08931536690778728 	 5 	 0.0154065024674548 	 0.47111707890964694
5	9	0	0	0.25 	 0.09367330866985805 	 0.12240177359866002 	 5 	 0.006234923534692899 	 0.24544842521558946
5	10	0	0	0.25 	 0.06984237297573373 	 0.27881978967501514 	 5 	 0.023326018112953338 	 0.7629477534990121
7	1	0	0	0.16666666666666666 	 0.0583679687046447 	 0.12260683937221144 	 7 	 0.019271141148856218 	 0.8446376156929989
7	2	0	0	0.16666666666666666 	 0.06603244893582613 	 0.11364508022614123 	 7 	 0.01378837627012221 	 0.6336789931075479
7	4	0	0	0.07692307692307693 	 0.054725650205420855 	 0.0738716551452142 	 7 	 0.020247118695545963 	 1.0000131333702036
7	5	0	0	0.16666666666666666 	 0.0778934209209241 	 0.07340898136834614 	 7 	 0.01971560678247297 	 0.8804224434755704
7	6	0	0	0.2727272727272727 	 0.06120006258957889 	 0.11610394966034794 	 7 	 0.010849428800573236 	 0.6780981897691045
7	7	0	0	0.2727272727272727 	 0.03289491881428074 	 0.15375729596125143 	 7 	 0.010863401693712131 	 0.5266649253640068
7	8	0	0	0.4 	 0.10201125513592649 	 0.09938229734123841 	 7 	 0.018955220917954534 	 0.7875139343054607
7	9	0	0	0.2727272727272727 	 0.1231504685034231 	 0.18085334548135298 	 7 	 0.006248828931278167 	 0.41516071238882424
7	10	0	0	0.16666666666666666 	 0.13406358628790133 	 0.276326382839256 	 7 	 0.026347235402456266 	 0.7953395961736354
10	1	0	0	0.17647058823529413 	 0.15181830158966741 	 0.11225764558368993 	 10 	 0.01952107250857902 	 0.9419830067263261
10	2	0	0	0.17647058823529413 	 0.10129305939824423 	 0.09340380356214037 	 10 	 0.01336441637253539 	 0.6811411993630083
10	4	0	0	0.17647058823529413 	 0.14367696778883315 	 0.11466413735319118 	 10 	 0.024039241030367885 	 0.8783311222368001
10	6	0	0	0.25 	 0.07008557653563767 	 0.13903062137184644 	 10 	 0.010242097290237322 	 0.5874586946598276
10	7	0	0	0.42857142857142855 	 0.03553915874642211 	 0.023995112896175928 	 10 	 0.008500893372410761 	 0.3996888847097103
10	8	0	0	0.3333333333333333 	 0.14277560394308692 	 0.10066847865182242 	 10 	 0.019109975099836037 	 0.6942014901058701
10	9	0	0	0.42857142857142855 	 0.12821243826449047 	 0.18786609841925683 	 10 	 0.02192022521770294 	 0.656620326465253
10	10	0	0	0.25 	 0.21088140640881878 	 0.23193045657085914 	 10 	 0.03186502253757975 	 0.8459787415981381
2	1	1	100	0.3333333333333333 	 0.0031121935686825165 	 0.03522781284909374 	 2 	 0.010966877609143888 	 0.3673903999063206
2	1	1	1000	0.3333333333333333 	 0.0032316879595107734 	 0.03600262407609679 	 2 	 0.010966877609143888 	 0.3673903999063206
2	1	1	10000	0.3333333333333333 	 0.003243822227186776 	 0.036080036756457996 	 2 	 0.010966877609143888 	 0.3673903999063206
2	2	1	100	0.3333333333333333 	 0.0004135654696658849 	 0.00380850186008665 	 2 	 0.009018389670990567 	 0.33530425036572364
2	2	1	1000	0.3333333333333333 	 0.00039966947178793566 	 0.003116834980587229 	 2 	 0.008968552495813138 	 0.3336347049972798
2	2	1	10000	0.0 	 0.0003981157155886284 	 0.0033322726429276233 	 2 	 0.013929468245192847 	 1.0
2	3	1	100	0.0 	 0.05388635820425717 	 0.20801156245659505 	 2 	 0.008111913857423773 	 1.0
2	3	1	1000	0.0 	 0.0538993162849646 	 0.20806949102901426 	 2 	 0.008111913857423773 	 1.0
2	3	1	10000	0.0 	 0.053900609356457525 	 0.208075284441749 	 2 	 0.008111913857423773 	 1.0
2	4	1	100	0.0 	 0.0376528852995845 	 0.10912264585075905 	 2 	 0.012056340301378598 	 1.0
2	4	1	1000	0.0 	 0.03754490968346975 	 0.10912264585075905 	 2 	 0.012056340301378598 	 1.0
2	4	1	10000	0.0 	 0.0375828137702804 	 0.10912264585075905 	 2 	 0.012056340301378598 	 1.0
2	5	1	100	0.3333333333333333 	 0.028765905073742673 	 0.04542802888969389 	 2 	 0.0007415297136982011 	 0.02484124540888976
2	5	1	1000	0.3333333333333333 	 0.028503695089060085 	 0.04542802888969389 	 2 	 0.0007415297136982011 	 0.02484124540888976
2	5	1	10000	0.3333333333333333 	 0.028766324684667315 	 0.04542802888969389 	 2 	 0.0007415297136982011 	 0.02484124540888976
2	6	1	100	0.0 	 0.005796901548196477 	 0.0756271730755483 	 2 	 0.013095785062020925 	 1.0
2	6	1	1000	0.0 	 0.00583285282259633 	 0.0756271730755483 	 2 	 0.013095785062020925 	 1.0
2	6	1	10000	0.0 	 0.005843273539511611 	 0.0756271730755483 	 2 	 0.013095785062020925 	 1.0
2	7	1	100	0.0 	 0.01670677087638515 	 0.09079588039991623 	 2 	 0.01093745379716055 	 1.0
2	7	1	1000	0.0 	 0.01668367897826175 	 0.09079588039991623 	 2 	 0.01093745379716055 	 1.0
2	7	1	10000	0.0 	 0.016585084160816544 	 0.09079588039991623 	 2 	 0.01093745379716055 	 1.0
2	8	1	100	0.3333333333333333 	 0.02863642094120685 	 0.1060949601220843 	 2 	 0.011697798433541672 	 0.6081237524763536
2	8	1	1000	0.3333333333333333 	 0.028722080050201992 	 0.10603277289167357 	 2 	 0.011697798433541672 	 0.6081237524763536
2	8	1	10000	0.3333333333333333 	 0.028731339571615232 	 0.10602621376867369 	 2 	 0.011697798433541672 	 0.6081237524763536
2	9	1	100	1.0 	 0.023099758676174958 	 0.09284049616788498 	 2 	 0.002429489368686108 	 0.08138789385098469
2	9	1	1000	1.0 	 0.022799457160766357 	 0.09257083122790848 	 2 	 0.0026219500486606637 	 0.0878353266301323
2	9	1	10000	1.0 	 0.022770101248773256 	 0.09254432632380566 	 2 	 0.002641168768430505 	 0.08847915374242199
2	10	1	100	0.3333333333333333 	 0.003620477631403299 	 0.013666414985758955 	 2 	 0.00043074416001825065 	 0.4789267256788584
2	10	1	1000	0.3333333333333333 	 0.003591675768404466 	 0.013398679590324931 	 2 	 0.00040467467146185795 	 0.4780533978122192
2	10	1	10000	0.3333333333333333 	 0.0035888008822993174 	 0.013371903172381827 	 2 	 0.0004020677226061911 	 0.4779660650255544
3	1	1	100	0.2 	 0.007996252125513014 	 0.11510942244413924 	 3 	 0.012819269101153809 	 0.4166262457874992
3	1	1	1000	0.2 	 0.007771492715901401 	 0.11409999714529735 	 3 	 0.012819269101153809 	 0.4166262457874992
3	1	1	10000	0.2 	 0.007717586466919973 	 0.11399893845021937 	 3 	 0.012819269101153809 	 0.4166262457874992
3	2	1	100	0.2 	 0.006002871637270661 	 0.06679177859406865 	 3 	 0.003231980845822458 	 0.43474438357856876
3	2	1	1000	0.5 	 0.006629861610701496 	 0.02956850820121205 	 3 	 0.00881149003268851 	 0.6051361176596687
3	2	1	10000	0.5 	 0.006672234322138162 	 0.029636661383288722 	 3 	 0.008803221524404561 	 0.6048673911404402
3	3	1	100	0.2 	 0.05467831420165307 	 0.15223643262568454 	 3 	 0.01574407412703074 	 1.0
3	3	1	1000	0.2 	 0.05446626798732511 	 0.15223643262568454 	 3 	 0.01574407412703074 	 1.0
3	3	1	10000	0.2 	 0.0544710524831602 	 0.15223643262568454 	 3 	 0.01574407412703074 	 1.0
3	4	1	100	0.0 	 0.036969878633928484 	 0.11297054801403411 	 3 	 0.01712811568833167 	 1.0
3	4	1	1000	0.0 	 0.03624653031180985 	 0.11297054801403411 	 3 	 0.01712811568833167 	 1.0
3	4	1	10000	0.0 	 0.034116055650154964 	 0.11297054801403411 	 3 	 0.01712811568833167 	 1.0
3	5	1	100	0.2 	 0.022600686135061998 	 0.008310223135225819 	 3 	 0.0004196540188406846 	 0.4255585177052079
3	5	1	1000	0.2 	 0.021858534239160357 	 0.006894117047437653 	 3 	 0.0005506837938330734 	 0.42882238846854404
3	5	1	10000	0.2 	 0.021939964050286125 	 0.007462991801625924 	 3 	 0.0005821432626979473 	 0.4298448212066525
3	6	1	100	0.2 	 0.01554322906775075 	 0.1145806243951471 	 3 	 0.008813013669345653 	 0.7135770557462661
3	6	1	1000	0.2 	 0.015602918654697295 	 0.1147092452359187 	 3 	 0.008813013669345653 	 0.7135770557462661
3	6	1	10000	0.2 	 0.015550658567020433 	 0.11472213143534152 	 3 	 0.008813013669345652 	 0.713577055746266
3	7	1	100	0.0 	 0.018905751157251623 	 0.06898069094233371 	 3 	 0.006827893336625895 	 1.0
3	7	1	1000	0.0 	 0.01890572826355251 	 0.06784464255871284 	 3 	 0.006827893336625898 	 1.0
3	7	1	10000	0.0 	 0.018905752774968584 	 0.06773089851001363 	 3 	 0.006827893336625896 	 1.0
3	8	1	100	0.2 	 0.0313353385719447 	 0.07528582612091878 	 3 	 0.012995906505165111 	 0.8332419392428854
3	8	1	1000	0.2 	 0.03090775633602224 	 0.07499883224645963 	 3 	 0.013621473026067907 	 0.8535728511722264
3	8	1	10000	0.2 	 0.03086603194963515 	 0.07496987550631554 	 3 	 0.013683887284926232 	 0.8556013145851218
3	9	1	100	0.5 	 0.0455223381814567 	 0.15324081440058496 	 3 	 0.010815429918457967 	 0.35150169972275724
3	9	1	1000	0.5 	 0.04553131923871399 	 0.15324081667143613 	 3 	 0.010815430142775516 	 0.35150170328643654
3	9	1	10000	0.5 	 0.04553130043247763 	 0.15324081682771534 	 3 	 0.01081543015821866 	 0.3515017035356337
3	10	1	100	0.5 	 0.0009379958663755781 	 0.004250829615552733 	 3 	 0.0003025559078029725 	 0.3544405805949083
3	10	1	1000	0.5 	 0.000444502299321454 	 0.0012232357861663066 	 3 	 3.139698537949649e-05 	 0.35001964263519314
3	10	1	10000	0.5 	 0.0004821817951664307 	 0.0014100359321606824 	 3 	 5.0269016695710816e-05 	 0.3506329836529702
5	1	1	100	0.25 	 0.04314353755702466 	 0.10123330607706481 	 5 	 0.01462901642301124 	 0.8058045343248688
5	1	1	1000	0.25 	 0.04491582211720782 	 0.09824370866898972 	 5 	 0.014629016423011239 	 0.8058045343248688
5	1	1	10000	0.25 	 0.04573566545962637 	 0.09791820807016624 	 5 	 0.014629016423011239 	 0.8058045343248688
5	2	1	100	0.1111111111111111 	 0.018504286480468316 	 0.0713638115744561 	 5 	 0.010624617472763654 	 0.6094419409514449
5	2	1	1000	0.1111111111111111 	 0.019021687453354502 	 0.07322041369368716 	 5 	 0.010624617472763656 	 0.6094419409514448
5	2	1	10000	0.1111111111111111 	 0.019081452849356237 	 0.07340596699248726 	 5 	 0.010624617472763656 	 0.6094419409514449
5	3	1	100	0.25 	 0.09128988310284554 	 0.13468116887520773 	 5 	 0.0143082955690975 	 0.7365787336151215
5	3	1	1000	0.42857142857142855 	 0.10852456367678111 	 0.14501911506653087 	 5 	 0.015503278512955534 	 0.530718641859484
5	3	1	10000	0.42857142857142855 	 0.1100301253941994 	 0.14521423852343618 	 5 	 0.015657138482146536 	 0.5354117988732494
5	4	1	100	0.0 	 0.0611189420239038 	 0.09739153033433873 	 5 	 0.015965085023840208 	 1.0
5	4	1	1000	0.0 	 0.061128858295495685 	 0.09725336686822064 	 5 	 0.01596508502384021 	 1.0
5	4	1	10000	0.0 	 0.06112290532412798 	 0.09723956040983239 	 5 	 0.015965085023840208 	 1.0
5	5	1	100	0.25 	 0.043552953542994516 	 0.12965527034580657 	 5 	 0.011803174956502996 	 0.3599968361733415
5	5	1	1000	0.42857142857142855 	 0.053912026654726414 	 0.08043692989462835 	 5 	 0.0050740223557262385 	 0.22256201961326239
5	5	1	10000	0.42857142857142855 	 0.05868821152271003 	 0.08017889024481785 	 5 	 0.005074022355726238 	 0.22159328595524824
5	6	1	100	0.25 	 0.04459324814499107 	 0.09430979445082889 	 5 	 0.008209650673947634 	 0.5765123955913513
5	6	1	1000	0.25 	 0.044034002628019264 	 0.09195586896005438 	 5 	 0.008209650673947634 	 0.5765123955913511
5	6	1	10000	0.25 	 0.04469599425079558 	 0.0917209122442788 	 5 	 0.008209650673947634 	 0.5765123955913513
5	7	1	100	0.0 	 0.06208312956328255 	 0.18560009405738828 	 5 	 0.015628315508478388 	 1.0
5	7	1	1000	0.0 	 0.0597072245904836 	 0.1862987657452949 	 5 	 0.01562716296661678 	 1.0
5	7	1	10000	0.0 	 0.06677974786076706 	 0.186358560850981 	 5 	 0.015628010829668443 	 1.0
5	8	1	100	0.25 	 0.05744495502960732 	 0.08618181485770057 	 5 	 0.018058216125236233 	 0.8453812890798184
5	8	1	1000	0.42857142857142855 	 0.04840603464684083 	 0.08722695156999369 	 5 	 0.018463714724277665 	 0.8577489963505821
5	8	1	10000	0.25 	 0.05161666708424637 	 0.0875465528923161 	 5 	 0.018587499171761473 	 0.8615244219988383
5	9	1	100	0.25 	 0.06861116432605091 	 0.1610279812270585 	 5 	 0.012061683570011836 	 0.5593091298988819
5	9	1	1000	0.25 	 0.0657622466905605 	 0.16191604850105876 	 5 	 0.012197369723832664 	 0.5593112572085831
5	9	1	10000	0.25 	 0.07694672134036165 	 0.1620047318904813 	 5 	 0.012210937541253125 	 0.55931146712107
5	10	1	100	0.25 	 0.05539432665214893 	 0.19591347905782283 	 5 	 0.02176146932396165 	 0.6642310802631245
5	10	1	1000	0.25 	 0.06128149529076223 	 0.19220840700880712 	 5 	 0.021145506281656568 	 0.650759404249792
5	10	1	10000	0.25 	 0.05343836104517909 	 0.19135826330321135 	 5 	 0.02098900813803319 	 0.6492667402289728
7	1	1	100	0.07692307692307693 	 0.0981395901979283 	 0.09397870014153659 	 7 	 0.013196674573661181 	 0.875911107796251
7	1	1	1000	0.07692307692307693 	 0.09834048109900376 	 0.09513244490482042 	 7 	 0.012585620744605036 	 0.8759111077962511
7	1	1	10000	0.07692307692307693 	 0.09849505862126615 	 0.09555246511019888 	 7 	 0.012585620744605036 	 0.8759111077962511
7	2	1	100	0.07692307692307693 	 0.09460044438556992 	 0.05858711078981957 	 7 	 0.0034721162369671823 	 0.707852761264177
7	2	1	1000	0.07692307692307693 	 0.1085807179435604 	 0.059031857124320804 	 7 	 0.004304587277816708 	 0.7078525544032664
7	2	1	10000	0.07692307692307693 	 0.09540963572721778 	 0.05921399539839075 	 7 	 0.004305162088266796 	 0.7078571879200949
7	4	1	100	0.07692307692307693 	 0.07912849944340947 	 0.07625835136329534 	 7 	 0.022408200034005156 	 0.8076194488541626
7	4	1	1000	0.07692307692307693 	 0.07935707875545327 	 0.07590446483575553 	 7 	 0.02253139411604068 	 0.8076194598968243
7	4	1	10000	0.07692307692307693 	 0.07928514196417366 	 0.07586844246389718 	 7 	 0.022543678258951424 	 0.807619461856727
7	5	1	100	0.4 	 0.06643039009089924 	 0.11729697511618117 	 7 	 0.010186972590389252 	 0.38224997911746544
7	5	1	1000	0.4 	 0.0657219653755877 	 0.1129650785867956 	 7 	 0.010186972590389252 	 0.3796859842838266
7	5	1	10000	0.4 	 0.06564060422683449 	 0.11252129826546653 	 7 	 0.010186972590389254 	 0.3794510965492996
7	6	1	100	0.2727272727272727 	 0.04394772933915334 	 0.09392520692449659 	 7 	 0.007204959029057519 	 0.6110282306908974
7	6	1	1000	0.2727272727272727 	 0.08410603059839755 	 0.10089950154714578 	 7 	 0.00846364544962233 	 0.6183301136388991
7	6	1	10000	0.2727272727272727 	 0.08394060966669065 	 0.10089855546016463 	 7 	 0.008451115618234634 	 0.617974181597537
7	7	1	100	0.16666666666666666 	 0.056089119346516406 	 0.10309327469539979 	 7 	 0.008909205402987824 	 0.6569386118066363
7	7	1	1000	0.16666666666666666 	 0.05689509291268164 	 0.10600429436173005 	 7 	 0.007819509839477542 	 0.6439133327168157
7	7	1	10000	0.16666666666666666 	 0.05730756896477756 	 0.10659544560306905 	 7 	 0.007662275025001121 	 0.643913332479555
7	8	1	100	0.4 	 0.05966320832414076 	 0.07825335632221449 	 7 	 0.018211523316907563 	 0.733948908771397
7	8	1	1000	0.4 	 0.0591180969164848 	 0.09628165767012868 	 7 	 0.020186820900859374 	 0.8123023991237254
7	8	1	10000	0.2727272727272727 	 0.06741421495336893 	 0.0885695263013956 	 7 	 0.01944304397237119 	 0.8930976352503855
7	9	1	100	0.4 	 0.09867228353896539 	 0.21697992145984513 	 7 	 0.017515477199528902 	 0.7685003042230202
7	9	1	1000	0.4 	 0.10221066006820652 	 0.20611871165790474 	 7 	 0.014101951682336505 	 0.671214707373466
7	9	1	10000	0.4 	 0.1015167104512914 	 0.20618073399228964 	 7 	 0.014099517371601731 	 0.671145322033175
7	10	1	100	0.16666666666666666 	 0.12408798049349598 	 0.1989710723150692 	 7 	 0.020814722171268785 	 0.7699702470038854
7	10	1	1000	0.2727272727272727 	 0.1188178883843744 	 0.19270386221477936 	 7 	 0.02012254328864583 	 0.7263353578721217
7	10	1	10000	0.2727272727272727 	 0.11005675241727485 	 0.19216722426335642 	 7 	 0.019988280745872167 	 0.7247459336767791
10	1	1	100	0.17647058823529413 	 0.16752299637613263 	 0.12793886007256283 	 10 	 0.018973075292912214 	 0.7583816510577647
10	1	1	1000	0.17647058823529413 	 0.1324196374058147 	 0.1510154149392139 	 10 	 0.019312034366826082 	 0.7910359364379133
10	1	1	10000	0.17647058823529413 	 0.1326786795665035 	 0.1510244308267804 	 10 	 0.01945209500620402 	 0.7926265796063527
10	2	1	100	0.17647058823529413 	 0.10981316056475275 	 0.06264827683063305 	 10 	 0.012057545714759154 	 0.6171070073010746
10	2	1	1000	0.17647058823529413 	 0.09880439169089704 	 0.06817473076738945 	 10 	 0.013498515786997714 	 0.6166948326619354
10	2	1	10000	0.17647058823529413 	 0.09850922083030776 	 0.06840733678564187 	 10 	 0.013561193685911863 	 0.6175573733736301
10	4	1	100	0.25 	 0.14857676597682937 	 0.12607623813323687 	 10 	 0.0278729577791021 	 0.7681102326140057
10	4	1	1000	0.17647058823529413 	 0.13469422153685126 	 0.13341530907598467 	 10 	 0.028904902588820204 	 0.8042903662829911
10	4	1	10000	0.17647058823529413 	 0.1696100885481308 	 0.13528606709367497 	 10 	 0.02959921560756383 	 0.8219951139961504
10	6	1	100	0.25 	 0.11854861969549929 	 0.09156555418106407 	 10 	 0.013001373388525335 	 0.6956004670383541
10	6	1	1000	0.25 	 0.16262740151508134 	 0.10067316191115049 	 10 	 0.01129086579085553 	 0.6440927265219507
10	6	1	10000	0.25 	 0.09392742496338367 	 0.08201617184317692 	 10 	 0.007759380271095731 	 0.543866397147641
10	7	1	100	0.3333333333333333 	 0.08344657461442716 	 0.103510638687 	 10 	 0.01851518672913046 	 0.6666982298532133
10	7	1	1000	0.3333333333333333 	 0.09640905573781519 	 0.10029453217395197 	 10 	 0.020104507211360076 	 0.7101054834321325
10	7	1	10000	0.3333333333333333 	 0.11385710134577197 	 0.10069683670004766 	 10 	 0.020195413010553335 	 0.7120194467599575
10	8	1	100	0.3333333333333333 	 0.16483635192533083 	 0.12210705623705832 	 10 	 0.025283281659301788 	 0.7952687961647079
10	8	1	1000	0.3333333333333333 	 0.14948286727751714 	 0.11630576104916358 	 10 	 0.025564438099219416 	 0.8024552653836845
10	8	1	10000	0.3333333333333333 	 0.1430779522554353 	 0.1176552414170511 	 10 	 0.025818128013132588 	 0.8234241860232809
10	9	1	100	0.42857142857142855 	 0.12282596688259957 	 0.18365033334082043 	 10 	 0.0237389241488951 	 0.7565595378763887
10	9	1	1000	0.5384615384615384 	 0.11577508942171912 	 0.19130235505658716 	 10 	 0.02373859583714133 	 0.7565558936113672
10	9	1	10000	0.5384615384615384 	 0.11240276537118116 	 0.18341686150696196 	 10 	 0.02374131319099913 	 0.7566082549565993
10	10	1	100	0.17647058823529413 	 0.18553064082685625 	 0.21250309554668018 	 10 	 0.0326356861671427 	 0.8325564089189844
10	10	1	1000	0.25 	 0.07252634012795112 	 0.1760569968657041 	 10 	 0.02606924421523184 	 0.7346435923004315
10	10	1	10000	0.25 	 0.07385683359675198 	 0.17841139445373283 	 10 	 0.026069244215231838 	 0.7346435923004314
2	1	2	100	0.0 	 0.005983431123446995 	 0.03516389203548813 	 2 	 0.0109451412310402 	 1.0
2	1	2	1000	0.0 	 0.006057273036203903 	 0.03516389203548813 	 2 	 0.0109451412310402 	 1.0
2	1	2	10000	0.0 	 0.006121740797168001 	 0.03516389203548813 	 2 	 0.0109451412310402 	 1.0
2	2	2	100	0.3333333333333333 	 0.0004123010471038536 	 0.00425292643727246 	 2 	 0.008329217206451245 	 0.33515574251760977
2	2	2	1000	0.3333333333333333 	 0.0003995422689890101 	 0.0038983877092355072 	 2 	 0.008279949079021565 	 0.3335052602487155
2	2	2	10000	0.0 	 0.0003981157155886284 	 0.003841968439026137 	 2 	 0.013244294488770743 	 1.0
2	3	2	100	0.3333333333333333 	 0.037241457388628205 	 0.1571455331775754 	 2 	 0.000573449561561787 	 0.4375072662407876
2	3	2	1000	0.3333333333333333 	 0.03678771946715697 	 0.15278754397083313 	 2 	 0.0004730213359932325 	 0.4375072662407877
2	3	2	10000	0.3333333333333333 	 0.03674228053991884 	 0.15235182072340014 	 2 	 0.000462978513436324 	 0.4375072662407877
2	4	2	100	0.0 	 0.03361628625697231 	 0.08626589754906204 	 2 	 0.010787624644095058 	 1.0
2	4	2	1000	0.0 	 0.03355457436387711 	 0.08612386523331692 	 2 	 0.010787624644095058 	 1.0
2	4	2	10000	0.0 	 0.033548406728500964 	 0.08610966810626289 	 2 	 0.010787624644095058 	 1.0
2	5	2	100	0.0 	 0.06544559316336455 	 0.11870807137002416 	 2 	 0.006064342747958483 	 1.0
2	5	2	1000	0.0 	 0.06588868765277255 	 0.11870807137002416 	 2 	 0.006064342747958483 	 1.0
2	5	2	10000	0.0 	 0.06611623924512826 	 0.11870807137002416 	 2 	 0.006064342747958483 	 1.0
2	6	2	100	0.0 	 0.006721218760804635 	 0.04757697190934665 	 2 	 0.008090726367844893 	 1.0
2	6	2	1000	0.0 	 0.006608165733937937 	 0.04757697190934665 	 2 	 0.008090726367844893 	 1.0
2	6	2	10000	0.0 	 0.006627211675060246 	 0.04757697190934665 	 2 	 0.008090726367844893 	 1.0
2	7	2	100	0.3333333333333333 	 0.021246819295523165 	 0.033310701036384505 	 2 	 0.0026603449402736 	 0.08912155549916567
2	7	2	1000	0.3333333333333333 	 0.021303593889804365 	 0.03369210025780233 	 2 	 0.0026603449402736 	 0.08912155549916567
2	7	2	10000	0.3333333333333333 	 0.02130975699180528 	 0.03373022362802932 	 2 	 0.0026603449402736 	 0.08912155549916567
2	8	2	100	0.3333333333333333 	 0.026915673634490333 	 0.08980120609357456 	 2 	 0.014154692290099507 	 0.47418219171833387
2	8	2	1000	0.3333333333333333 	 0.02712933261614272 	 0.08999704330634516 	 2 	 0.014154692290099507 	 0.47418219171833387
2	8	2	10000	0.3333333333333333 	 0.027153520382528724 	 0.09001936956010335 	 2 	 0.014154692290099507 	 0.47418219171833387
2	9	2	100	0.3333333333333333 	 0.018522228390945045 	 0.0516728955369155 	 2 	 0.012517132595118802 	 0.5604238779146931
2	9	2	1000	0.3333333333333333 	 0.01830393498212899 	 0.0508277402855765 	 2 	 0.012461970066544228 	 0.5622718226219413
2	9	2	10000	0.3333333333333333 	 0.018276020885366947 	 0.050727950346581716 	 2 	 0.012461687435163665 	 0.5622812907731901
2	10	2	100	0.3333333333333333 	 0.020079257738630323 	 0.01100545285828645 	 2 	 0.012523902691946094 	 0.5542497049398699
2	10	2	1000	0.3333333333333333 	 0.020068327250322208 	 0.010946929267193596 	 2 	 0.012471933857137196 	 0.5559906609059682
2	10	2	10000	0.3333333333333333 	 0.02006738065626787 	 0.010941502600726552 	 2 	 0.012464471120353215 	 0.5562406625882313
3	1	2	100	0.2 	 0.05046134646969837 	 0.07916747141168448 	 3 	 0.0135877091678057 	 0.44160054795368586
3	1	2	1000	0.2 	 0.050477519775104535 	 0.07918762385376626 	 3 	 0.0135877091678057 	 0.44160054795368586
3	1	2	10000	0.2 	 0.050479047620116284 	 0.07918963927206797 	 3 	 0.0135877091678057 	 0.44160054795368586
3	2	2	100	0.2 	 0.003499446324494235 	 0.09354602829736998 	 3 	 0.014050205837489985 	 0.45663168971842455
3	2	2	1000	0.2 	 0.0034669739226476934 	 0.0933560656543333 	 3 	 0.014050205837489985 	 0.45663168971842455
3	2	2	10000	0.2 	 0.003463363441522887 	 0.09333606245204518 	 3 	 0.014050205837489985 	 0.45663168971842455
3	3	2	100	0.2 	 0.033905467451935935 	 0.27719558916431486 	 3 	 0.008107152028911786 	 0.5430863563816416
3	3	2	1000	0.2 	 0.033316869656202466 	 0.2947630150832676 	 3 	 0.009078188132655037 	 0.5430863563816415
3	3	2	10000	0.2 	 0.033473057709793114 	 0.2973242753791646 	 3 	 0.009175291619674522 	 0.5430863563816416
3	4	2	100	0.0 	 0.02649714349357692 	 0.0880287804977858 	 3 	 0.018734894621947384 	 1.0
3	4	2	1000	0.0 	 0.026653582843713795 	 0.0880287804977858 	 3 	 0.018734894621947384 	 1.0
3	4	2	10000	0.0 	 0.026058128429954516 	 0.0880287804977858 	 3 	 0.018734894621947384 	 1.0
3	5	2	100	0.0 	 0.07397951503159934 	 0.10812769580507593 	 3 	 0.0048948521818129405 	 1.0
3	5	2	1000	0.0 	 0.0739795125793461 	 0.10827749934708715 	 3 	 0.004894852181812942 	 1.0
3	5	2	10000	0.0 	 0.07397951472185446 	 0.10829247329522015 	 3 	 0.004894852181812943 	 1.0
3	6	2	100	0.2 	 0.0182183722867608 	 0.16425034449789686 	 3 	 0.017342206082978682 	 0.5986307934724726
3	6	2	1000	0.2 	 0.017726075924492633 	 0.16433031900673437 	 3 	 0.017342206082978682 	 0.5986307934724726
3	6	2	10000	0.2 	 0.01778081703934826 	 0.16433830428559504 	 3 	 0.017342206082978682 	 0.5986307934724726
3	7	2	100	0.0 	 0.02758205397654784 	 0.08586501036880026 	 3 	 0.004038536123433909 	 1.0
3	7	2	1000	0.0 	 0.027861550779033267 	 0.08587024517955734 	 3 	 0.004041781652208991 	 1.0
3	7	2	10000	0.0 	 0.025540404474512154 	 0.08586999352019122 	 3 	 0.0040419348505005784 	 1.0
3	8	2	100	0.2 	 0.01861081158489212 	 0.053606768756162576 	 3 	 0.009864560541148985 	 0.6427584438291191
3	8	2	1000	0.2 	 0.018730188965280805 	 0.05441661412201745 	 3 	 0.009864560541148986 	 0.6427584438291192
3	8	2	10000	0.2 	 0.0187435912450354 	 0.05450277285328808 	 3 	 0.009864560541148986 	 0.6427584438291191
3	9	2	100	0.5 	 0.03483418033670201 	 0.05886592727143885 	 3 	 0.003059527090339704 	 0.09943463043604041
3	9	2	1000	0.5 	 0.04818897367891953 	 0.10645792332807831 	 3 	 0.004382057380047788 	 0.1484696085193652
3	9	2	10000	0.5 	 0.048238167672493094 	 0.1066430411177295 	 3 	 0.004402193130953843 	 0.14912402042381195
3	10	2	100	0.2 	 0.022553946531396783 	 0.11720684128922662 	 3 	 0.014122954435813465 	 0.5555593895516852
3	10	2	1000	0.2 	 0.022310210178749467 	 0.11565017356075004 	 3 	 0.014122954435813465 	 0.5555593895516852
3	10	2	10000	0.2 	 0.022347766543037748 	 0.11565132713841003 	 3 	 0.014122954435813465 	 0.5555593895516852
5	1	2	100	0.1111111111111111 	 0.038303944887809645 	 0.10868128045891565 	 5 	 0.013120262288177514 	 0.7784503198405771
5	1	2	1000	0.1111111111111111 	 0.038048637345554207 	 0.10732945412777857 	 5 	 0.013120262288177512 	 0.778450319840577
5	1	2	10000	0.1111111111111111 	 0.0380356226597319 	 0.10719403367789093 	 5 	 0.013120262288177512 	 0.7784503198405771
5	2	2	100	0.1111111111111111 	 0.023981290484877616 	 0.05472428499440335 	 5 	 0.009561244130791638 	 0.7056356397160608
5	2	2	1000	0.1111111111111111 	 0.02455355260288984 	 0.05448254448640015 	 5 	 0.009519316069037973 	 0.7056358642753651
5	2	2	10000	0.1111111111111111 	 0.024609194212761924 	 0.054463299285693496 	 5 	 0.009513520019410866 	 0.7056357170986151
5	3	2	100	0.25 	 0.07150729856600471 	 0.20528055358643152 	 5 	 0.015013936219977079 	 0.45792391312141706
5	3	2	1000	0.25 	 0.07315461986829938 	 0.2060592276284178 	 5 	 0.015013889174970253 	 0.45792303958330743
5	3	2	10000	0.25 	 0.07322242951382435 	 0.20611332940146526 	 5 	 0.015013888203104982 	 0.45792302162269577
5	4	2	100	0.1111111111111111 	 0.050927748129185574 	 0.10692931130007877 	 5 	 0.01647809606928504 	 0.8210735722760913
5	4	2	1000	0.1111111111111111 	 0.0570707339493045 	 0.10672327947780819 	 5 	 0.016477793212375143 	 0.8210718698421451
5	4	2	10000	0.1111111111111111 	 0.054511818173619705 	 0.10659465855728785 	 5 	 0.01647778682598233 	 0.8210718329837998
5	5	2	100	0.1111111111111111 	 0.08456046839679636 	 0.09342695603073327 	 5 	 0.008051832461563692 	 0.8195391860934021
5	5	2	1000	0.1111111111111111 	 0.07970426950815457 	 0.09797269331702284 	 5 	 0.00958858761563677 	 0.8195411711351618
5	5	2	10000	0.1111111111111111 	 0.08380892195189746 	 0.09794840666054011 	 5 	 0.009587585886690777 	 0.8195416789494888
5	6	2	100	0.25 	 0.017497992583970612 	 0.19185381173353944 	 5 	 0.01569796271042157 	 0.6259356644083478
5	6	2	1000	0.25 	 0.023667693426138437 	 0.19519180856919732 	 5 	 0.016128190088171537 	 0.6259344412093834
5	6	2	10000	0.25 	 0.02403018302374957 	 0.1955256553057062 	 5 	 0.016171353673272146 	 0.625934337139125
5	7	2	100	0.1111111111111111 	 0.039047931074164294 	 0.28624550928328096 	 5 	 0.010027977704866818 	 0.6735782508473196
5	7	2	1000	0.1111111111111111 	 0.04009774740855235 	 0.2630505990191204 	 5 	 0.011406114005161214 	 0.6735781686685455
5	7	2	10000	0.1111111111111111 	 0.03997263447182205 	 0.2607020243069829 	 5 	 0.011369817109474878 	 0.6735781686685456
5	8	2	100	0.42857142857142855 	 0.04565358831092428 	 0.08864060641404294 	 5 	 0.0154065024674548 	 0.47111707890964694
5	8	2	1000	0.25 	 0.045865379937154054 	 0.08913868157826987 	 5 	 0.0154065024674548 	 0.47111707890964694
5	8	2	10000	0.42857142857142855 	 0.0438258591860046 	 0.08931173757272551 	 5 	 0.015406502467454801 	 0.47111707890964694
5	9	2	100	0.25 	 0.09405575713097607 	 0.12163086720485886 	 5 	 0.006030684267103275 	 0.2453852010793067
5	9	2	1000	0.25 	 0.09416316307888646 	 0.12231532947041371 	 5 	 0.0062126517126954075 	 0.24539572978032892
5	9	2	10000	0.25 	 0.0941712623012921 	 0.12238474796645223 	 5 	 0.006231024904339825 	 0.24540395751867755
5	10	2	100	0.25 	 0.06874528060208478 	 0.2782690011430036 	 5 	 0.023326018104441834 	 0.7629477532593727
5	10	2	1000	0.25 	 0.06852265573641238 	 0.2788057251795371 	 5 	 0.02332601807873015 	 0.7629477528170926
5	10	2	10000	0.25 	 0.06850135554451305 	 0.27885873954337315 	 5 	 0.02332601807750117 	 0.7629477527972531
7	1	2	100	0.16666666666666666 	 0.05776318650940629 	 0.12263439043494673 	 7 	 0.019271141148856214 	 0.8446376156929989
7	1	2	1000	0.16666666666666666 	 0.05786060441121777 	 0.12256881717973 	 7 	 0.01927114114885622 	 0.8446376156929989
7	1	2	10000	0.16666666666666666 	 0.057846701716319705 	 0.12259902083492578 	 7 	 0.019271141148856218 	 0.8446376156929989
7	2	2	100	0.16666666666666666 	 0.04568784661907345 	 0.11477633252077071 	 7 	 0.013949231340288986 	 0.6336800044276645
7	2	2	1000	0.16666666666666666 	 0.06631047073440345 	 0.11376087492844984 	 7 	 0.0138044579537886 	 0.6336789931075479
7	2	2	10000	0.16666666666666666 	 0.06643137737631517 	 0.11365655157060355 	 7 	 0.013789986001275211 	 0.6336789931075479
7	4	2	100	0.07692307692307693 	 0.07760222861723078 	 0.07405245263637249 	 7 	 0.020290672682703105 	 1.0000134314583176
7	4	2	1000	0.07692307692307693 	 0.06171325209138554 	 0.073889856488946 	 7 	 0.02025139338171723 	 1.0000121015620693
7	4	2	10000	0.07692307692307693 	 0.053379718500572576 	 0.073873476481489 	 7 	 0.02024764642303483 	 1.0000134467845374
7	5	2	100	0.16666666666666666 	 0.13231759491341782 	 0.07335654149542943 	 7 	 0.01971390818372788 	 0.8804007888678689
7	5	2	1000	0.16666666666666666 	 0.07711106231413407 	 0.07340445887955595 	 7 	 0.0197155066649672 	 0.8804211930675101
7	5	2	10000	0.16666666666666666 	 0.07782125085784669 	 0.07340853736788235 	 7 	 0.01971559727828929 	 0.8804223260549856
7	6	2	100	0.2727272727272727 	 0.09813223187420524 	 0.11512172259636778 	 7 	 0.010596778218175527 	 0.67352980946284
7	6	2	1000	0.2727272727272727 	 0.05972004658838505 	 0.11600860524932853 	 7 	 0.01082463407764899 	 0.6776832276731376
7	6	2	10000	0.2727272727272727 	 0.061275841650897 	 0.11609533735364357 	 7 	 0.010847303977915196 	 0.678088070612704
7	7	2	100	0.2727272727272727 	 0.03391161494180568 	 0.16035631167231662 	 7 	 0.011371499094641954 	 0.5338840188876326
7	7	2	1000	0.2727272727272727 	 0.03300699352989954 	 0.1544195041896386 	 7 	 0.010914233899339655 	 0.5273312670744035
7	7	2	10000	0.2727272727272727 	 0.03290480168632068 	 0.15382353808938706 	 7 	 0.010868484880971396 	 0.5267373792904757
7	8	2	100	0.4 	 0.07084043451499934 	 0.09972407490702548 	 7 	 0.019378187644233533 	 0.7995685089360351
7	8	2	1000	0.4 	 0.09098415621509362 	 0.09944049360307441 	 7 	 0.018990286760883168 	 0.7885129440643627
7	8	2	10000	0.4 	 0.10179042226735296 	 0.09938819242508692 	 7 	 0.018958846402675596 	 0.7876172645963093
7	9	2	100	0.2727272727272727 	 0.1305691960202085 	 0.18005499329085442 	 7 	 0.006332809344193644 	 0.41428814484433046
7	9	2	1000	0.2727272727272727 	 0.12384723431450306 	 0.18077387743507878 	 7 	 0.006257285165236018 	 0.41507561523635217
7	9	2	10000	0.2727272727272727 	 0.12321964143939737 	 0.1808454003708771 	 7 	 0.006249675935775783 	 0.4151522214433651
7	10	2	100	0.16666666666666666 	 0.13405667025638904 	 0.2763263826767995 	 7 	 0.026347235501425644 	 0.7953395962400812
7	10	2	1000	0.16666666666666666 	 0.13406289838002008 	 0.2763263847670632 	 7 	 0.026347235662925926 	 0.7953395986284907
7	10	2	10000	0.16666666666666666 	 0.13406351740450964 	 0.27632638303183127 	 7 	 0.026347235428482156 	 0.7953395964188382
10	1	2	100	0.17647058823529413 	 0.18395774896372802 	 0.10466084695501113 	 10 	 0.017323393063101933 	 0.9555002397436284
10	1	2	1000	0.17647058823529413 	 0.19884131903181707 	 0.11116994184598523 	 10 	 0.024616285917242228 	 0.9001753482137678
10	1	2	10000	0.17647058823529413 	 0.19811731734886218 	 0.11215430669536737 	 10 	 0.01946361341941881 	 0.9419548839843213
10	2	2	100	0.17647058823529413 	 0.08626699984081097 	 0.07488917647353566 	 10 	 0.008710873958836697 	 0.6446959853882348
10	2	2	1000	0.17647058823529413 	 0.11519277810022581 	 0.07464782841825163 	 10 	 0.008711505456776278 	 0.6478881005480872
10	2	2	10000	0.17647058823529413 	 0.10127932593239466 	 0.09339772483779488 	 10 	 0.013361889956115066 	 0.681105942599336
10	4	2	100	0.17647058823529413 	 0.14716955544854318 	 0.11385321699921157 	 10 	 0.024673217846345834 	 0.8783327316276583
10	4	2	1000	0.17647058823529413 	 0.09581854232443392 	 0.11448297737220878 	 10 	 0.02405462572559178 	 0.8783311113060989
10	4	2	10000	0.17647058823529413 	 0.14196368201938056 	 0.11465611850626725 	 10 	 0.02403708991128065 	 0.8783311228403726
10	6	2	100	0.25 	 0.05803050446334857 	 0.09002594004611236 	 10 	 0.005115024536034193 	 0.5832355310342112
10	6	2	1000	0.25 	 0.0687462213898476 	 0.13821300979466464 	 10 	 0.010250925995815185 	 0.5856743536808057
10	6	2	10000	0.25 	 0.07005346240685942 	 0.13902756039140618 	 10 	 0.010242809801028794 	 0.5873241484326657
10	7	2	100	0.3333333333333333 	 0.05259902938751037 	 0.19434809180438808 	 10 	 0.014969004948442374 	 0.4341944974604497
10	7	2	1000	0.25 	 0.044512214080937494 	 0.02393648844736081 	 10 	 0.0098418584235552 	 0.43496282370758205
10	7	2	10000	0.42857142857142855 	 0.03559514918652906 	 0.02395961621663202 	 10 	 0.008511431728371141 	 0.39993027624494565
10	8	2	100	0.3333333333333333 	 0.14209309561171987 	 0.09717870349095759 	 10 	 0.01874905851014403 	 0.6879035492275175
10	8	2	1000	0.3333333333333333 	 0.14686705877924688 	 0.13163375711415815 	 10 	 0.0320772248768945 	 1.0000127690918177
10	8	2	10000	0.3333333333333333 	 0.1427675226569077 	 0.10004733689413088 	 10 	 0.01899524652046323 	 0.690891726858572
10	9	2	100	0.42857142857142855 	 0.11711550011836241 	 0.17276645692973697 	 10 	 0.0205335388944277 	 0.6374264804124113
10	9	2	1000	0.42857142857142855 	 0.13646298633674434 	 0.18173957493017043 	 10 	 0.018403204056865418 	 0.566936107931889
10	9	2	10000	0.42857142857142855 	 0.13685263742887063 	 0.18185831288668636 	 10 	 0.018421552271568047 	 0.5674039874068061
10	10	2	100	0.17647058823529413 	 0.20665013002290575 	 0.23075495441419006 	 10 	 0.031863265313973654 	 0.8459745427315862
10	10	2	1000	0.17647058823529413 	 0.20743614007816355 	 0.231738925367191 	 10 	 0.031863192382477645 	 0.845973984652743
10	10	2	10000	0.17647058823529413 	 0.20482836589456244 	 0.23172044509068182 	 10 	 0.03186306286409174 	 0.8459731101865909
