2	1	0	0	1.0 	 1.239194702556599e-12 	 7.895672894441115e-12 	 2 	 1.5524613104177457e-12 	 5.2007453898994527e-11
2	2	0	0	1.0 	 0.00028999545422192296 	 0.004063575498561376 	 2 	 0.004870234632117831 	 0.1631528505143207
2	3	0	0	1.0 	 3.68809118220055e-17 	 2.1457306676639147e-16 	 2 	 2.4855739357279634e-18 	 8.326672684688674e-17
2	4	0	0	1.0 	 1.1551394676866859e-17 	 7.72340920884252e-17 	 2 	 6.6281971619412276e-18 	 2.220446049250313e-16
2	5	0	0	1.0 	 1.8892248345443343e-16 	 7.360065542210632e-16 	 2 	 2.3612952389415634e-17 	 7.91033905045424e-16
2	6	0	0	1.0 	 2.0154416026781652e-14 	 8.330720748782609e-14 	 2 	 7.057372928176922e-15 	 2.364219930939271e-13
2	7	0	0	1.0 	 7.741921998198196e-17 	 1.2630207536951886e-16 	 2 	 1.0770820388154492e-17 	 3.608224830031759e-16
2	8	0	0	1.0 	 1.633473675509283e-16 	 8.4000565449557e-16 	 2 	 5.385410194077247e-17 	 1.8041124150158794e-15
2	9	0	0	1.0 	 8.770266687101874e-16 	 3.6346310018123116e-16 	 2 	 2.3664735179743285e-17 	 7.927686285214008e-16
2	10	0	0	1.0 	 3.337100827995949e-10 	 4.720526365417036e-10 	 2 	 1.2613609058569365e-11 	 4.225559034620736e-10
3	1	0	0	1.0 	 3.972499176521184e-12 	 1.3153771069267988e-11 	 3 	 2.2164176477063455e-12 	 7.203357355045627e-11
3	2	0	0	1.0 	 0.00040464184847556755 	 0.002292850361771481 	 3 	 0.002969972803822212 	 0.09652411612422189
3	3	0	0	1.0 	 2.816642208239113e-16 	 1.0431244859405092e-15 	 3 	 5.3803115808757586e-17 	 1.7486012637846217e-15
3	4	0	0	1.0 	 1.101960600043315e-15 	 4.748609977907599e-15 	 3 	 5.311990163975742e-16 	 1.7263968032921184e-14
3	5	0	0	1.0 	 5.020253645391409e-16 	 1.7119852148906194e-15 	 3 	 1.3920488693376918e-16 	 4.524158825347513e-15
3	6	0	0	1.0 	 5.3547097517966324e-14 	 1.6516817340236211e-13 	 3 	 1.320140578050433e-14 	 4.2904568786639175e-13
3	7	0	0	1.0 	 0.0004954762206516827 	 0.0010207924436817805 	 3 	 0.00022284049104879353 	 0.007242315959096797
3	8	0	0	1.0 	 6.682050760447555e-15 	 2.569230995631464e-14 	 3 	 3.082149919901685e-15 	 1.0016987239680475e-13
3	9	0	0	1.0 	 2.700394441974063e-15 	 5.111981645392909e-16 	 3 	 3.5254918642543945e-17 	 1.145784855882681e-15
3	10	0	0	1.0 	 1.79547948123673e-10 	 3.9265484859860253e-10 	 3 	 1.4561795252516083e-11 	 4.73258345706773e-10
5	1	0	0	1.0 	 6.648992630409979e-11 	 7.950209602731568e-11 	 5 	 1.3617730349550779e-11 	 4.1534077566129923e-10
5	2	0	0	0.6666666666666666 	 3.829944328654703e-05 	 0.00027226088777693966 	 5 	 0.0001897058469406167 	 0.013922738472802414
5	3	0	0	1.0 	 1.210228325888611e-15 	 3.310959736577846e-15 	 5 	 2.0862182655353863e-16 	 6.362965709882927e-15
5	4	0	0	1.0 	 1.8530542164504935e-05 	 3.7555621852906295e-05 	 5 	 5.358427015589947e-06 	 0.00016343202397548458
5	5	0	0	1.0 	 4.778795668803721e-08 	 8.54654565626501e-08 	 5 	 1.684504099710039e-08 	 5.137737504115578e-07
5	6	0	0	0.6666666666666666 	 0.0018913887549096636 	 0.004281597765124805 	 5 	 0.00426438806613497 	 0.1490563661113133
5	7	0	0	1.0 	 0.0007853031227747582 	 0.000786292236891707 	 5 	 0.0001648168065882222 	 0.005026912600941365
5	8	0	0	1.0 	 1.317554050150861e-08 	 2.662924319848427e-08 	 5 	 3.0384914893808985e-09 	 9.267399042611777e-08
5	9	0	0	1.0 	 3.887349580785748e-10 	 4.2944363719094753e-10 	 5 	 3.256661080949295e-11 	 9.932816296895355e-10
5	10	0	0	1.0 	 7.199035286460097e-07 	 8.485103499048727e-06 	 5 	 2.1909770046443864e-07 	 6.682479864165394e-06
7	1	0	0	1.0 	 1.1086999691717778e-10 	 1.7173815429647787e-10 	 7 	 3.536875056963427e-11 	 1.0080093912345767e-09
7	2	0	0	0.75 	 0.002962334590032515 	 0.008580984574491647 	 7 	 0.001814502908330203 	 0.08048313782397573
7	4	0	0	0.75 	 0.0015366359022707479 	 0.005104366686959122 	 7 	 0.004546328885072397 	 0.196122199921217
7	5	0	0	0.16666666666666666 	 0.022667454423319154 	 0.014357716774846327 	 7 	 0.005341049889002788 	 0.8711822418378327
7	6	0	0	1.0 	 0.01058715707404546 	 0.003775451039827774 	 7 	 0.0002046304470517228 	 0.005831967541617944
7	7	0	0	1.0 	 0.0033657075756946143 	 0.002965811237604026 	 7 	 0.0006978318488743694 	 0.019888207692917766
7	8	0	0	1.0 	 5.127019408100634e-07 	 9.569814789761814e-07 	 7 	 1.9119141437072763e-07 	 5.448955309565762e-06
7	9	0	0	1.0 	 0.0035697030534896927 	 0.0015137103014867918 	 7 	 7.973706918098752e-05 	 0.0022725064684948927
7	10	0	0	0.75 	 0.0005727919269432592 	 0.015149070412479749 	 7 	 0.0007089414448162211 	 0.07420977687237375
10	1	0	0	0.8181818181818182 	 0.0028621855533867853 	 0.007104383833058949 	 10 	 0.0015359261458521083 	 0.17774149453561772
10	2	0	0	0.6666666666666666 	 0.008401156835785977 	 0.015514869182959103 	 10 	 0.004991861547318282 	 0.3137382293328779
10	4	0	0	0.25 	 0.19049559392222856 	 0.06306312380412264 	 10 	 0.007077878209216533 	 0.6725631763403837
10	6	0	0	1.0 	 0.012564820340359975 	 0.003150460074550164 	 10 	 0.00027662041695326466 	 0.007053818822377844
10	7	0	0	0.8181818181818182 	 0.025065392266448678 	 0.008799898464794119 	 10 	 0.004164683565949662 	 0.1297656880350675
10	8	0	0	1.0 	 0.006221734609807791 	 0.0069343787638299235 	 10 	 0.0006691157816913603 	 0.01706340526992817
10	9	0	0	0.1111111111111111 	 0.11793379743228308 	 0.09676686963918221 	 10 	 0.006482420979958858 	 0.755018821409591
10	10	0	0	0.25 	 0.03627853099882821 	 0.046911652892706636 	 10 	 0.0028440169951440383 	 0.43677499453710056
2	1	1	100	1.0 	 0.00019746562462873355 	 0.001250971821975454 	 2 	 0.0002869593424309461 	 0.009613137971436703
2	1	1	1000	1.0 	 2.005586309238473e-05 	 0.00012686704982830044 	 2 	 2.8695935053164863e-05 	 0.0009613138242810237
2	1	1	10000	1.0 	 2.0087830983251717e-06 	 1.2704868870266709e-05 	 2 	 2.8695943137663938e-06 	 9.613140951117427e-05
2	2	1	100	0.3333333333333333 	 1.9029959026979545e-05 	 0.005557890106515197 	 2 	 0.0006352769748067281 	 0.03318819638753927
2	2	1	1000	0.3333333333333333 	 0.000766500705498816 	 0.006713163290983518 	 2 	 0.009897446555115976 	 0.9668118042189585
2	2	1	10000	1.0 	 0.0003281133753552894 	 0.004108843442871471 	 2 	 0.005634646287801019 	 0.18876068587694236
2	3	1	100	1.0 	 0.0042109122312719745 	 0.016546342693401897 	 2 	 0.0004066369708619991 	 0.013622338523876981
2	3	1	1000	1.0 	 0.0004020810403839009 	 0.0016702508104398796 	 2 	 4.066369708620596e-05 	 0.001362233852387901
2	3	1	10000	1.0 	 4.0027456491507926e-05 	 0.00016718288732877536 	 2 	 4.066369708630953e-06 	 0.00013622338523913702
2	4	1	100	1.0 	 0.0007895422185088094 	 0.0031874151364244202 	 2 	 0.00010637361702472516 	 0.003563516170328296
2	4	1	1000	1.0 	 7.892890784481475e-05 	 0.0003202569437961836 	 2 	 1.0637361702477157e-05 	 0.000356351617032985
2	4	1	10000	1.0 	 7.892675464047932e-06 	 3.204094028089427e-05 	 2 	 1.0637361702426616e-06 	 3.563516170312919e-05
2	5	1	100	0.3333333333333333 	 0.01886537004212575 	 0.005971257247586762 	 2 	 0.00032374627064255673 	 0.02484124540888972
2	5	1	1000	1.0 	 0.00027479186942603966 	 0.000381234555212267 	 2 	 2.3825547271336403e-05 	 0.0007981558335897703
2	5	1	10000	1.0 	 2.6784010825101953e-05 	 3.814638833412838e-05 	 2 	 2.3825547271407087e-06 	 7.981558335921381e-05
2	6	1	100	1.0 	 0.0002189694836712527 	 0.0017999749646541393 	 2 	 0.00023443583666837668 	 0.007853600528390625
2	6	1	1000	1.0 	 2.167878727158726e-05 	 0.000180410155228311 	 2 	 2.3443583661390614e-05 	 0.0007853600526565863
2	6	1	10000	1.0 	 2.1657544783727376e-06 	 1.80452071288818e-05 	 2 	 2.344358360679333e-06 	 7.853600508275771e-05
2	7	1	100	1.0 	 0.0012231127385889887 	 0.004782239851116477 	 2 	 0.00022603164847538148 	 0.0075720602239252865
2	7	1	1000	1.0 	 0.00012123756416000665 	 0.0004821672548821977 	 2 	 2.2603164847533593e-05 	 0.000757206022392376
2	7	1	10000	1.0 	 1.2113381429404121e-05 	 4.825662139144806e-05 	 2 	 2.260316484756508e-06 	 7.572060223934308e-05
2	8	1	100	1.0 	 0.00014630697109970482 	 0.002183484737035618 	 2 	 0.00026874790605511 	 0.009003054852846193
2	8	1	1000	1.0 	 1.4453722361700333e-05 	 0.00021846235176103284 	 2 	 2.6874790605598493e-05 	 0.0009003054852875503
2	8	1	10000	1.0 	 1.443632576805771e-06 	 2.184737461077548e-05 	 2 	 2.6874790606547153e-06 	 9.003054853193304e-05
2	9	1	100	1.0 	 0.00035669631257694267 	 0.0015310312277463925 	 2 	 4.97528644335437e-05 	 0.0016667209585237153
2	9	1	1000	1.0 	 3.5628834486735225e-05 	 0.00015325602285795012 	 2 	 4.975286443343268e-06 	 0.0001666720958519996
2	9	1	10000	1.0 	 3.562479979686995e-06 	 1.532713296645437e-05 	 2 	 4.975286443387179e-07 	 1.6667209585347065e-05
2	10	1	100	1.0 	 0.00022789744070404318 	 0.001050352165882713 	 2 	 4.9836062113973573e-05 	 0.0016695080808181155
2	10	1	1000	1.0 	 2.2835704630943445e-05 	 0.00010534666955091709 	 2 	 4.983612261152913e-06 	 0.00016695101074862265
2	10	1	10000	1.0 	 2.284085609779e-06 	 1.0538011751260502e-05 	 2 	 4.983672757675298e-07 	 1.6695303738212257e-05
3	1	1	100	1.0 	 0.003102469721878694 	 0.011366811950013947 	 3 	 0.0017179552064006316 	 0.05583354420802053
3	1	1	1000	1.0 	 0.00030469858513926056 	 0.0011800018503424824 	 3 	 0.0001717955211736976 	 0.005583354438145172
3	1	1	10000	1.0 	 3.051423749628889e-05 	 0.00011850892958391283 	 3 	 1.7179552652971752e-05 	 0.0005583354612215818
3	2	1	100	0.5 	 0.0001670160973091481 	 0.0058727244785673205 	 3 	 0.00035237467963018375 	 0.022394491580028777
3	2	1	1000	0.5 	 9.874757164067556e-05 	 0.0009525539333419697 	 3 	 0.0003257361277796771 	 0.01180894410808941
3	2	1	10000	0.5 	 2.1676112423660713e-05 	 0.0002356502669184377 	 3 	 0.00014680766725926487 	 0.011022047301243598
3	3	1	100	1.0 	 0.012014632466663911 	 0.023360162803701116 	 3 	 0.0008353967122551149 	 0.027150393148291284
3	3	1	1000	1.0 	 0.0010956842721761813 	 0.0023738247211476447 	 3 	 8.353967122546479e-05 	 0.002715039314827611
3	3	1	10000	1.0 	 0.00010862632476044804 	 0.0002377721350102615 	 3 	 8.35396712251095e-06 	 0.00027150393148160645
3	4	1	100	1.0 	 0.0013473850393843389 	 0.004071032917390484 	 3 	 0.00022992761303002406 	 0.007472647423475781
3	4	1	1000	1.0 	 0.00013398356760135053 	 0.00040904653947161705 	 3 	 2.2992761304005618e-05 	 0.0007472647423801826
3	4	1	10000	1.0 	 1.3391218682901414e-05 	 4.092435351050558e-05 	 3 	 2.299276131398567e-06 	 7.472647427045342e-05
3	5	1	100	0.5 	 0.020229559877606666 	 0.01001248941042876 	 3 	 0.0004361852326143197 	 0.026176608084744243
3	5	1	1000	1.0 	 0.00024169176712806944 	 0.0008639218064388426 	 3 	 5.193730289062156e-05 	 0.001687962343945201
3	5	1	10000	1.0 	 2.4409391935850595e-05 	 8.65591990760492e-05 	 3 	 5.193730289110005e-06 	 0.00016879623439607517
3	6	1	100	1.0 	 0.0006448243027021575 	 0.002577819626360095 	 3 	 0.00033255791602478937 	 0.010808132270805654
3	6	1	1000	1.0 	 6.372321146584784e-05 	 0.0002586742022880446 	 3 	 3.325579160089294e-05 	 0.0010808132270290207
3	6	1	10000	1.0 	 6.365114531128833e-06 	 2.587655823516475e-05 	 3 	 3.325579158523026e-06 	 0.00010808132265199832
3	7	1	100	0.5 	 0.0035433223746894767 	 0.01358835752325513 	 3 	 0.0017582232895320446 	 0.39436767021548474
3	7	1	1000	1.0 	 0.0003301917735857546 	 0.0010277932154998553 	 3 	 0.00015374087302109013 	 0.004996578373187465
3	7	1	10000	1.0 	 3.381685237652942e-05 	 0.00014977951074293664 	 3 	 2.4920033257445936e-05 	 0.0008099010808672317
3	8	1	100	1.0 	 0.0007042140288405007 	 0.0039824423685095225 	 3 	 0.0005169311592105693 	 0.01680026267434354
3	8	1	1000	1.0 	 7.00742901573804e-05 	 0.0004009908007055309 	 3 	 5.169311591880147e-05 	 0.0016800262673610513
3	8	1	10000	1.0 	 7.004664432957509e-06 	 4.012707399516813e-05 	 3 	 5.169311589615804e-06 	 0.00016800262666251398
3	9	1	100	1.0 	 0.0010631584847980834 	 0.003934703685302691 	 3 	 0.00023016520872658018 	 0.007480369283613856
3	9	1	1000	1.0 	 0.0001061930174427734 	 0.00039356922393022297 	 3 	 2.3016520872658317e-05 	 0.0007480369283613952
3	9	1	10000	1.0 	 1.0618362336157083e-05 	 3.935791122024462e-05 	 3 	 2.30165208725584e-06 	 7.48036928358148e-05
3	10	1	100	1.0 	 0.000883434576225047 	 0.004573912750270727 	 3 	 0.0003768528846791911 	 0.012968999885963312
3	10	1	1000	1.0 	 8.936471316963193e-05 	 0.00046463806729338833 	 3 	 1.771135654650483e-05 	 0.0012969002216509928
3	10	1	10000	1.0 	 8.947543079079897e-06 	 4.653925175070358e-05 	 3 	 3.99046939154943e-06 	 0.0001296902552253565
5	1	1	100	1.0 	 0.004626348374278349 	 0.0122648522702131 	 5 	 0.0012150131582583643 	 0.037057901326880104
5	1	1	1000	1.0 	 0.000481278513844296 	 0.0012774473843549783 	 5 	 0.00012150132564351033 	 0.0037057904321270638
5	1	1	10000	1.0 	 4.834035607433761e-05 	 0.00012829336971324125 	 5 	 1.2150142389201462e-05 	 0.0003705793428706444
5	2	1	100	0.42857142857142855 	 0.00723685159997131 	 0.026617664155706714 	 5 	 0.003841206395618519 	 0.25547546638767704
5	2	1	1000	0.6666666666666666 	 0.001034398706843271 	 0.004437470567600553 	 5 	 0.0007833473353291994 	 0.02522145321792023
5	2	1	10000	0.6666666666666666 	 0.00033022645978046476 	 0.0013041730462024532 	 5 	 0.0003666354784095277 	 0.011297262186074457
5	3	1	100	1.0 	 0.02262011831981502 	 0.023884620645892297 	 5 	 0.0010314518079558481 	 0.031459280142653374
5	3	1	1000	1.0 	 0.0025485215624886453 	 0.0028620998032762766 	 5 	 0.00010394328191355441 	 0.003170270098363411
5	3	1	10000	1.0 	 0.0002500841676512405 	 0.0002867319067011449 	 5 	 1.0394328191349867e-05 	 0.00031702700983617105
5	4	1	100	0.6666666666666666 	 0.008507710269286331 	 0.01627709434261246 	 5 	 0.0014849044754751883 	 0.26174803635614524
5	4	1	1000	1.0 	 0.00020085315798077746 	 0.0007790833320254765 	 4 	 5.9207951263583926e-05 	 0.0018650504648028952
5	4	1	10000	1.0 	 0.0003177707045225633 	 0.0009804482729208336 	 5 	 0.00013916805960553975 	 0.004244625817966792
5	5	1	100	0.1111111111111111 	 0.02483269080983078 	 0.03213520653686097 	 5 	 0.0011396667666587431 	 0.7248118433321046
5	5	1	1000	1.0 	 0.003344342868270858 	 0.009665616371647355 	 5 	 0.0019803236576680944 	 0.06039987155887692
5	5	1	10000	1.0 	 0.00033154564676690613 	 0.000996071848718577 	 5 	 0.0001980571696108519 	 0.006040743673130915
5	6	1	100	0.42857142857142855 	 0.07819294727991434 	 0.04248312481584695 	 5 	 0.007477479105656102 	 0.2782156908876972
5	6	1	1000	1.0 	 4.850959795805695e-05 	 0.0013987393563592541 	 5 	 6.813407529690689e-05 	 0.0020780892965556646
5	6	1	10000	1.0 	 4.868414272220482e-06 	 0.00014378131896731043 	 5 	 6.92389504002682e-06 	 0.00021117879872081845
5	7	1	100	0.42857142857142855 	 0.01663699409093967 	 0.033738994574745336 	 5 	 0.0017414863672051465 	 0.45450128162368636
5	7	1	1000	0.6666666666666666 	 0.004026490471178313 	 0.010111058677279667 	 5 	 0.0016130487537901687 	 0.26893755053903534
5	7	1	10000	1.0 	 0.00033581569728419923 	 0.0009205902848059527 	 5 	 0.00015245013903838502 	 0.004807721500902288
5	8	1	100	0.6666666666666666 	 0.09770942934115467 	 0.05152216447948348 	 5 	 0.006120310401848228 	 0.19791572026328574
5	8	1	1000	1.0 	 0.0011687111842875757 	 0.0031961695742315274 	 5 	 0.0003397820060810962 	 0.010363351185473439
5	8	1	10000	1.0 	 0.00012056636019639049 	 0.0003300136581387926 	 5 	 3.3979844740458635e-05 	 0.0010363852645839887
5	9	1	100	1.0 	 0.008570118262668174 	 0.008500279097343863 	 5 	 0.0007275116469861455 	 0.022189108714092555
5	9	1	1000	1.0 	 0.0013339462760951946 	 0.0017497620657049848 	 5 	 0.0001427623493236806 	 0.004354251654372254
5	9	1	10000	1.0 	 0.0001281469776895576 	 0.0001751974556526069 	 5 	 1.427617632402279e-05 	 0.0004354233778826947
5	10	1	100	0.6666666666666666 	 0.009960161863685358 	 0.07325909321478628 	 5 	 0.0008086009404296691 	 0.25355764365877953
5	10	1	1000	1.0 	 0.0007697187505280786 	 0.013307730967365766 	 5 	 0.0005159702603482621 	 0.015737092940622113
5	10	1	10000	1.0 	 7.51565047914667e-05 	 0.0014539039535233945 	 5 	 5.2142157221145726e-05 	 0.0015903357952449584
7	1	1	100	0.5555555555555556 	 0.04262172189219845 	 0.022975283036322982 	 7 	 0.002446534328209821 	 0.24202865304985413
7	1	1	1000	1.0 	 0.01954437585932641 	 0.0023005164445457477 	 7 	 0.00024552946964747323 	 0.006997589884952985
7	1	1	10000	1.0 	 0.0009057462765851062 	 0.00023372966214577686 	 7 	 2.4621118515552637e-05 	 0.00070170187769325
7	2	1	100	0.5555555555555556 	 0.08780777007671942 	 0.05110544070489373 	 7 	 0.005944261632199702 	 0.4253940783873039
7	2	1	1000	0.5555555555555556 	 0.022029470358180415 	 0.006823868853182526 	 7 	 0.0007859905526162892 	 0.11689002497732953
7	2	1	10000	0.5555555555555556 	 0.004465512569424075 	 0.001602944123949729 	 7 	 0.00034058403658885765 	 0.1044799635443754
7	4	1	100	0.5555555555555556 	 0.031168454165777557 	 0.020492900695046647 	 7 	 0.003241184352144222 	 0.3052785262961689
7	4	1	1000	0.5555555555555556 	 0.04269738870688214 	 0.012188698434937688 	 7 	 0.003822758877109844 	 0.2741869579958149
7	4	1	10000	0.75 	 0.004619718531198203 	 0.008261708292136068 	 7 	 0.0010701708411814514 	 0.18800878348108813
7	5	1	100	0.4 	 0.17324269100406875 	 0.06197992746537327 	 7 	 0.007081145238486717 	 0.4940091520459125
7	5	1	1000	0.4 	 0.07545374623239025 	 0.02291397914034572 	 7 	 0.0014494023738581515 	 0.38513777924008336
7	5	1	10000	0.5555555555555556 	 0.007536022315177442 	 0.009634977547181692 	 7 	 0.0016382922786316637 	 0.29213188726541645
7	6	1	100	0.4 	 0.0701878841738278 	 0.054974642865164174 	 7 	 0.0038491131531680997 	 0.5930391467947344
7	6	1	1000	0.4 	 0.0443618031988104 	 0.016600895439043875 	 7 	 0.0035498163128976374 	 0.36599537208764643
7	6	1	10000	0.5555555555555556 	 0.014455825000614517 	 0.00910102324957641 	 7 	 0.002270179098753872 	 0.34073370539576653
7	7	1	100	0.75 	 0.09877560828481102 	 0.04661694063291489 	 7 	 0.005346600383055207 	 0.3085818819240804
7	7	1	1000	0.4 	 0.006380766022523485 	 0.013225137601324048 	 7 	 0.0023751145077804767 	 0.4555704101395194
7	7	1	10000	0.16666666666666666 	 0.013283669235131228 	 0.020088812005861763 	 7 	 0.0018906208396717607 	 0.7485683695616974
7	8	1	100	0.75 	 0.07050280744841723 	 0.025729542544172108 	 7 	 0.0022069857916406743 	 0.11282696899243139
7	8	1	1000	0.75 	 0.05976542608613384 	 0.003976886170622012 	 7 	 0.0014845151380823937 	 0.0480967951742085
7	8	1	10000	1.0 	 8.605177962541953e-05 	 0.00014632190636404625 	 7 	 1.4637723843714005e-05 	 0.0004171751295458493
7	9	1	100	0.75 	 0.06916344330407831 	 0.08911226887022188 	 7 	 0.002859994330139874 	 0.228191623111617
7	9	1	1000	0.75 	 0.04836864041300056 	 0.07597564378326697 	 7 	 0.0020686825203168847 	 0.21297720642486148
7	9	1	10000	1.0 	 0.02197292557934263 	 0.04301989902780157 	 7 	 0.001664118167941272 	 0.04997637644657788
7	10	1	100	0.2727272727272727 	 0.029839097871514977 	 0.08110581962617479 	 7 	 0.001936415816927606 	 0.6483891019306989
7	10	1	1000	0.75 	 0.005930129616721087 	 0.048071497698438465 	 7 	 0.0007843574655218884 	 0.19710897819036002
7	10	1	10000	0.75 	 0.005433564517628373 	 0.0466833275897973 	 7 	 0.0009798195761961828 	 0.19143713391197315
10	1	1	100	0.3333333333333333 	 0.18589442980618284 	 0.0711185003209246 	 10 	 0.006141985658815708 	 0.4932506370030814
10	1	1	1000	0.6666666666666666 	 0.06460236645690871 	 0.05224880823747503 	 10 	 0.0037988855171888834 	 0.2760707472852921
10	1	1	10000	0.8181818181818182 	 0.016445297751196696 	 0.020815002833964123 	 10 	 0.0014455590740425615 	 0.09129221951885505
10	2	1	100	0.5384615384615384 	 0.1426224894176265 	 0.04753129741963173 	 10 	 0.008088896920661568 	 0.5002403412834476
10	2	1	1000	0.42857142857142855 	 0.0322090596107427 	 0.013612120034932116 	 10 	 0.0030209656983789064 	 0.32014436598774815
10	2	1	10000	0.25 	 0.08181591056814835 	 0.03791042801828783 	 10 	 0.005802990007510031 	 0.8198549780503506
10	4	1	100	0.5384615384615384 	 0.09626726710788543 	 0.025149108458222873 	 10 	 0.004099437538025644 	 0.285912889894289
10	4	1	1000	0.42857142857142855 	 0.06369807955422942 	 0.027552183956377617 	 10 	 0.005475936229308744 	 0.40976125396904384
10	4	1	10000	0.8181818181818182 	 0.05777620845442523 	 0.010103443534755958 	 10 	 0.0018574801068932483 	 0.1719674705272507
10	6	1	100	0.25 	 0.18399542275002032 	 0.05670626361220831 	 10 	 0.005033890730709622 	 0.6768115077120269
10	6	1	1000	0.5384615384615384 	 0.03194683221730237 	 0.03907813247584717 	 10 	 0.003315840833750505 	 0.5859528045166769
10	6	1	10000	0.6666666666666666 	 0.010430153186052348 	 0.0296722930716502 	 10 	 0.0030861723058624737 	 0.4350805000757338
10	7	1	100	0.42857142857142855 	 0.10316990331139755 	 0.04674197396986401 	 10 	 0.007798244267099323 	 0.5070464508598032
10	7	1	1000	0.8181818181818182 	 0.029589665934258748 	 0.011950179578114511 	 10 	 0.004450349917119891 	 0.14837142901634964
10	7	1	10000	0.25 	 0.11163412845852379 	 0.04570403401646926 	 10 	 0.005612120063080352 	 0.6448304429220831
10	8	1	100	0.5384615384615384 	 0.1343037950503437 	 0.06255863258464288 	 10 	 0.005643162767600221 	 0.4213233498285804
10	8	1	1000	0.8181818181818182 	 0.03771548809547251 	 0.0308687575999013 	 10 	 0.0029360437077836166 	 0.23818264125489846
10	8	1	10000	0.8181818181818182 	 0.025349362627252202 	 0.02045990686030576 	 10 	 0.0015726293451840763 	 0.16517727498788248
10	9	1	100	0.5384615384615384 	 0.18502714092041425 	 0.10855172748187626 	 10 	 0.0029957246684997525 	 0.30111537630741136
10	9	1	1000	0.6666666666666666 	 0.11087748904890411 	 0.06845488363630998 	 10 	 0.002122481747963646 	 0.19598545896859812
10	9	1	10000	1.0 	 0.02294535348327075 	 0.03318522616465045 	 10 	 0.0015647717035284251 	 0.041172066190901774
10	10	1	100	0.3333333333333333 	 0.14645749733938263 	 0.06205114788528868 	 10 	 0.005483124014058411 	 0.45893848753042465
10	10	1	1000	0.5384615384615384 	 0.09758161473154872 	 0.04064557648927805 	 10 	 0.0010047856946409708 	 0.2321520090578217
10	10	1	10000	0.6666666666666666 	 0.010255585526252413 	 0.04297372124599063 	 10 	 0.0015757461441421935 	 0.18863133950806316
2	1	2	100	1.0 	 8.63557624431812e-05 	 0.0006343415115982133 	 2 	 0.00012648473952830467 	 0.00423723877419821
2	1	2	1000	1.0 	 8.614772764803349e-06 	 6.344796381039719e-05 	 2 	 1.2648475350493464e-05 	 0.00042372392424153143
2	1	2	10000	1.0 	 8.612742107031183e-07 	 6.3449389297042224e-06 	 2 	 1.264848931882493e-06 	 4.237243921806355e-05
2	2	2	100	0.3333333333333333 	 0.09468756042736116 	 0.009823667850567017 	 2 	 0.0014523437121545593 	 0.05612696610149264
2	2	2	1000	0.3333333333333333 	 0.08162531708781136 	 0.003139000208433109 	 2 	 0.0016491584595048133 	 0.056126966101492655
2	2	2	10000	0.3333333333333333 	 3.304570822215057e-05 	 0.001030587100471746 	 2 	 0.000695667881739723 	 0.056126966101492516
2	3	2	100	1.0 	 0.0008831599919469198 	 0.004772293598308985 	 2 	 4.2415299216656016e-05 	 0.0014209125237579778
2	3	2	1000	1.0 	 8.839826417987054e-05 	 0.00047747294039099 	 2 	 4.241529921664774e-06 	 0.00014209125237577003
2	3	2	10000	1.0 	 8.840654935191768e-06 	 4.774975655414846e-05 	 2 	 4.241529921650689e-07 	 1.4209125237529818e-05
2	4	2	100	1.0 	 0.0006138763318351633 	 0.003564659219700621 	 2 	 0.00018921270086527358 	 0.00633862547898667
2	4	2	1000	1.0 	 6.192468347831706e-05 	 0.00036000177419067065 	 2 	 1.892127008652537e-05 	 0.0006338625478986004
2	4	2	10000	1.0 	 6.197893492408369e-06 	 3.603587573307194e-05 	 2 	 1.8921270086531998e-06 	 6.338625478988225e-05
2	5	2	100	1.0 	 0.0029398381495555266 	 0.006783080133663603 	 2 	 0.0002240070895503126 	 0.007504237499935479
2	5	2	1000	1.0 	 0.00028459937330421395 	 0.0006797459611221244 	 2 	 2.24007089550132e-05 	 0.0007504237499929428
2	5	2	10000	1.0 	 2.8369565482097158e-05 	 6.79890697173818e-05 	 2 	 2.2400708954743515e-06 	 7.504237499839082e-05
2	6	2	100	1.0 	 6.0501981250275365e-05 	 0.0009206413756261771 	 2 	 0.00016291815628358572 	 0.005457758235500127
2	6	2	1000	1.0 	 6.076617770120344e-06 	 9.221364095442089e-05 	 2 	 1.6291815634699853e-05 	 0.0005457758237624456
2	6	2	10000	1.0 	 6.079374213088244e-07 	 9.222894939110466e-06 	 2 	 1.6291815698243549e-06 	 5.4577582589115936e-05
2	7	2	100	1.0 	 0.0018639190733459729 	 0.0014322436265318504 	 2 	 2.1102249112114873e-05 	 0.0007069253452558488
2	7	2	1000	1.0 	 0.00018509064477131114 	 0.00014336940576758925 	 2 	 2.1102249112026636e-06 	 7.069253452528929e-05
2	7	2	10000	1.0 	 1.849615427908725e-05 	 1.4338392507540017e-05 	 2 	 2.1102249110843915e-07 	 7.069253452132718e-06
2	8	2	100	1.0 	 0.0003546805569643995 	 0.0022776793472753056 	 2 	 0.00018787009782145518 	 0.006293648277018754
2	8	2	1000	1.0 	 3.553137063655877e-05 	 0.0002280055347733102 	 2 	 1.8787009782200117e-05 	 0.0006293648277037045
2	8	2	10000	1.0 	 3.5538195899233586e-06 	 2.280293220484397e-05 	 2 	 1.8787009782695575e-06 	 6.293648277203023e-05
2	9	2	100	0.3333333333333333 	 0.010216592615031083 	 0.004012384396940011 	 2 	 0.00022867967161978875 	 0.027912949148089485
2	9	2	1000	1.0 	 0.0008310789461517151 	 0.00036322806791062184 	 2 	 2.20093392816387e-05 	 0.0007373128659348971
2	9	2	10000	1.0 	 8.575557624292586e-05 	 3.701855607413909e-05 	 2 	 2.200933928191398e-06 	 7.373128659441189e-05
2	10	2	100	0.3333333333333333 	 0.006792161894957391 	 0.002126638620215697 	 2 	 0.00011150380690453236 	 0.02993493241123726
2	10	2	1000	1.0 	 0.0003681170391209141 	 0.00011232154982262932 	 2 	 4.777676468870669e-06 	 0.00016005216170716737
2	10	2	10000	1.0 	 3.7012907122234225e-05 	 1.1299744944065316e-05 	 2 	 4.77778999016694e-07 	 1.6005596467059246e-05
3	1	2	100	1.0 	 0.0008199851367232428 	 0.0029287946563545855 	 3 	 0.00024087874204992648 	 0.007828559116622625
3	1	2	1000	1.0 	 8.353807491459414e-05 	 0.000296559616474972 	 3 	 2.4087876201693186e-05 	 0.0007828559765550303
3	1	2	10000	1.0 	 8.369680736773002e-06 	 2.96937477907425e-05 	 3 	 2.408789613981357e-06 	 7.828566245439428e-05
3	2	2	100	0.5 	 0.005653206529047582 	 0.003664201285832821 	 3 	 0.0006393279337480746 	 0.02562935136969324
3	2	2	1000	0.5 	 0.00017004803555507127 	 0.0013630487999366898 	 3 	 0.0007534232213122654 	 0.025629351369693274
3	2	2	10000	0.5 	 5.471519527600113e-05 	 0.0004923758896694095 	 3 	 0.0003287026381313765 	 0.025629351369692684
3	3	2	100	1.0 	 0.0014831514983998197 	 0.010412988903902975 	 3 	 0.0002433440769937385 	 0.007908682502296524
3	3	2	1000	1.0 	 0.00014625923261991154 	 0.001047162263251936 	 3 	 2.433440769936928e-05 	 0.000790868250229504
3	3	2	10000	1.0 	 1.460577030867799e-05 	 0.00010477522104530112 	 3 	 2.4334407699384653e-06 	 7.908682502300035e-05
3	4	2	100	1.0 	 0.0012009332331077251 	 0.002808476505706457 	 3 	 9.831704542094342e-05 	 0.005468984197724722
3	4	2	1000	1.0 	 0.00012073144264551657 	 0.0002817121685409056 	 3 	 1.6827643685773486e-05 	 0.0005468984197876392
3	4	2	10000	1.0 	 1.2079670968138235e-05 	 2.8179911110849597e-05 	 3 	 1.6827643690538053e-06 	 5.4689841994248756e-05
3	5	2	100	1.0 	 0.001610777099695527 	 0.0039619341776750945 	 3 	 0.0002973349881069198 	 0.00966338711347492
3	5	2	1000	1.0 	 0.00015626694907851788 	 0.0003985442058129364 	 3 	 2.9733498810565587e-05 	 0.0009663387113433841
3	5	2	10000	1.0 	 1.558080637217116e-05 	 3.987826008453761e-05 	 3 	 2.9733498809401562e-06 	 9.66338711305553e-05
3	6	2	100	1.0 	 0.0010507605755645038 	 0.004381094802910106 	 3 	 0.00028842345434961126 	 0.009373762266362372
3	6	2	1000	1.0 	 0.00010657801744072762 	 0.0004418360872437753 	 3 	 2.8842345442699083e-05 	 0.0009373762268877206
3	6	2	10000	1.0 	 1.0674425557531664e-05 	 4.42233215274549e-05 	 3 	 2.884234552031221e-06 	 9.373762294101473e-05
3	7	2	100	0.5 	 0.10283654328954288 	 0.011697872211788325 	 3 	 0.0017584648568854805 	 0.061155375576656144
3	7	2	1000	0.5 	 0.003785249842647173 	 0.008825325907695889 	 3 	 0.002182543122495047 	 0.3395926731614655
3	7	2	10000	1.0 	 0.0009168481184879426 	 0.0019263449443555616 	 3 	 0.00042902303773286745 	 0.013943248726337327
3	8	2	100	1.0 	 0.00021769085485013438 	 0.0009956022144886774 	 3 	 9.710945861816758e-05 	 0.0031560574050904515
3	8	2	1000	1.0 	 2.184061722209084e-05 	 9.987221238645597e-05 	 3 	 9.710945861476689e-06 	 0.00031560574049799284
3	8	2	10000	1.0 	 2.1847825449268637e-06 	 9.990356904291695e-06 	 3 	 9.710945858050371e-07 	 3.156057403866375e-05
3	9	2	100	0.5 	 0.02555311233599809 	 0.0036474628914735783 	 3 	 6.84589166471627e-05 	 0.010670066797005773
3	9	2	1000	1.0 	 0.0005963076771952643 	 0.00027983173808819877 	 3 	 6.348011481113276e-06 	 0.00020631037313618202
3	9	2	10000	1.0 	 5.8926684985230597e-05 	 2.7982295203683625e-05 	 3 	 6.348011480916665e-07 	 2.0631037312979217e-05
3	10	2	100	1.0 	 0.0025941276038405374 	 0.0017352144192889019 	 3 	 1.1656154600082273e-05 	 0.00037882502450267436
3	10	2	1000	1.0 	 0.00025445507386984 	 0.00017377517714609614 	 3 	 1.165613625221981e-06 	 3.7882442819714424e-05
3	10	2	10000	1.0 	 2.5397175914857047e-05 	 1.738021769724192e-05 	 3 	 1.1655952773702172e-07 	 3.7881846514532112e-06
5	1	2	100	1.0 	 0.005884160662981349 	 0.005289405839061712 	 5 	 0.000650916671065492 	 0.019852958467497534
5	1	2	1000	1.0 	 0.0004559499320789278 	 0.0005393459223426688 	 5 	 6.509165481332851e-05 	 0.0019852954718065224
5	1	2	10000	1.0 	 4.47350058924596e-05 	 5.404552637364283e-05 	 5 	 6.5091532017790664e-06 	 0.0001985291726542618
5	2	2	100	0.6666666666666666 	 0.021736715253597806 	 0.019121386000892287 	 5 	 0.0033925973699337163 	 0.1146228462756554
5	2	2	1000	0.6666666666666666 	 0.0004500427847688083 	 0.0016702818477084386 	 5 	 0.00017759878808024804 	 0.02386314994245338
5	2	2	10000	0.6666666666666666 	 7.963481180504277e-05 	 0.0004210836842488768 	 5 	 0.00020261654719980036 	 0.014916734299939206
5	3	2	100	1.0 	 0.0014919661705542508 	 0.002450412463753526 	 5 	 7.808555850959051e-05 	 0.0023816095345425142
5	3	2	1000	1.0 	 0.0001494429004555984 	 0.0002464984433148844 	 5 	 7.8085558507735e-06 	 0.00023816095344859206
5	3	2	10000	1.0 	 1.4946850708189901e-05 	 2.466457927500002e-05 	 5 	 7.808555849126591e-07 	 2.381609533983614e-05
5	4	2	100	1.0 	 0.0033752423267568352 	 0.006218771321303762 	 5 	 0.0008140470658074112 	 0.024828436276435793
5	4	2	1000	1.0 	 0.005209105308327874 	 0.008491155242866621 	 5 	 0.0013109303437635928 	 0.039983375484800444
5	4	2	10000	1.0 	 0.00046168276766143327 	 0.0009298890045863633 	 5 	 0.00013589881027642616 	 0.00414491371343091
5	5	2	100	0.6666666666666666 	 0.02978870259026506 	 0.01268655807215445 	 5 	 0.0028735498440977843 	 0.09383061884186401
5	5	2	1000	1.0 	 0.0011075326562053694 	 0.002067094242899771 	 5 	 0.0004017046341518908 	 0.012251991341632537
5	5	2	10000	1.0 	 0.0001104301926823987 	 0.00021530705133968744 	 5 	 4.0155272798989545e-05 	 0.0012247358203691706
5	6	2	100	0.42857142857142855 	 0.10005875874420327 	 0.02169482650140924 	 5 	 0.0014658165578094872 	 0.07751761780529465
5	6	2	1000	0.42857142857142855 	 0.003723246244889347 	 0.0068461497467993 	 5 	 0.0055567242631004545 	 0.4276954680263136
5	6	2	10000	0.42857142857142855 	 0.0021141851803576912 	 0.005580286802856277 	 5 	 0.005532054964971471 	 0.4258843476093639
5	7	2	100	0.6666666666666666 	 0.021815794011114432 	 0.06848436805875228 	 5 	 0.0031056359882664216 	 0.1286092749291196
5	7	2	1000	0.6666666666666666 	 0.004067757444199559 	 0.00580321984574314 	 5 	 0.0010376434416761364 	 0.1482139484633005
5	7	2	10000	1.0 	 0.00039353977467266227 	 0.0005144665216631263 	 5 	 7.80984652263911e-05 	 0.0023820031894052343
5	8	2	100	1.0 	 0.004995005013776478 	 0.010347410402484863 	 5 	 0.0012294922428944428 	 0.03871826706055612
5	8	2	1000	1.0 	 0.0005394628349723396 	 0.0011223471792619563 	 5 	 8.698682383528601e-05 	 0.0038718517792517637
5	8	2	10000	1.0 	 5.442097141612353e-05 	 0.00011323865062915707 	 5 	 1.2695418649723212e-05 	 0.00038721026881655894
5	9	2	100	0.6666666666666666 	 0.046575747117744815 	 0.023319911384242747 	 5 	 0.001370313754570128 	 0.05632436158342652
5	9	2	1000	1.0 	 0.005935183174206372 	 0.007538099139553027 	 5 	 0.0003535856587605895 	 0.017234360551371897
5	9	2	10000	1.0 	 0.0005557048973126092 	 0.0007620847918984303 	 5 	 5.650607082038258e-05 	 0.0017234351600216693
5	10	2	100	0.42857142857142855 	 0.04970495750153684 	 0.12944259842940073 	 5 	 0.0025790747526646604 	 0.2899644954863711
5	10	2	1000	1.0 	 0.0045328693217004026 	 0.018168651517583907 	 5 	 0.00047961076125217506 	 0.014628128218190527
5	10	2	10000	1.0 	 0.000577718048747761 	 0.0023888273498149358 	 5 	 6.174681006997495e-05 	 0.0018832777071341078
7	1	2	100	1.0 	 0.01346791291329416 	 0.017794811306078722 	 7 	 0.0015759477547309538 	 0.049390896586163094
7	1	2	1000	1.0 	 0.0014676247528918108 	 0.0023221749289203428 	 7 	 0.00021241981101057336 	 0.006053964613801332
7	1	2	10000	1.0 	 0.0001444283187882176 	 0.00023268941079933306 	 7 	 2.1241998820815867e-05 	 0.0006053969663932512
7	2	2	100	0.5555555555555556 	 0.07704101032846024 	 0.02578310400999161 	 7 	 0.0035716623171685165 	 0.1464891550288623
7	2	2	1000	0.5555555555555556 	 0.010806917370774079 	 0.0023166454270124185 	 7 	 0.0006255771702856641 	 0.1966639615691508
7	2	2	10000	0.75 	 0.002976846407909253 	 0.00860218743176921 	 7 	 0.0018141925367147716 	 0.08043959746506277
7	4	2	100	0.16666666666666666 	 0.05137336002956608 	 0.0324893634726797 	 7 	 0.004642535056048256 	 0.6310952254306864
7	4	2	1000	0.75 	 0.0644925826410795 	 0.02344415147905338 	 7 	 0.00545313728407283 	 0.2820110414366852
7	4	2	10000	0.75 	 0.0020756194274205455 	 0.005856335452809587 	 7 	 0.004548882241652422 	 0.19970338843101385
7	5	2	100	0.5555555555555556 	 0.08738628788655482 	 0.02596310950986763 	 7 	 0.004547065690951551 	 0.21275281633775617
7	5	2	1000	0.5555555555555556 	 0.004201669219707342 	 0.008047257911627618 	 7 	 0.004396928468426076 	 0.35496824518192377
7	5	2	10000	1.0 	 0.0006217297606179431 	 0.0010034494923859578 	 7 	 0.0003026023925961415 	 0.008624168188989957
7	6	2	100	0.5555555555555556 	 0.03793789263593675 	 0.022502352843325704 	 7 	 0.0010196161826192649 	 0.12936743853353067
7	6	2	1000	0.4 	 0.006037021837280869 	 0.024747364583953275 	 7 	 0.004293371849268938 	 0.42017697113728236
7	6	2	10000	0.4 	 0.012726492532165203 	 0.030641086598484808 	 7 	 0.0036348905492659313 	 0.5819460730338144
7	7	2	100	0.4 	 0.10476548694206975 	 0.017760151080963175 	 7 	 0.005365598807034809 	 0.2609736790330546
7	7	2	1000	0.75 	 0.015445663786431798 	 0.014404357192686588 	 7 	 0.0013749753737445996 	 0.1283080225387372
7	7	2	10000	0.75 	 0.008162308451935243 	 0.011041108621621049 	 7 	 0.002182388670810974 	 0.1794537766160587
7	8	2	100	0.5555555555555556 	 0.13377243090611995 	 0.045904304637012824 	 7 	 0.006986728712308847 	 0.22413411484030196
7	8	2	1000	0.75 	 0.00339080071903026 	 0.002473939958809183 	 7 	 0.0018447816409350817 	 0.05676400350315605
7	8	2	10000	0.75 	 0.008051641256312627 	 0.008928670430737995 	 7 	 0.0010163432590018695 	 0.03289802353198928
7	9	2	100	0.75 	 0.0444305692419132 	 0.027824829897307907 	 7 	 0.0011282703956560058 	 0.04186701407282719
7	9	2	1000	1.0 	 0.004958881650446752 	 0.0019247855547494832 	 7 	 8.043149694842459e-05 	 0.002292297664842413
7	9	2	10000	1.0 	 0.003827347139445271 	 0.0015443212415027472 	 7 	 7.710451942076496e-05 	 0.0021974788016100267
7	10	2	100	0.5555555555555556 	 0.042557553002676864 	 0.06690111088803428 	 7 	 0.002422448838443009 	 0.12437598891211432
7	10	2	1000	0.75 	 0.002400375607672338 	 0.014928693255756069 	 7 	 0.0007478225614987308 	 0.07441407606912057
7	10	2	10000	0.75 	 0.000759408011188151 	 0.01503533331738745 	 7 	 0.0007088958668291991 	 0.0741621772512789
10	1	2	100	0.42857142857142855 	 0.15732617784068087 	 0.03694447163276924 	 10 	 0.006443202374272462 	 0.32229824911899535
10	1	2	1000	0.5384615384615384 	 0.12462345706070906 	 0.029904643626340602 	 10 	 0.0056125761862060326 	 0.22668729225246256
10	1	2	10000	0.25 	 0.13136213759349913 	 0.0436767462747514 	 10 	 0.0028011152408794716 	 0.49451986690474087
10	2	2	100	0.5384615384615384 	 0.1651759886282459 	 0.026478034973604764 	 10 	 0.00664765074150101 	 0.1965006236075049
10	2	2	1000	0.42857142857142855 	 0.07391093924541997 	 0.02083251945107557 	 10 	 0.004176162259350852 	 0.285075861637425
10	2	2	10000	0.5384615384615384 	 0.057821801544336186 	 0.008115445050132444 	 10 	 0.0035310530337578647 	 0.21206830082443984
10	4	2	100	0.5384615384615384 	 0.07126774242884888 	 0.025554713398073477 	 10 	 0.005564919064728774 	 0.3727738607374306
10	4	2	1000	0.6666666666666666 	 0.05617057222748466 	 0.014865613893329448 	 10 	 0.004614632558633255 	 0.21851981245135962
10	4	2	10000	0.6666666666666666 	 0.027500688453343223 	 0.020340995649125292 	 10 	 0.004567136126457412 	 0.2485564248695685
10	6	2	100	0.6666666666666666 	 0.06537047688625254 	 0.029841913206771365 	 10 	 0.0021698616958285635 	 0.1804110269460893
10	6	2	1000	0.8181818181818182 	 0.003586258019124836 	 0.013269902729830103 	 10 	 0.0003897932076249134 	 0.08061844315991261
10	6	2	10000	0.8181818181818182 	 0.043824769540965015 	 0.007566607449733122 	 10 	 0.0004675496783773508 	 0.025100016399616936
10	7	2	100	0.42857142857142855 	 0.027270160419950607 	 0.023319291599393173 	 10 	 0.0027559629304111737 	 0.4390464954768103
10	7	2	1000	0.8181818181818182 	 0.007921919295207828 	 0.011131880029265679 	 10 	 0.0030022662797620447 	 0.14602311149738803
10	7	2	10000	0.8181818181818182 	 0.005549102542786685 	 0.009135490149090767 	 10 	 0.0027381311634517543 	 0.1375934396565994
10	8	2	100	0.5384615384615384 	 0.1941195571382967 	 0.06678432579410742 	 10 	 0.006731857115615422 	 0.36965125576359686
10	8	2	1000	0.8181818181818182 	 0.08491892988386876 	 0.01947884314081434 	 10 	 0.0025869422153304684 	 0.08789160797811067
10	8	2	10000	0.8181818181818182 	 0.04155253112986114 	 0.009399641720482164 	 10 	 0.0007405072112087992 	 0.032035116937106256
10	9	2	100	0.8181818181818182 	 0.041691798997027 	 0.05839788432119603 	 10 	 0.0023147553146660653 	 0.13999399221872122
10	9	2	1000	0.8181818181818182 	 0.06800236364388533 	 0.03413093949693557 	 10 	 0.001846021254004955 	 0.07845488742618828
10	9	2	10000	0.8181818181818182 	 0.023934889373606903 	 0.02597635782483192 	 10 	 0.0018129773739195272 	 0.06727932791805803
10	10	2	100	0.42857142857142855 	 0.24743540019806443 	 0.15048699565387652 	 10 	 0.0036666847651262435 	 0.4280766636918019
10	10	2	1000	0.6666666666666666 	 0.08624867314783985 	 0.05512256039139855 	 10 	 0.0017792169414865646 	 0.11915925048609075
10	10	2	10000	0.25 	 0.037631766184715754 	 0.04852696601290611 	 10 	 0.002836584866623031 	 0.4366733689971642
