2	1	0	0	0.0 	 0.006304266745994421 	 0.03516389203548813 	 2 	 0.0109451412310402 	 1.0
2	2	0	0	0.0 	 0.0003981157155886284 	 0.003841968439026137 	 2 	 0.013249072756145858 	 1.0
2	3	0	0	0.3333333333333333 	 0.036737231038132395 	 0.1920311489302038 	 2 	 0.0024477178903372066 	 0.4375072662407876
2	4	0	0	0.0 	 0.04017482381490666 	 0.1673253396300373 	 2 	 0.010787624644095058 	 1.0
2	5	0	0	0.0 	 0.06712459940757712 	 0.19141142348139706 	 2 	 0.006064342747958483 	 1.0
2	6	0	0	0.0 	 0.0069592297922697515 	 0.05657280882102732 	 2 	 0.008090726367844893 	 1.0
2	7	0	0	0.0 	 0.022289256449134782 	 0.08827492422416876 	 2 	 0.0026603449402736 	 1.0
2	8	0	0	0.0 	 0.037527188570632516 	 0.16587729683215122 	 2 	 0.014154692290099507 	 1.0
2	9	0	0	0.3333333333333333 	 0.01827932751817015 	 0.05073316178869064 	 2 	 0.012456049731101277 	 0.56247015385928
2	10	0	0	0.3333333333333333 	 0.020067253464107395 	 0.010940837623770747 	 2 	 0.01246397088726172 	 0.5562574203967966
3	1	0	0	0.0 	 0.05400154546167713 	 0.10846751232481072 	 3 	 0.01358775135586382 	 1.0
3	2	0	0	0.0 	 0.015247011629323709 	 0.10312811519252064 	 3 	 0.014050205837489985 	 1.0
3	3	0	0	0.0 	 0.06365891643113823 	 0.386563351913224 	 3 	 0.016709791407224367 	 1.0
3	4	0	0	0.0 	 0.03411617062454134 	 0.11571795426389446 	 3 	 0.018735982279079487 	 1.0
3	5	0	0	0.0 	 0.07291010239448564 	 0.18789685854910013 	 3 	 0.01015142948207537 	 1.0
3	6	0	0	0.0 	 0.05661545868954274 	 0.17239350161778283 	 3 	 0.017341860251732392 	 1.0
3	7	0	0	0.0 	 0.03137966432255722 	 0.12360136319391793 	 3 	 0.012233552594286507 	 1.0
3	8	0	0	0.0 	 0.03975533690052201 	 0.13908888984088602 	 3 	 0.019777984081425767 	 1.0
3	9	0	0	0.2 	 0.058770404069413994 	 0.1655879281630369 	 3 	 0.010880035857603262 	 0.5081721689904128
3	10	0	0	0.2 	 0.03069439908417195 	 0.09178079844150451 	 3 	 0.014122954435813465 	 1.0
5	1	0	0	0.0 	 0.0873826123429379 	 0.17617626746488 	 5 	 0.021461442576191137 	 1.0
5	2	0	0	0.1111111111111111 	 0.015564449856410123 	 0.047161052862379586 	 5 	 0.015371199807521581 	 0.70563800104873
5	3	0	0	0.0 	 0.09526635537829062 	 0.25046708877233653 	 5 	 0.0206532520672868 	 1.0
5	4	0	0	0.0 	 0.05959025703757041 	 0.12421524578629163 	 5 	 0.024608564456922954 	 1.0
5	5	0	0	0.1111111111111111 	 0.07218822072381888 	 0.11943925586647862 	 5 	 0.021658772145541363 	 1.000001014179325
5	6	0	0	0.1111111111111111 	 0.0659694287546606 	 0.20814027844679303 	 5 	 0.007188326756036681 	 1.0
5	7	0	0	0.0 	 0.06406423069588753 	 0.26300892402344894 	 5 	 0.022085519671297606 	 1.0
5	8	0	0	0.1111111111111111 	 0.05473929358366172 	 0.11434146162052133 	 5 	 0.023647648711814434 	 0.9999975774368284
5	9	0	0	0.0 	 0.11094087668305017 	 0.21470297498705104 	 5 	 0.01997116617907104 	 1.0
5	10	0	0	0.1111111111111111 	 0.04677417360514208 	 0.26384825411459734 	 5 	 0.023326665845510783 	 1.0000115779083878
7	1	0	0	0.07692307692307693 	 0.10697213430602026 	 0.1258453173013853 	 7 	 0.019271141148856235 	 0.9003610409844209
7	2	0	0	0.07692307692307693 	 0.0728488940405737 	 0.08946914028018645 	 7 	 0.008192728547096309 	 0.771189170008583
7	4	0	0	0.0 	 0.06284036351087553 	 0.06936895001719869 	 7 	 0.01858156038507285 	 1.0
7	5	0	0	0.07692307692307693 	 0.08537233697099064 	 0.07092756264816816 	 7 	 0.013134681100148704 	 0.9999983551288284
7	6	0	0	0.07692307692307693 	 0.08418253982017308 	 0.15532440502664932 	 7 	 0.01877984764781372 	 1.0000149477093758
7	7	0	0	0.07692307692307693 	 0.06360937487889858 	 0.19118689373336112 	 7 	 0.01029397942732503 	 0.9046689379865152
7	8	0	0	0.4 	 0.04653938548962553 	 0.056162042592315685 	 7 	 0.014901844163012323 	 0.4500678526440899
7	9	0	0	0.07692307692307693 	 0.12943163567186283 	 0.2144361731492795 	 7 	 0.01686602409066401 	 0.7387500706574929
7	10	0	0	0.07692307692307693 	 0.11102783844869836 	 0.23312528694615997 	 7 	 0.015947912073792078 	 1.0000000303697578
10	1	0	0	0.17647058823529413 	 0.150887919793999 	 0.09193632266373325 	 10 	 0.01811447428452834 	 0.7977233782706172
10	2	0	0	0.17647058823529413 	 0.1066405209630041 	 0.06904005709222827 	 10 	 0.008832731295569364 	 0.5998449008510296
10	4	0	0	0.17647058823529413 	 0.14051439756067105 	 0.08564828975496698 	 10 	 0.02048556213092027 	 0.8409856141011127
10	6	0	0	0.17647058823529413 	 0.1418369523104093 	 0.13202904521869394 	 10 	 0.017893230487233458 	 0.7605430100123967
10	7	0	0	0.25 	 0.07477568977625378 	 0.16469278209195817 	 10 	 0.013539281444553786 	 0.7885352776655753
10	8	0	0	0.25 	 0.12659837812409225 	 0.08385967963245546 	 10 	 0.016252630451720387 	 0.6367915479243785
10	9	0	0	0.3333333333333333 	 0.16707480085782037 	 0.17540433302501526 	 10 	 0.015551001828245141 	 0.6382971421308696
10	10	0	0	0.1111111111111111 	 0.19448117806582496 	 0.17732807512537657 	 10 	 0.023709004663186845 	 0.7725376994699724
2	1	1	100	0.0 	 0.006031296949653809 	 0.05431146756226607 	 2 	 0.010966877609143888 	 1.0
2	1	1	1000	0.0 	 0.006022676019590562 	 0.05431146756226607 	 2 	 0.010966877609143888 	 1.0
2	1	1	10000	0.0 	 0.006035391878937291 	 0.05431146756226607 	 2 	 0.010966877609143888 	 1.0
2	2	1	100	0.3333333333333333 	 0.0004135654696658849 	 0.00380850186008665 	 2 	 0.009018389670990567 	 0.33530425036572364
2	2	1	1000	0.3333333333333333 	 0.00039966947178793566 	 0.003116834980587229 	 2 	 0.008968552495813138 	 0.3336347049972798
2	2	1	10000	0.0 	 0.0003981157155886284 	 0.0033322726429276233 	 2 	 0.013931640207996974 	 1.0
2	3	1	100	0.0 	 0.06092029877849136 	 0.29793539103148947 	 2 	 0.008111913857423773 	 1.0
2	3	1	1000	0.0 	 0.06094889930658439 	 0.29793539103148947 	 2 	 0.008111913857423773 	 1.0
2	3	1	10000	0.0 	 0.060949039644086836 	 0.29793539103148947 	 2 	 0.008111913857423773 	 1.0
2	4	1	100	0.0 	 0.04035568042584561 	 0.17113794904615595 	 2 	 0.012056340301378598 	 1.0
2	4	1	1000	0.0 	 0.04013004348564596 	 0.17113794904615595 	 2 	 0.012056340301378598 	 1.0
2	4	1	10000	0.0 	 0.040087189237746707 	 0.17113794904615595 	 2 	 0.012056340301378598 	 1.0
2	5	1	100	0.3333333333333333 	 0.019939372306830426 	 0.00913271755767271 	 2 	 0.0005475604771742724 	 0.024841245408889746
2	5	1	1000	0.3333333333333333 	 0.01995692631232699 	 0.00908673435384117 	 2 	 0.0005239303710608562 	 0.02484124540888976
2	5	1	10000	0.3333333333333333 	 0.019958683252772832 	 0.00908214836348905 	 2 	 0.0005215673604495101 	 0.02484124540888976
2	6	1	100	0.0 	 0.0069758581449622095 	 0.09472970577552778 	 2 	 0.013095785062020925 	 1.0
2	6	1	1000	0.0 	 0.00700487248035514 	 0.09472970577552778 	 2 	 0.013095785062020925 	 1.0
2	6	1	10000	0.0 	 0.007041357429037694 	 0.09472970577552778 	 2 	 0.013095785062020925 	 1.0
2	7	1	100	0.0 	 0.022194577607967943 	 0.11066608436172636 	 2 	 0.01093745379716055 	 1.0
2	7	1	1000	0.0 	 0.0223325874434791 	 0.11066608436172636 	 2 	 0.01093745379716055 	 1.0
2	7	1	10000	0.0 	 0.022233363215323914 	 0.11066608436172636 	 2 	 0.01093745379716055 	 1.0
2	8	1	100	0.0 	 0.03756130622526943 	 0.15910952957498148 	 2 	 0.011697798433541672 	 1.0
2	8	1	1000	0.0 	 0.037603314245004585 	 0.15910952957498148 	 2 	 0.011697798433541672 	 1.0
2	8	1	10000	0.0 	 0.03757657870077681 	 0.15910952957498148 	 2 	 0.011697798433541672 	 1.0
2	9	1	100	0.3333333333333333 	 0.037518623731433755 	 0.0886051790782328 	 2 	 0.01115695493607809 	 0.373758123732974
2	9	1	1000	0.3333333333333333 	 0.03838254193452732 	 0.08888601860346476 	 2 	 0.011156954827790637 	 0.37375812373192113
2	9	1	10000	0.3333333333333333 	 0.038490956823738876 	 0.08891412800956734 	 2 	 0.01115695481998932 	 0.3737581237319557
2	10	1	100	0.3333333333333333 	 0.01998891608370921 	 0.10395009137429533 	 2 	 0.0010552375020689351 	 0.4998472526375564
2	10	1	1000	0.3333333333333333 	 0.01998891608370921 	 0.10395009137429533 	 2 	 0.001058279184323743 	 0.4999491489930925
2	10	1	10000	0.3333333333333333 	 0.01998891608370921 	 0.10395009137429533 	 2 	 0.0010556719322055955 	 0.4998618060471346
3	1	1	100	0.2 	 0.012985685538909605 	 0.056898433655945393 	 3 	 0.004709676401579631 	 0.4166262457874993
3	1	1	1000	0.2 	 0.012991730212686145 	 0.0566225888557378 	 3 	 0.004709676401579631 	 0.41662624578749935
3	1	1	10000	0.2 	 0.012992306648118868 	 0.056595005813896114 	 3 	 0.004709676401579632 	 0.4166262457874993
3	2	1	100	0.0 	 0.015396360924913647 	 0.1250608405350892 	 3 	 0.010144769418133501 	 1.0
3	2	1	1000	0.0 	 0.015378684983795967 	 0.1250608405350892 	 3 	 0.010144769418133501 	 1.0
3	2	1	10000	0.0 	 0.015368243910339172 	 0.1250608405350892 	 3 	 0.010144769418133501 	 1.0
3	3	1	100	0.0 	 0.06370215696831748 	 0.19143177388314656 	 3 	 0.015744087218093988 	 1.0
3	3	1	1000	0.0 	 0.0636572322010254 	 0.19143177920114532 	 3 	 0.015744035355829702 	 1.0
3	3	1	10000	0.0 	 0.06365732517055668 	 0.19143177932855204 	 3 	 0.015744034752402658 	 1.0
3	4	1	100	0.0 	 0.0341261071101868 	 0.1362980909987045 	 3 	 0.01712873218854314 	 1.0
3	4	1	1000	0.0 	 0.03412656175752718 	 0.13629808337439486 	 3 	 0.01712869599481261 	 1.0
3	4	1	10000	0.0 	 0.03412661023258693 	 0.13629808261442314 	 3 	 0.017128692387146264 	 1.0
3	5	1	100	0.2 	 0.04133565631738779 	 0.13416587667187763 	 3 	 0.008877130844000781 	 0.425558517705208
3	5	1	1000	0.2 	 0.04138132999173287 	 0.1342423097499892 	 3 	 0.008870073925451917 	 0.42555851770520803
3	5	1	10000	0.2 	 0.04138588968555126 	 0.13424996309629603 	 3 	 0.008869368233597033 	 0.425558517705208
3	6	1	100	0.0 	 0.05661969334414765 	 0.16815385912376274 	 3 	 0.01844456202870963 	 1.0
3	6	1	1000	0.0 	 0.05661950200949182 	 0.16815386569216795 	 3 	 0.01844453204411569 	 1.0
3	6	1	10000	0.0 	 0.05661948366191967 	 0.16815386634660723 	 3 	 0.01844452905661737 	 1.0
3	7	1	100	0.0 	 0.0313807065253232 	 0.14284047520303125 	 3 	 0.01863471205959987 	 1.0
3	7	1	1000	0.0 	 0.03138074943826784 	 0.1428404753874471 	 3 	 0.018634711263572294 	 1.0
3	7	1	10000	0.0 	 0.031380753805969455 	 0.14284047540530675 	 3 	 0.018634711186414882 	 1.0
3	8	1	100	0.0 	 0.039750840843612 	 0.12744975864272332 	 3 	 0.018126789772035454 	 1.0
3	8	1	1000	0.0 	 0.03975091149412355 	 0.12744975845880804 	 3 	 0.018126790530342538 	 1.0
3	8	1	10000	0.0 	 0.039750872663066206 	 0.12744975838592565 	 3 	 0.018126790846371553 	 1.0
3	9	1	100	0.2 	 0.05088770174588369 	 0.12484557253152527 	 3 	 0.007450864059801928 	 0.3515019468417685
3	9	1	1000	0.2 	 0.050839658357748674 	 0.12478470360389024 	 3 	 0.007471025104773346 	 0.3515019468417685
3	9	1	10000	0.2 	 0.050834876527928376 	 0.12477864398662765 	 3 	 0.0074730412092704965 	 0.3515019468417685
3	10	1	100	0.2 	 0.030682607302888566 	 0.13397894086485548 	 3 	 0.020030792596604292 	 1.0
3	10	1	1000	0.2 	 0.03061270250991776 	 0.13397894086485548 	 3 	 0.020030792596604292 	 1.0
3	10	1	10000	0.2 	 0.030659740705982437 	 0.13397894086485548 	 3 	 0.020030792596604292 	 1.0
5	1	1	100	0.0 	 0.08671288362114218 	 0.14491407983704654 	 5 	 0.02208524134332647 	 1.0
5	1	1	1000	0.0 	 0.08668658313730485 	 0.14491366570870778 	 5 	 0.022084929263381355 	 1.0
5	1	1	10000	0.0 	 0.08669533286607059 	 0.14491364885531613 	 5 	 0.02208491640469641 	 1.0
5	2	1	100	0.1111111111111111 	 0.01592203306374607 	 0.04640896730999225 	 5 	 0.01006000701369945 	 0.6094435563600752
5	2	1	1000	0.1111111111111111 	 0.01593245505611475 	 0.046063187325696794 	 5 	 0.009643486267460371 	 0.6094419409511739
5	2	1	10000	0.1111111111111111 	 0.01585485951380005 	 0.0460434007103598 	 5 	 0.00960180412665602 	 0.609441940942765
5	3	1	100	0.0 	 0.09428960301811853 	 0.1736633744831249 	 5 	 0.024013634212559875 	 1.0
5	3	1	1000	0.0 	 0.09501719219378812 	 0.1736633744831249 	 5 	 0.024013634212559875 	 1.0
5	3	1	10000	0.0 	 0.09464244553684992 	 0.1736633744831249 	 5 	 0.024013634212559875 	 1.0
5	4	1	100	0.0 	 0.058815742855460686 	 0.1403250934628517 	 5 	 0.02420529783087811 	 1.0
5	4	1	1000	0.0 	 0.05875849515130905 	 0.1403250934628517 	 5 	 0.02420529783087811 	 1.0
5	4	1	10000	0.0 	 0.059217432538062865 	 0.1403250934628517 	 5 	 0.02420529783087811 	 1.0
5	5	1	100	0.1111111111111111 	 0.07744572514702058 	 0.18573969004580143 	 5 	 0.02121140354397038 	 1.0000108158270171
5	5	1	1000	0.1111111111111111 	 0.07727886926520898 	 0.1857409290514584 	 5 	 0.02121236721911416 	 1.0000181504316628
5	5	1	10000	0.1111111111111111 	 0.07726658936428105 	 0.18574103767819602 	 5 	 0.02121245203384367 	 1.0000187926279351
5	6	1	100	0.1111111111111111 	 0.06596939816879915 	 0.17223278133624498 	 5 	 0.015249134561661364 	 1.0
5	6	1	1000	0.1111111111111111 	 0.06596950496417715 	 0.17225349930298803 	 5 	 0.015249134561661364 	 1.0
5	6	1	10000	0.1111111111111111 	 0.0659694519381059 	 0.17225557104262257 	 5 	 0.015249134561661363 	 1.0
5	7	1	100	0.0 	 0.06381571645404893 	 0.1810613503945564 	 5 	 0.024089887900080105 	 1.0
5	7	1	1000	0.0 	 0.06388031850669243 	 0.18106135492923123 	 5 	 0.024089913238404523 	 1.0
5	7	1	10000	0.0 	 0.0638865978270966 	 0.1810613554179371 	 5 	 0.024089915964416737 	 1.0
5	8	1	100	0.1111111111111111 	 0.05407182881848327 	 0.11088523610906924 	 5 	 0.023129757843922412 	 1.000015143318001
5	8	1	1000	0.1111111111111111 	 0.05379901174030096 	 0.11088467546914947 	 5 	 0.02312930532635074 	 1.0000116778689667
5	8	1	10000	0.1111111111111111 	 0.0537724619288318 	 0.11088463020889604 	 5 	 0.02312926868925456 	 1.0000113983635452
5	9	1	100	0.0 	 0.11047858733981862 	 0.21013456479477183 	 5 	 0.018338081864975757 	 1.0
5	9	1	1000	0.0 	 0.1105049111738531 	 0.21013456479477183 	 5 	 0.018338081864975757 	 1.0
5	9	1	10000	0.0 	 0.11056462331124876 	 0.21013456479477183 	 5 	 0.018338081864975757 	 1.0
5	10	1	100	0.1111111111111111 	 0.052285791232429865 	 0.20776059058219284 	 5 	 0.024648074812859286 	 1.0000064218093923
5	10	1	1000	0.1111111111111111 	 0.05131113660410385 	 0.20775892267459312 	 5 	 0.024646892585423533 	 0.9999974745058722
5	10	1	10000	0.1111111111111111 	 0.05132536008516557 	 0.20775892162143572 	 5 	 0.02464688976686444 	 0.9999974521649012
7	1	1	100	0.07692307692307693 	 0.10697053548807953 	 0.08992067574042019 	 7 	 0.019904336713405687 	 0.875911107796251
7	1	1	1000	0.07692307692307693 	 0.10696916407453055 	 0.09010850899432317 	 7 	 0.019904336713405683 	 0.8759111077962511
7	1	1	10000	0.07692307692307693 	 0.1069707554050152 	 0.09012730411784116 	 7 	 0.019904336713405683 	 0.8759111077962511
7	2	1	100	0.07692307692307693 	 0.0721477861036669 	 0.058742404395867955 	 7 	 0.004218880589877716 	 0.715263405207383
7	2	1	1000	0.07692307692307693 	 0.07185001906100294 	 0.05820610560183063 	 7 	 0.004132419131054019 	 0.7127992536309076
7	2	1	10000	0.07692307692307693 	 0.07182112988370291 	 0.05815250446449516 	 7 	 0.0041221393024503125 	 0.7125062785157019
7	4	1	100	0.0 	 0.052432217958697784 	 0.06237190119565729 	 7 	 0.01322688635005517 	 1.0
7	4	1	1000	0.0 	 0.052419373999075196 	 0.06262410482302441 	 7 	 0.013882931170718035 	 1.0
7	4	1	10000	0.0 	 0.05241867305281802 	 0.0626493402914262 	 7 	 0.013948535652784347 	 1.0
7	5	1	100	0.16666666666666666 	 0.0855140652124839 	 0.11721463251331317 	 7 	 0.012063337116782464 	 0.7297549363450582
7	5	1	1000	0.16666666666666666 	 0.08033726015361342 	 0.1179519544847494 	 7 	 0.011865029447783351 	 0.7297715828986996
7	5	1	10000	0.16666666666666666 	 0.08112719206621156 	 0.11802311288278299 	 7 	 0.011842377091169993 	 0.7297746262705438
7	6	1	100	0.16666666666666666 	 0.10264044706761191 	 0.13009986802660087 	 7 	 0.020519210629742456 	 0.8094043870938827
7	6	1	1000	0.16666666666666666 	 0.1140260919856745 	 0.13071161659586186 	 7 	 0.02074770004167154 	 0.8094032034416512
7	6	1	10000	0.16666666666666666 	 0.12121623178259945 	 0.13077262541955312 	 7 	 0.020770625743785104 	 0.8094038353529829
7	7	1	100	0.07692307692307693 	 0.05870348385648574 	 0.09903229152413325 	 7 	 0.01646933594760716 	 0.8099183029196556
7	7	1	1000	0.07692307692307693 	 0.06490152602186741 	 0.0994022514942413 	 7 	 0.016582272075709493 	 0.8099183029196555
7	7	1	10000	0.07692307692307693 	 0.06489255784752694 	 0.09942310816717018 	 7 	 0.016582272075709493 	 0.8099183029196557
7	8	1	100	0.2727272727272727 	 0.06370237790425552 	 0.07575334897732565 	 7 	 0.02104560400784314 	 0.656411507458104
7	8	1	1000	0.2727272727272727 	 0.055193973595702675 	 0.07571738146411415 	 7 	 0.02151086027052125 	 0.656407800875866
7	8	1	10000	0.2727272727272727 	 0.08976670135109382 	 0.07571485288135747 	 7 	 0.02155841522382921 	 0.6564105916613678
7	9	1	100	0.0 	 0.1418562997493037 	 0.300376492890217 	 7 	 0.017571070160087594 	 1.0
7	9	1	1000	0.0 	 0.14184782560731027 	 0.3002574293198119 	 7 	 0.01757109433013703 	 1.0
7	9	1	10000	0.0 	 0.14184695557692464 	 0.3002455248142636 	 7 	 0.017571096744490946 	 1.0
7	10	1	100	0.07692307692307693 	 0.11005803192645434 	 0.19241631364990727 	 7 	 0.016084647591428452 	 0.9999904561852909
7	10	1	1000	0.07692307692307693 	 0.11089765327763611 	 0.19201898367060882 	 7 	 0.016084419998577702 	 0.9999890559622957
7	10	1	10000	0.07692307692307693 	 0.1111246107321879 	 0.19197915849207314 	 7 	 0.016084392200485 	 0.9999887247408582
10	1	1	100	0.17647058823529413 	 0.10592000962287763 	 0.09401830965346246 	 10 	 0.006160890495642746 	 0.6098998045389002
10	1	1	1000	0.17647058823529413 	 0.1144027806383521 	 0.09330946001236434 	 10 	 0.006098805042566317 	 0.6020500240091536
10	1	1	10000	0.17647058823529413 	 0.11414399935135469 	 0.093187274262934 	 10 	 0.006091177844726403 	 0.6016814860194781
10	2	1	100	0.17647058823529413 	 0.10592538023932599 	 0.049368603587760816 	 10 	 0.0068574365846265925 	 0.6029174985672464
10	2	1	1000	0.17647058823529413 	 0.10676267993001075 	 0.050186640453766584 	 10 	 0.00695921915017794 	 0.6029170379481682
10	2	1	10000	0.17647058823529413 	 0.10675372540573248 	 0.05026166852037991 	 10 	 0.006969335848272257 	 0.6029170314658098
10	4	1	100	0.17647058823529413 	 0.12287737377013547 	 0.08861513698362425 	 10 	 0.016384083286006358 	 0.7440855805881732
10	4	1	1000	0.17647058823529413 	 0.12223162500813181 	 0.08813945127040954 	 10 	 0.015573871789938928 	 0.7440870618054036
10	4	1	10000	0.17647058823529413 	 0.12382558481463402 	 0.08822850371906758 	 10 	 0.017188117580872866 	 0.7440855804314287
10	6	1	100	0.17647058823529413 	 0.15033342354747856 	 0.11632708182746507 	 10 	 0.019369079525831768 	 0.7997901829536973
10	6	1	1000	0.17647058823529413 	 0.1423121880404598 	 0.11528634617582516 	 10 	 0.019322429172891998 	 0.7997810077247895
10	6	1	10000	0.17647058823529413 	 0.13836387063474792 	 0.115278038934841 	 10 	 0.019343478609132034 	 0.7997824043246301
10	7	1	100	0.25 	 0.09140245277095489 	 0.0701492404166434 	 10 	 0.018140259335367375 	 0.5787320643919678
10	7	1	1000	0.25 	 0.08597755463819706 	 0.07008067019026673 	 10 	 0.01761011279998879 	 0.5740986508272786
10	7	1	10000	0.25 	 0.07491474654873748 	 0.07012327627372425 	 10 	 0.01755517457364289 	 0.5736171938805648
10	8	1	100	0.25 	 0.13785907839652922 	 0.07519193124076418 	 10 	 0.02114058879177362 	 0.6953935932062009
10	8	1	1000	0.25 	 0.1314828498927411 	 0.07564530493416792 	 10 	 0.021061916332504253 	 0.6950576733500539
10	8	1	10000	0.25 	 0.1352166993668243 	 0.07574746168466853 	 10 	 0.021053721599629968 	 0.6950156098886158
10	9	1	100	0.3333333333333333 	 0.15731359329715083 	 0.21509563566456466 	 10 	 0.020797283172790795 	 0.8147801222684569
10	9	1	1000	0.3333333333333333 	 0.1763216512333635 	 0.2145279136041289 	 10 	 0.020786914393063884 	 0.8144929538801963
10	9	1	10000	0.3333333333333333 	 0.17544953469891633 	 0.21452103266921965 	 10 	 0.020785510590762852 	 0.814458312917232
10	10	1	100	0.17647058823529413 	 0.1445315334630144 	 0.15056565975293565 	 10 	 0.022376422812239435 	 0.7384655662107491
10	10	1	1000	0.17647058823529413 	 0.1556702331361221 	 0.1468560773309777 	 10 	 0.02201356083124587 	 0.7291343922290492
10	10	1	10000	0.17647058823529413 	 0.15567514596327284 	 0.14648636085144448 	 10 	 0.02197686401294992 	 0.7281985727310192
2	1	2	100	0.0 	 0.006025550300975147 	 0.03516389203548813 	 2 	 0.0109451412310402 	 1.0
2	1	2	1000	0.0 	 0.006036768455808397 	 0.03516389203548813 	 2 	 0.0109451412310402 	 1.0
2	1	2	10000	0.0 	 0.006028097383737056 	 0.03516389203548813 	 2 	 0.0109451412310402 	 1.0
2	2	2	100	0.3333333333333333 	 0.0004123010471038536 	 0.00425292643727246 	 2 	 0.008329217206451245 	 0.33515574251760977
2	2	2	1000	0.3333333333333333 	 0.00039954237945386093 	 0.00389827808229072 	 2 	 0.008279177024350996 	 0.33347939641725144
2	2	2	10000	0.0 	 0.0003981157155886284 	 0.003841968439026137 	 2 	 0.013244728933064916 	 1.0
2	3	2	100	0.3333333333333333 	 0.0372414573886281 	 0.19519417537578881 	 2 	 0.0024756146196618055 	 0.4375072662407877
2	3	2	1000	0.3333333333333333 	 0.036787719467156914 	 0.1923472007498267 	 2 	 0.0024505075632696677 	 0.4375072662407877
2	3	2	10000	0.3333333333333333 	 0.0367422805399191 	 0.19206275162059994 	 2 	 0.002447996857630456 	 0.4375072662407877
2	4	2	100	0.0 	 0.04010863019101643 	 0.1673253396300373 	 2 	 0.010787624644095058 	 1.0
2	4	2	1000	0.0 	 0.04013471375133081 	 0.1673253396300373 	 2 	 0.010787624644095058 	 1.0
2	4	2	10000	0.0 	 0.040111177714844355 	 0.1673253396300373 	 2 	 0.010787624644095058 	 1.0
2	5	2	100	0.0 	 0.06709623106656898 	 0.19141142348139706 	 2 	 0.006064342747958483 	 1.0
2	5	2	1000	0.0 	 0.06707369517801975 	 0.19141142348139706 	 2 	 0.006064342747958483 	 1.0
2	5	2	10000	0.0 	 0.06709934369023049 	 0.19141142348139706 	 2 	 0.006064342747958483 	 1.0
2	6	2	100	0.0 	 0.006958873404871646 	 0.05657280882102732 	 2 	 0.008090726367844893 	 1.0
2	6	2	1000	0.0 	 0.006793500620888415 	 0.05657280882102732 	 2 	 0.008090726367844893 	 1.0
2	6	2	10000	0.0 	 0.006903111255379533 	 0.05657280882102732 	 2 	 0.008090726367844893 	 1.0
2	7	2	100	0.0 	 0.02210898129505016 	 0.08827492422416876 	 2 	 0.0026603449402736 	 1.0
2	7	2	1000	0.0 	 0.0222302643383158 	 0.08827492422416876 	 2 	 0.0026603449402736 	 1.0
2	7	2	10000	0.0 	 0.022233510957869518 	 0.08827492422416876 	 2 	 0.0026603449402736 	 1.0
2	8	2	100	0.0 	 0.03757901843776334 	 0.16587729683215122 	 2 	 0.014154692290099507 	 1.0
2	8	2	1000	0.0 	 0.03763933799488018 	 0.16587729683215122 	 2 	 0.014154692290099507 	 1.0
2	8	2	10000	0.0 	 0.03758823416955408 	 0.16587729683215122 	 2 	 0.014154692290099507 	 1.0
2	9	2	100	0.3333333333333333 	 0.018522228390945045 	 0.0516728955369155 	 2 	 0.012517132595118802 	 0.5604238779146931
2	9	2	1000	0.3333333333333333 	 0.018304515479432706 	 0.05082921434143712 	 2 	 0.012461463059299367 	 0.5622888073646441
2	9	2	10000	0.3333333333333333 	 0.018276020885366947 	 0.050727950346581716 	 2 	 0.012461687435163665 	 0.5622812907731901
2	10	2	100	0.3333333333333333 	 0.020079257738630323 	 0.01100545285828645 	 2 	 0.012523902691946094 	 0.5542497049398699
2	10	2	1000	0.3333333333333333 	 0.020068327250322208 	 0.010946929267193596 	 2 	 0.012471933857137196 	 0.5559906609059682
2	10	2	10000	0.3333333333333333 	 0.02006738065626787 	 0.010941502600726552 	 2 	 0.012464471120353215 	 0.5562406625882313
3	1	2	100	0.0 	 0.05418877920254674 	 0.10846757180271757 	 3 	 0.013587397753022621 	 1.0
3	1	2	1000	0.0 	 0.05416656520806322 	 0.10846768859499407 	 3 	 0.013588654668445593 	 1.0
3	1	2	10000	0.0 	 0.054166923055617364 	 0.10846765859372619 	 3 	 0.013587034028647499 	 1.0
3	2	2	100	0.0 	 0.015415566790034974 	 0.10312811519252064 	 3 	 0.014050205837489985 	 1.0
3	2	2	1000	0.0 	 0.015422293791244655 	 0.10312811519252064 	 3 	 0.014050205837489985 	 1.0
3	2	2	10000	0.0 	 0.015636978023739083 	 0.10312811519252064 	 3 	 0.014050205837489985 	 1.0
3	3	2	100	0.0 	 0.06365893044382727 	 0.3865633503896678 	 3 	 0.016709800404129845 	 1.0
3	3	2	1000	0.0 	 0.0636589248085995 	 0.38656345495587474 	 3 	 0.0167110772149687 	 1.0
3	3	2	10000	0.0 	 0.06365890658490854 	 0.38656345442116785 	 3 	 0.01671107523284242 	 1.0
3	4	2	100	0.0 	 0.034115535177968045 	 0.11571792923155996 	 3 	 0.01873586066448219 	 1.0
3	4	2	1000	0.0 	 0.03411810213247245 	 0.11571793011709021 	 3 	 0.018734050095157814 	 1.0
3	4	2	10000	0.0 	 0.03411616497354494 	 0.11571795401353815 	 3 	 0.018735981062777334 	 1.0
3	5	2	100	0.0 	 0.07290950699645801 	 0.18789686053941687 	 3 	 0.010151438610916979 	 1.0
3	5	2	1000	0.0 	 0.07290690018587921 	 0.1878970815415675 	 3 	 0.01015030147390204 	 1.0
3	5	2	10000	0.0 	 0.07291009551738087 	 0.18789685856884297 	 3 	 0.010151429572624437 	 1.0
3	6	2	100	0.0 	 0.05661530129759574 	 0.17239350138403337 	 3 	 0.017342563224268838 	 1.0
3	6	2	1000	0.0 	 0.05661427255757309 	 0.17239343982053873 	 3 	 0.01734225571944034 	 1.0
3	6	2	10000	0.0 	 0.05661464077875537 	 0.17239343999587114 	 3 	 0.017342256629956112 	 1.0
3	7	2	100	0.0 	 0.03137963038233478 	 0.12360136360325064 	 3 	 0.012233554504751719 	 1.0
3	7	2	1000	0.0 	 0.03137870263293013 	 0.12360131855977084 	 3 	 0.012233340231380735 	 1.0
3	7	2	10000	0.0 	 0.03137869376897166 	 0.12360131854100663 	 3 	 0.012233340138312229 	 1.0
3	8	2	100	0.0 	 0.039755289310775495 	 0.1390888910698556 	 3 	 0.01977798987671782 	 1.0
3	8	2	1000	0.0 	 0.03975533217260535 	 0.139088889961669 	 3 	 0.019777984650956367 	 1.0
3	8	2	10000	0.0 	 0.03975533642819626 	 0.1390888898529455 	 3 	 0.019777984138293667 	 1.0
3	9	2	100	0.0 	 0.08523861935927382 	 0.253550959566372 	 3 	 0.015450224907890496 	 1.0
3	9	2	1000	0.2 	 0.058811585180239184 	 0.16565240498603218 	 3 	 0.010882064574493273 	 0.5081721689904128
3	9	2	10000	0.2 	 0.05877445917510024 	 0.16559437629680754 	 3 	 0.010880238729292235 	 0.508172168990413
3	10	2	100	0.2 	 0.030583717209078914 	 0.09178079844150451 	 3 	 0.014122954435813465 	 1.0
3	10	2	1000	0.2 	 0.030653020533023673 	 0.09178079844150451 	 3 	 0.014122954435813465 	 1.0
3	10	2	10000	0.2 	 0.031168557154563216 	 0.09178079844150451 	 3 	 0.014122954435813465 	 1.0
5	1	2	100	0.0 	 0.0873629596940569 	 0.1761762800345273 	 5 	 0.021461452475180966 	 1.0
5	1	2	1000	0.0 	 0.08738062332199945 	 0.17617626872121944 	 5 	 0.021461443565567097 	 1.0
5	1	2	10000	0.0 	 0.08738241298863664 	 0.17617626759051944 	 5 	 0.021461442675133866 	 1.0
5	2	2	100	0.1111111111111111 	 0.01550276756666972 	 0.047186434407354524 	 5 	 0.0154800449882733 	 0.7056338265945538
5	2	2	1000	0.1111111111111111 	 0.016638749850697458 	 0.04716541121406841 	 5 	 0.015385260896827258 	 0.7056358022110155
5	2	2	10000	0.1111111111111111 	 0.016031013273211013 	 0.04716095933453988 	 5 	 0.015371498233289645 	 0.7056337506998168
5	3	2	100	0.0 	 0.09526615206497462 	 0.2504747876527426 	 5 	 0.020656126979985295 	 1.0
5	3	2	1000	0.0 	 0.09526612776026476 	 0.25046785865416055 	 5 	 0.02065353955855665 	 1.0
5	3	2	10000	0.0 	 0.09526607960358342 	 0.25046716576045686 	 5 	 0.020653280816413783 	 1.0
5	4	2	100	0.0 	 0.05913624176802739 	 0.12421524578629163 	 5 	 0.024608564456922954 	 1.0
5	4	2	1000	0.0 	 0.05895052067929161 	 0.12421524578629163 	 5 	 0.024608564456922954 	 1.0
5	4	2	10000	0.0 	 0.05836007585431082 	 0.12421524578629163 	 5 	 0.024608564456922954 	 1.0
5	5	2	100	0.1111111111111111 	 0.07088603928485443 	 0.11943916928161209 	 5 	 0.021658704354489446 	 1.0000004729573249
5	5	2	1000	0.1111111111111111 	 0.07207185942404087 	 0.11943924726863565 	 5 	 0.02165876559176038 	 1.00000096176064
5	5	2	10000	0.1111111111111111 	 0.07217683431723347 	 0.11943925500963348 	 5 	 0.021658771492493442 	 1.0000010089559974
5	6	2	100	0.1111111111111111 	 0.06596935379143254 	 0.20813190105933735 	 5 	 0.007188326756036689 	 1.0
5	6	2	1000	0.1111111111111111 	 0.06596940705199615 	 0.20813944071602397 	 5 	 0.007188326756036685 	 1.0
5	6	2	10000	0.1111111111111111 	 0.06596937021280491 	 0.20814019467379585 	 5 	 0.007188326756036683 	 1.0
5	7	2	100	0.0 	 0.06409547385403974 	 0.2630091240508239 	 5 	 0.02208564723866864 	 1.0
5	7	2	1000	0.0 	 0.06406803602218836 	 0.263008961698576 	 5 	 0.02208554379488579 	 1.0
5	7	2	10000	0.0 	 0.0640646194670468 	 0.2630089277909979 	 5 	 0.02208552208367901 	 1.0
5	8	2	100	0.1111111111111111 	 0.05474563806357822 	 0.11434146259720925 	 5 	 0.023647656520218437 	 0.9999976355384169
5	8	2	1000	0.1111111111111111 	 0.05473992328836696 	 0.11434146171824543 	 5 	 0.023647649492506934 	 0.9999975832425421
5	8	2	10000	0.1111111111111111 	 0.05473935655052359 	 0.11434146163024336 	 5 	 0.023647648789880155 	 0.9999975780146276
5	9	2	100	0.0 	 0.11075687056164778 	 0.21470297498705104 	 5 	 0.01997116617907104 	 1.0
5	9	2	1000	0.0 	 0.11020698800930472 	 0.21470297498705104 	 5 	 0.01997116617907104 	 1.0
5	9	2	10000	0.0 	 0.11040921239101986 	 0.21470297498705104 	 5 	 0.01997116617907104 	 1.0
5	10	2	100	0.1111111111111111 	 0.0503806092740806 	 0.26384893342024424 	 5 	 0.02332715890804858 	 1.000008038596168
5	10	2	1000	0.1111111111111111 	 0.04509421158593386 	 0.2638469400801992 	 5 	 0.023326227559903413 	 1.0000007960622224
5	10	2	10000	0.1111111111111111 	 0.04593465111314471 	 0.2638480187233346 	 5 	 0.023326544452540406 	 1.0000106584470918
7	1	2	100	0.07692307692307693 	 0.10697510216842954 	 0.12578966862049382 	 7 	 0.01927114114885623 	 0.9003610409844209
7	1	2	1000	0.07692307692307693 	 0.10697335107412594 	 0.12583975166937136 	 7 	 0.01927114114885623 	 0.9003610409844209
7	1	2	10000	0.07692307692307693 	 0.10697253695980621 	 0.12584476073054357 	 7 	 0.01927114114885623 	 0.9003610409844209
7	2	2	100	0.07692307692307693 	 0.0727149381267303 	 0.08927924361891408 	 7 	 0.008192728547096309 	 0.7711891700085831
7	2	2	1000	0.07692307692307693 	 0.07283574179206592 	 0.08945089087607563 	 7 	 0.00819272854709631 	 0.7711891700085831
7	2	2	10000	0.07692307692307693 	 0.07284920941381465 	 0.08947169126578318 	 7 	 0.008192728547096309 	 0.7711891700085831
7	4	2	100	0.0 	 0.0606743583194856 	 0.06912390034750225 	 7 	 0.018380952236561394 	 1.0
7	4	2	1000	0.0 	 0.058465262499085846 	 0.06934437175698663 	 7 	 0.018561525591422653 	 1.0
7	4	2	10000	0.0 	 0.06245312416511341 	 0.06936648582920715 	 7 	 0.018579547040200803 	 1.0
7	5	2	100	0.07692307692307693 	 0.08545043047713642 	 0.0709253067740932 	 7 	 0.01313469065238919 	 0.9999984210340549
7	5	2	1000	0.07692307692307693 	 0.08537934563203191 	 0.0709273370349112 	 7 	 0.013134681771183323 	 0.9999983595996902
7	5	2	10000	0.07692307692307693 	 0.08537303057637712 	 0.07092754008657408 	 7 	 0.013134681164629985 	 0.9999983555559535
7	6	2	100	0.07692307692307693 	 0.08438705177186911 	 0.1548115800085377 	 7 	 0.01864150522828757 	 1.0000127478892824
7	6	2	1000	0.07692307692307693 	 0.08420275979021574 	 0.15527318792151698 	 7 	 0.018766037871790035 	 1.0000148107258549
7	6	2	10000	0.07692307692307693 	 0.08418450781801454 	 0.15531928340543297 	 7 	 0.01877846669311073 	 1.0000149343964613
7	7	2	100	0.07692307692307693 	 0.06402807552451867 	 0.19164744990419652 	 7 	 0.010772076548721556 	 0.9061612138980782
7	7	2	1000	0.07692307692307693 	 0.06362558671666915 	 0.19123291424678587 	 7 	 0.010341764299693346 	 0.9048181488987258
7	7	2	10000	0.07692307692307693 	 0.0636109031842473 	 0.1911914956867242 	 7 	 0.01029875796851815 	 0.9046838591186316
7	8	2	100	0.4 	 0.04655327738807214 	 0.056897245570175094 	 7 	 0.015319694605706508 	 0.4599648245146029
7	8	2	1000	0.4 	 0.04654102493414099 	 0.05623562108693293 	 7 	 0.014936570380101832 	 0.4510575498311408
7	8	2	10000	0.4 	 0.04653819464170064 	 0.056169401024252566 	 7 	 0.014905316784721272 	 0.45016682236279487
7	9	2	100	0.07692307692307693 	 0.12857795609818135 	 0.21446286566760955 	 7 	 0.016865801360632187 	 0.7387484123021824
7	9	2	1000	0.07692307692307693 	 0.12968928773204558 	 0.21443904695649138 	 7 	 0.016866132933057776 	 0.7387508810450935
7	9	2	10000	0.07692307692307693 	 0.12947844142721737 	 0.21443647443086516 	 7 	 0.016866042993132647 	 0.7387502113964545
7	10	2	100	0.07692307692307693 	 0.11075283961251857 	 0.23328607783396324 	 7 	 0.016062624679776913 	 1.0000000286952493
7	10	2	1000	0.07692307692307693 	 0.11100550929254442 	 0.2331413627087344 	 7 	 0.015959383338540818 	 1.000000030370844
7	10	2	10000	0.07692307692307693 	 0.11102568989009991 	 0.23312689448869658 	 7 	 0.015949059200255647 	 1.000000030369682
10	1	2	100	0.17647058823529413 	 0.18044675953491465 	 0.09230250071091196 	 10 	 0.018259391189663413 	 0.798586536900272
10	1	2	1000	0.17647058823529413 	 0.15122554652523013 	 0.09197785400401726 	 10 	 0.018131871761816694 	 0.7977560649982699
10	1	2	10000	0.17647058823529413 	 0.1609857582779468 	 0.09194167623062983 	 10 	 0.018116701650546733 	 0.7977279414394445
10	2	2	100	0.17647058823529413 	 0.10614989874393942 	 0.06862574976629304 	 10 	 0.008856937785524335 	 0.599844905344371
10	2	2	1000	0.17647058823529413 	 0.10659410037405027 	 0.06899898212960127 	 10 	 0.008835151947845453 	 0.5998449012849425
10	2	2	10000	0.17647058823529413 	 0.10663638420294506 	 0.0690359530899389 	 10 	 0.008832973362530106 	 0.5998449008828194
10	4	2	100	0.17647058823529413 	 0.16494800601986148 	 0.0852971416957736 	 10 	 0.02018558229490822 	 0.8409846358618381
10	4	2	1000	0.17647058823529413 	 0.148503899814188 	 0.08560989958759647 	 10 	 0.020452993911742056 	 0.8409832460700839
10	4	2	10000	0.17647058823529413 	 0.15657884865704594 	 0.08564367870336254 	 10 	 0.020481599822534103 	 0.8409844908531168
10	6	2	100	0.17647058823529413 	 0.14285315460211598 	 0.13226317927475337 	 10 	 0.01791375454281039 	 0.7605361844444446
10	6	2	1000	0.17647058823529413 	 0.1419328479632339 	 0.13205268049883145 	 10 	 0.01789536792344594 	 0.7605428504040768
10	6	2	10000	0.17647058823529413 	 0.14184642057942445 	 0.13203140856710144 	 10 	 0.017893444234820644 	 0.7605429940621404
10	7	2	100	0.25 	 0.07430878347306474 	 0.164621800738995 	 10 	 0.013529875577113024 	 0.7835601201690137
10	7	2	1000	0.25 	 0.07467181064663374 	 0.16467632689971923 	 10 	 0.013538066963418059 	 0.7880396879285022
10	7	2	10000	0.25 	 0.07476453188380222 	 0.16469106244190806 	 10 	 0.013539159569459114 	 0.7884866509140149
10	8	2	100	0.25 	 0.12441878144258964 	 0.08402655076859651 	 10 	 0.01619365310034937 	 0.6373596672591281
10	8	2	1000	0.25 	 0.127194747940948 	 0.08386471910977816 	 10 	 0.01624685836310762 	 0.6368498820208928
10	8	2	10000	0.25 	 0.12745522469085277 	 0.08386022420004155 	 10 	 0.016252067274466937 	 0.6367976021834054
10	9	2	100	0.3333333333333333 	 0.17123433557204523 	 0.17552230514103304 	 10 	 0.01577432580360917 	 0.6391791662949561
10	9	2	1000	0.3333333333333333 	 0.16728562281509837 	 0.17543098490339992 	 10 	 0.01558990021338752 	 0.6382867420217204
10	9	2	10000	0.3333333333333333 	 0.16709699275183457 	 0.17540700479569007 	 10 	 0.015554874022827103 	 0.6382961220100717
10	10	2	100	0.1111111111111111 	 0.1931820713013893 	 0.17753237498852975 	 10 	 0.02360284418010037 	 0.7735471176134892
10	10	2	1000	0.1111111111111111 	 0.19489481797969674 	 0.17733562964298008 	 10 	 0.023698373755181894 	 0.7726280204904504
10	10	2	10000	0.1111111111111111 	 0.19452443989508034 	 0.17732876072777268 	 10 	 0.02370794243600593 	 0.7725471205979654
