2	1	0	0	1.0 	 1.239194702556599e-12 	 7.895672894441115e-12 	 2 	 1.5524613104177457e-12 	 5.2007453898994527e-11
2	2	0	0	1.0 	 0.00028999545426958324 	 0.004063575498990576 	 2 	 0.004870234632707916 	 0.1631528505340885
2	3	0	0	1.0 	 2.269594573661877e-17 	 1.5233894599316224e-16 	 2 	 2.4855739357279634e-18 	 8.326672684688674e-17
2	4	0	0	1.0 	 1.732709201530029e-17 	 1.0674958963744474e-16 	 2 	 9.113771097669191e-18 	 3.0531133177191805e-16
2	5	0	0	1.0 	 1.8892248345443343e-16 	 7.360065542210632e-16 	 2 	 2.3612952389415634e-17 	 7.91033905045424e-16
2	6	0	0	1.0 	 2.0154416026781652e-14 	 8.330720748782609e-14 	 2 	 7.057372928176922e-15 	 2.364219930939271e-13
2	7	0	0	1.0 	 8.294916426640924e-18 	 3.7211181367884885e-17 	 2 	 3.728360903591939e-18 	 1.249000902703301e-16
2	8	0	0	1.0 	 1.633473675509283e-16 	 8.4000565449557e-16 	 2 	 5.385410194077247e-17 	 1.8041124150158794e-15
2	9	0	0	1.0 	 1.0568586354804151e-15 	 4.612221651718632e-16 	 2 	 3.262315790642948e-17 	 1.0928757898653885e-15
2	10	0	0	1.0 	 3.337101686734379e-10 	 4.720527313151122e-10 	 2 	 1.2613612269102365e-11 	 4.225560110149291e-10
3	1	0	0	1.0 	 3.972153687809172e-12 	 1.3152655767753163e-11 	 3 	 2.2162485521995184e-12 	 7.202807794648436e-11
3	2	0	0	1.0 	 0.0004046418484755235 	 0.00229285036177746 	 3 	 0.00296997280388646 	 0.09652411612630996
3	3	0	0	1.0 	 3.077980145086041e-16 	 1.1226034200620643e-15 	 3 	 4.82520006856318e-17 	 1.5681900222830336e-15
3	4	0	0	1.0 	 1.101960600043315e-15 	 4.748609977907599e-15 	 3 	 5.311990163975742e-16 	 1.7263968032921184e-14
3	5	0	0	1.0 	 5.453757442068661e-16 	 1.7083387584706005e-15 	 3 	 1.3835086922251907e-16 	 4.496403249731884e-15
3	6	0	0	1.0 	 5.3547097517966324e-14 	 1.6516817340236211e-13 	 3 	 1.320140578050433e-14 	 4.2904568786639175e-13
3	7	0	0	1.0 	 0.0004953519089213803 	 0.0010205263977425389 	 3 	 0.00022278083777784434 	 0.007240377227790942
3	8	0	0	1.0 	 6.66024250078552e-15 	 2.561949221320753e-14 	 3 	 3.0744637605004336e-15 	 9.992007221626409e-14
3	9	0	0	1.0 	 1.7732683253914476e-15 	 2.621303422635236e-16 	 3 	 1.972247151918241e-17 	 6.409803243734302e-16
3	10	0	0	1.0 	 1.795481743762678e-10 	 3.926547035066035e-10 	 3 	 1.456178991490539e-11 	 4.732581722344253e-10
2	1	1	100	1.0 	 0.00019746562462873355 	 0.001250971821975454 	 2 	 0.0002869593424309461 	 0.009613137971436703
2	1	1	1000	1.0 	 2.005586309238473e-05 	 0.00012686704982830044 	 2 	 2.8695935053164863e-05 	 0.0009613138242810237
2	1	1	10000	1.0 	 2.0087830983251717e-06 	 1.2704868870266709e-05 	 2 	 2.8695943137663938e-06 	 9.613140951117427e-05
2	2	1	100	0.3333333333333333 	 1.9029959026979545e-05 	 0.005557890106515197 	 2 	 0.0006352769748067281 	 0.03318819638753927
2	2	1	1000	0.3333333333333333 	 9.18135128798085e-05 	 0.0018000454089879536 	 2 	 0.0009340463275753539 	 0.03318819638753926
2	2	1	10000	0.3333333333333333 	 1.966825793691426e-05 	 0.0006237302783306962 	 2 	 0.0004158833734562119 	 0.033188196387539164
2	3	1	100	1.0 	 0.004210912231272006 	 0.016546342693401977 	 2 	 0.0004066369708619999 	 0.013622338523877009
2	3	1	1000	1.0 	 0.00040208104038398895 	 0.0016702508104402135 	 2 	 4.066369708621176e-05 	 0.001362233852388095
2	3	1	10000	1.0 	 4.002745649142566e-05 	 0.0001671828873284118 	 2 	 4.066369708622667e-06 	 0.00013622338523885946
2	4	1	100	1.0 	 0.0007895422185088037 	 0.0031874151364244124 	 2 	 0.00010637361702472765 	 0.003563516170328379
2	4	1	1000	1.0 	 7.892890784481475e-05 	 0.0003202569437961836 	 2 	 1.0637361702477157e-05 	 0.000356351617032985
2	4	1	10000	1.0 	 7.892675464047932e-06 	 3.204094028089427e-05 	 2 	 1.0637361702426616e-06 	 3.563516170312919e-05
2	5	1	100	0.3333333333333333 	 0.018865370042125455 	 0.005971257247586694 	 2 	 0.00032374627064255516 	 0.024841245408889767
2	5	1	1000	1.0 	 0.00027479186942599 	 0.0003812345552122742 	 2 	 2.382554727133682e-05 	 0.0007981558335897842
2	5	1	10000	1.0 	 2.6784010825061963e-05 	 3.8146388334079097e-05 	 2 	 2.382554727138016e-06 	 7.981558335912361e-05
2	6	1	100	1.0 	 0.00021896948367123713 	 0.0017999749646540632 	 2 	 0.00023443583666837254 	 0.007853600528390486
2	6	1	1000	1.0 	 2.167878727158726e-05 	 0.000180410155228311 	 2 	 2.3443583661390614e-05 	 0.0007853600526565863
2	6	1	10000	1.0 	 2.1657544783727376e-06 	 1.80452071288818e-05 	 2 	 2.344358360679333e-06 	 7.853600508275771e-05
2	7	1	100	1.0 	 0.0012231127385889887 	 0.004782239851116477 	 2 	 0.00022603164847538148 	 0.0075720602239252865
2	7	1	1000	1.0 	 0.00012123756416000665 	 0.0004821672548821977 	 2 	 2.2603164847533593e-05 	 0.000757206022392376
2	7	1	10000	1.0 	 1.2113381429404121e-05 	 4.825662139144806e-05 	 2 	 2.260316484756508e-06 	 7.572060223934308e-05
2	8	1	100	1.0 	 0.00014630697109970268 	 0.002183484737035583 	 2 	 0.0002687479060551067 	 0.009003054852846082
2	8	1	1000	1.0 	 1.4453722361692523e-05 	 0.00021846235176106233 	 2 	 2.687479060560512e-05 	 0.0009003054852877724
2	8	1	10000	1.0 	 1.4436325768093224e-06 	 2.1847374610735054e-05 	 2 	 2.687479060653887e-06 	 9.003054853190529e-05
2	9	1	100	1.0 	 0.00035669631257694267 	 0.0015310312277463925 	 2 	 4.97528644335437e-05 	 0.0016667209585237153
2	9	1	1000	1.0 	 3.5628834486735225e-05 	 0.00015325602285795012 	 2 	 4.975286443343268e-06 	 0.0001666720958519996
2	9	1	10000	1.0 	 3.562479979686995e-06 	 1.532713296645437e-05 	 2 	 4.975286443387179e-07 	 1.6667209585347065e-05
2	10	1	100	1.0 	 0.00022789744070404318 	 0.001050352165882713 	 2 	 4.9836062113973573e-05 	 0.0016695080808181155
2	10	1	1000	1.0 	 2.2835704630943445e-05 	 0.00010534666955091709 	 2 	 4.983612261152913e-06 	 0.00016695101074862265
2	10	1	10000	1.0 	 2.284085609779e-06 	 1.0538011751260502e-05 	 2 	 4.983672757675298e-07 	 1.6695303738212257e-05
3	1	1	100	1.0 	 0.0031024697218784165 	 0.011366811950013399 	 3 	 0.0017179552064004943 	 0.05583354420801606
3	1	1	1000	1.0 	 0.00030469858513896804 	 0.001180001850341782 	 3 	 0.00017179552117356096 	 0.005583354438140731
3	1	1	10000	1.0 	 3.051423749445711e-05 	 0.00011850892957976841 	 3 	 1.7179552652139935e-05 	 0.0005583354611945479
3	2	1	100	0.5 	 0.0001670160973091535 	 0.0058727244785673075 	 3 	 0.00035237467963018457 	 0.022394491580028802
3	2	1	1000	0.5 	 9.874757164067746e-05 	 0.0009525539333420946 	 3 	 0.000325736127779678 	 0.011808944108089607
3	2	1	10000	0.5 	 2.1676112413838594e-05 	 0.0002356502668818155 	 3 	 0.00014680766723519263 	 0.011022047301243183
3	3	1	100	1.0 	 0.012014632466663795 	 0.023360162803700922 	 3 	 0.000835396712255104 	 0.027150393148290937
3	3	1	1000	1.0 	 0.001095684272176405 	 0.0023738247211479726 	 3 	 8.353967122547119e-05 	 0.002715039314827819
3	3	1	10000	1.0 	 0.000108626324760329 	 0.00023777213500991395 	 3 	 8.353967122500276e-06 	 0.0002715039314812595
3	4	1	100	1.0 	 0.001347385039384349 	 0.004071032917390521 	 3 	 0.00022992761303003006 	 0.007472647423475974
3	4	1	1000	1.0 	 0.0001339835676013412 	 0.00040904653947157585 	 3 	 2.299276130400391e-05 	 0.0007472647423801271
3	4	1	10000	1.0 	 1.3391218682907443e-05 	 4.092435351055983e-05 	 3 	 2.2992761313977134e-06 	 7.472647427042567e-05
3	5	1	100	0.5 	 0.020229559877606475 	 0.010012489410428762 	 3 	 0.0004361852326143199 	 0.02617660808474446
3	5	1	1000	1.0 	 0.00024169176712831976 	 0.0008639218064388126 	 3 	 5.19373028906198e-05 	 0.0016879623439451435
3	5	1	10000	1.0 	 2.4409391935742917e-05 	 8.655919907608146e-05 	 3 	 5.193730289106749e-06 	 0.00016879623439596935
3	6	1	100	1.0 	 0.0006448243027021575 	 0.002577819626360095 	 3 	 0.00033255791602478937 	 0.010808132270805654
3	6	1	1000	1.0 	 6.372321146584784e-05 	 0.0002586742022880446 	 3 	 3.325579160089294e-05 	 0.0010808132270290207
3	6	1	10000	1.0 	 6.365114531128833e-06 	 2.587655823516475e-05 	 3 	 3.325579158523026e-06 	 0.00010808132265199832
3	7	1	100	0.5 	 0.0035433223746895374 	 0.01358835752325538 	 3 	 0.0017582232895320936 	 0.39436767021548474
3	7	1	1000	1.0 	 0.00033028375788472645 	 0.0010281738702944008 	 3 	 0.00015382235980839894 	 0.004999226693774999
3	7	1	10000	1.0 	 3.380867145171489e-05 	 0.00014966135845157234 	 3 	 2.4885398095512592e-05 	 0.0008087754381043973
3	8	1	100	1.0 	 0.0007042140288405225 	 0.003982442368509602 	 3 	 0.000516931159210568 	 0.016800262674343498
3	8	1	1000	1.0 	 7.007429015740074e-05 	 0.0004009908007056567 	 3 	 5.1693115918808726e-05 	 0.001680026267361287
3	8	1	10000	1.0 	 7.00466443296478e-06 	 4.012707399526339e-05 	 3 	 5.169311589632885e-06 	 0.00016800262666306911
3	9	1	100	1.0 	 0.0010631584847980821 	 0.003934703685302601 	 3 	 0.00023016520872657677 	 0.007480369283613744
3	9	1	1000	1.0 	 0.00010619301744271476 	 0.000393569223930301 	 3 	 2.3016520872664293e-05 	 0.0007480369283615895
3	9	1	10000	1.0 	 1.0618362336123572e-05 	 3.9357911220185254e-05 	 3 	 2.3016520872447377e-06 	 7.480369283545396e-05
3	10	1	100	1.0 	 0.000883434576225047 	 0.004573912750270727 	 3 	 0.0003768528846791911 	 0.012968999885963312
3	10	1	1000	1.0 	 8.936471316953338e-05 	 0.00046463806729312443 	 3 	 1.7711356546497994e-05 	 0.0012969002216507708
3	10	1	10000	1.0 	 8.94754307913345e-06 	 4.653925175082948e-05 	 3 	 3.990469391550284e-06 	 0.00012969025522538424
2	1	2	100	1.0 	 8.63557624431812e-05 	 0.0006343415115982133 	 2 	 0.00012648473952830467 	 0.00423723877419821
2	1	2	1000	1.0 	 8.614772764803349e-06 	 6.344796381039719e-05 	 2 	 1.2648475350493464e-05 	 0.00042372392424153143
2	1	2	10000	1.0 	 8.612742107031183e-07 	 6.3449389297042224e-06 	 2 	 1.264848931882493e-06 	 4.237243921806355e-05
2	2	2	100	0.3333333333333333 	 0.09468756042736116 	 0.009823667850567017 	 2 	 0.0014523437121545593 	 0.05612696610149264
2	2	2	1000	0.3333333333333333 	 0.08162531708781136 	 0.003139000208433109 	 2 	 0.0016491584595048133 	 0.056126966101492655
2	2	2	10000	0.3333333333333333 	 3.304570822215057e-05 	 0.001030587100471746 	 2 	 0.000695667881739723 	 0.056126966101492516
2	3	2	100	1.0 	 0.0008831599919469254 	 0.004772293598308977 	 2 	 4.241529921665436e-05 	 0.0014209125237579223
2	3	2	1000	1.0 	 8.839826417984216e-05 	 0.0004774729403908129 	 2 	 4.241529921662288e-06 	 0.00014209125237568676
2	3	2	10000	1.0 	 8.840654935174746e-06 	 4.7749756554084835e-05 	 2 	 4.241529921650689e-07 	 1.4209125237529818e-05
2	4	2	100	1.0 	 0.0006138763318351517 	 0.0035646592197006 	 2 	 0.00018921270086527442 	 0.006338625478986698
2	4	2	1000	1.0 	 6.192468347829395e-05 	 0.0003600017741906787 	 2 	 1.8921270086534484e-05 	 0.0006338625478989057
2	4	2	10000	1.0 	 6.197893492396817e-06 	 3.603587573296546e-05 	 2 	 1.8921270086465716e-06 	 6.33862547896602e-05
2	5	2	100	1.0 	 0.0029398381495555266 	 0.006783080133663603 	 2 	 0.0002240070895503126 	 0.007504237499935479
2	5	2	1000	1.0 	 0.00028459937330421395 	 0.0006797459611221244 	 2 	 2.24007089550132e-05 	 0.0007504237499929428
2	5	2	10000	1.0 	 2.8369565482097158e-05 	 6.79890697173818e-05 	 2 	 2.2400708954743515e-06 	 7.504237499839082e-05
2	6	2	100	1.0 	 6.050198125027182e-05 	 0.0009206413756261752 	 2 	 0.00016291815628358488 	 0.0054577582355000995
2	6	2	1000	1.0 	 6.0766177701433555e-06 	 9.221364095444847e-05 	 2 	 1.6291815634704823e-05 	 0.000545775823762612
2	6	2	10000	1.0 	 6.079374213120107e-07 	 9.222894939115281e-06 	 2 	 1.6291815698243549e-06 	 5.4577582589115936e-05
2	7	2	100	1.0 	 0.0018639190733460006 	 0.0014322436265318398 	 2 	 2.110224911211218e-05 	 0.0007069253452557586
2	7	2	1000	1.0 	 0.00018509064477133325 	 0.00014336940576760183 	 2 	 2.110224911202456e-06 	 7.069253452528235e-05
2	7	2	10000	1.0 	 1.849615427912596e-05 	 1.4338392507616264e-05 	 2 	 2.110224911134103e-07 	 7.069253452299251e-06
2	8	2	100	1.0 	 0.0003546805569643995 	 0.0022776793472753056 	 2 	 0.00018787009782145518 	 0.006293648277018754
2	8	2	1000	1.0 	 3.553137063655877e-05 	 0.0002280055347733102 	 2 	 1.8787009782200117e-05 	 0.0006293648277037045
2	8	2	10000	1.0 	 3.5538195899233586e-06 	 2.280293220484397e-05 	 2 	 1.8787009782695575e-06 	 6.293648277203023e-05
2	9	2	100	0.3333333333333333 	 0.010216592615031083 	 0.004012384396940011 	 2 	 0.00022867967161978875 	 0.027912949148089485
2	9	2	1000	1.0 	 0.0008310789461515546 	 0.00036322806791043373 	 2 	 2.2009339281629483e-05 	 0.0007373128659345884
2	9	2	10000	1.0 	 8.575557624291755e-05 	 3.7018556074115435e-05 	 2 	 2.200933928187566e-06 	 7.373128659428352e-05
2	10	2	100	0.3333333333333333 	 0.006792161894958085 	 0.0021266386202165952 	 2 	 0.00011150380690456779 	 0.029934932411238447
2	10	2	1000	1.0 	 0.0003681170391213877 	 0.00011232154982332742 	 2 	 4.777676468887603e-06 	 0.00016005216170773462
2	10	2	10000	1.0 	 3.70129071216899e-05 	 1.1299744943305311e-05 	 2 	 4.777789989982594e-07 	 1.6005596466441688e-05
3	1	2	100	1.0 	 0.0008199851367232064 	 0.0029287946563543955 	 3 	 0.00024087874204988633 	 0.007828559116621323
3	1	2	1000	1.0 	 8.353807491440575e-05 	 0.00029655961647436483 	 3 	 2.4087876201598393e-05 	 0.0007828559765519494
3	1	2	10000	1.0 	 8.369680736788454e-06 	 2.9693747790807058e-05 	 3 	 2.4087896139843463e-06 	 7.828566245449142e-05
3	2	2	100	0.5 	 0.0056532065290500816 	 0.0036642012858328445 	 3 	 0.0006393279337480808 	 0.02562935136969326
3	2	2	1000	0.5 	 0.00017004803555508804 	 0.0013630487999367487 	 3 	 0.0007534232213122676 	 0.025629351369693257
3	2	2	10000	0.5 	 5.4715195243869344e-05 	 0.0004923758896303616 	 3 	 0.0003287026381090042 	 0.025629351369692695
3	3	2	100	1.0 	 0.0014831514983997904 	 0.010412988903902768 	 3 	 0.00024334407699373468 	 0.0079086825022964
3	3	2	1000	1.0 	 0.0001462592326199493 	 0.0010471622632519755 	 3 	 2.433440769936672e-05 	 0.0007908682502294206
3	3	2	10000	1.0 	 1.460577030871864e-05 	 0.0001047752210454009 	 3 	 2.4334407699401734e-06 	 7.908682502305586e-05
3	4	2	100	1.0 	 0.001200933233107744 	 0.002808476505706537 	 3 	 9.831704542096049e-05 	 0.005468984197725276
3	4	2	1000	1.0 	 0.00012073144264553028 	 0.0002817121685408778 	 3 	 1.682764368576196e-05 	 0.0005468984197872645
3	4	2	10000	1.0 	 1.2079670968089641e-05 	 2.8179911110841174e-05 	 3 	 1.6827643690687505e-06 	 5.468984199473448e-05
3	5	2	100	1.0 	 0.0016107770996955735 	 0.003961934177675143 	 3 	 0.00029733498810691 	 0.0096633871134746
3	5	2	1000	1.0 	 0.0001562669490784745 	 0.0003985442058128215 	 3 	 2.9733498810570283e-05 	 0.0009663387113435368
3	5	2	10000	1.0 	 1.5580806372158574e-05 	 3.9878260084492415e-05 	 3 	 2.9733498809401562e-06 	 9.66338711305553e-05
3	6	2	100	1.0 	 0.0010507605755645038 	 0.004381094802910106 	 3 	 0.00028842345434961126 	 0.009373762266362372
3	6	2	1000	1.0 	 0.00010657801744072762 	 0.0004418360872437753 	 3 	 2.8842345442699083e-05 	 0.0009373762268877206
3	6	2	10000	1.0 	 1.0674425557531664e-05 	 4.42233215274549e-05 	 3 	 2.884234552031221e-06 	 9.373762294101473e-05
3	7	2	100	0.5 	 0.10283654328954288 	 0.011697872211788342 	 3 	 0.001758464856885484 	 0.06115537557665625
3	7	2	1000	0.5 	 0.0037852498426473946 	 0.00882532590769636 	 3 	 0.0021825431224951545 	 0.3395926731614657
3	7	2	10000	1.0 	 0.0009168759051691325 	 0.0019264080125697672 	 3 	 0.000429037765706313 	 0.013943727385474312
3	8	2	100	1.0 	 0.00021769085485017872 	 0.0009956022144888147 	 3 	 9.710945861817526e-05 	 0.003156057405090701
3	8	2	1000	1.0 	 2.1840617222087934e-05 	 9.987221238641218e-05 	 3 	 9.710945861471564e-06 	 0.0003156057404978263
3	8	2	10000	1.0 	 2.1847825449290444e-06 	 9.990356904304107e-06 	 3 	 9.71094585805891e-07 	 3.15605740386915e-05
3	9	2	100	0.5 	 0.025553112335996605 	 0.0036474628914735492 	 3 	 6.845891664715353e-05 	 0.010670066797005794
3	9	2	1000	1.0 	 0.0005963076771951204 	 0.0002798317380881425 	 3 	 6.348011481108259e-06 	 0.00020631037313601896
3	9	2	10000	1.0 	 5.892668498554616e-05 	 2.7982295203763592e-05 	 3 	 6.348011480978581e-07 	 2.0631037313180445e-05
3	10	2	100	1.0 	 0.002594127603840568 	 0.0017352144192887262 	 3 	 1.1656154600082033e-05 	 0.00037882502450266656
3	10	2	1000	1.0 	 0.0002544550738697666 	 0.00017377517714631184 	 3 	 1.1656136252227014e-06 	 3.788244281973784e-05
3	10	2	10000	1.0 	 2.5397175915323328e-05 	 1.7380217697214347e-05 	 3 	 1.165595277426796e-07 	 3.7881846516370915e-06
