2	1	0	0	0.0 	 0.012793154685390893 	 0.3998401077432211 	 2 	 0.0005560041299284869 	 1.0
2	2	0	0	0.3333333333333333 	 0.000324135589142933 	 0.017922557043641037 	 2 	 0.0018605232770313733 	 0.9438730338985074
2	3	0	0	1.0 	 2.1335671931454342e-18 	 7.640126540448116e-17 	 2 	 1.1637557910116531e-19 	 2.7755575615628914e-17
2	4	0	0	0.3333333333333333 	 0.03562488704923587 	 0.5170300252417189 	 2 	 0.0015152428745374485 	 0.36138542557718467
2	5	0	0	0.0 	 0.01179485944632081 	 0.2516857559316133 	 2 	 0.0012377634946548856 	 1.0
2	6	0	0	0.3333333333333333 	 0.007723621821923748 	 0.1916118301528745 	 2 	 0.000946062498715242 	 0.5033247607336085
2	7	0	0	0.0 	 0.021740801186362953 	 0.15868544488469444 	 2 	 0.0003736752851118024 	 1.0
2	8	0	0	0.3333333333333333 	 0.008700246762909812 	 0.3566254495966617 	 2 	 9.54864260630776e-05 	 0.4969557043343782
2	9	0	0	0.3333333333333333 	 0.010458178152421598 	 0.026482018370612946 	 2 	 0.0013131083197471468 	 0.3334285144085244
2	10	0	0	0.0 	 0.008600969190661776 	 0.09754143392450841 	 2 	 0.0019830106930385167 	 1.0
3	1	0	0	0.2 	 0.020088451306270398 	 0.4015209026152143 	 3 	 0.001859370728226032 	 0.44160054795368586
3	2	0	0	0.2 	 0.02053744562350559 	 0.5851135690060171 	 3 	 0.0012558081338189986 	 0.9743706486303068
3	3	0	0	0.5 	 0.010449800704857888 	 0.17056462838718747 	 3 	 0.0005364075416420578 	 0.31509537603593146
3	4	0	0	0.2 	 0.03676386637410513 	 0.5629006833327632 	 3 	 0.002563722421950679 	 1.0
3	5	0	0	0.0 	 0.015941753702863288 	 0.18482297036946693 	 3 	 0.0012774512630460725 	 1.0
3	6	0	0	0.2 	 0.01258016935537414 	 0.2377954750593003 	 3 	 0.002373078413716193 	 0.5986307908669103
3	7	0	0	0.2 	 0.03824652063283675 	 0.41884319236609013 	 3 	 0.001674008093805736 	 0.39757692227886526
3	8	0	0	0.5 	 0.00820518074526608 	 0.22471212705440366 	 3 	 3.6906891999821156e-05 	 0.35075741371610913
3	9	0	0	0.0 	 0.021995865203171008 	 0.4748047045320816 	 3 	 0.002114187053989883 	 1.0
3	10	0	0	0.0 	 0.02718488776484694 	 0.6469340078216673 	 3 	 0.0019326148175323546 	 1.0
5	1	0	0	0.1111111111111111 	 0.0229425380911528 	 0.24265992978016218 	 5 	 0.0010574081678601354 	 0.7980284882586371
5	2	0	0	0.1111111111111111 	 0.03177128418146658 	 0.5883787450940313 	 5 	 0.0020048447928368404 	 0.7668674025789685
5	3	0	0	0.25 	 0.022803349283183273 	 0.24051007171653024 	 5 	 0.0005199019629999888 	 0.5746806645413787
5	4	0	0	0.1111111111111111 	 0.06701413777903581 	 0.683885544237069 	 5 	 0.003186964068070136 	 0.9999922069081513
5	5	0	0	0.0 	 0.04587700571485802 	 0.5227056193805368 	 5 	 0.0014389119681531997 	 1.0
5	6	0	0	0.1111111111111111 	 0.026079401576871927 	 0.26645354775098545 	 5 	 0.002519537893088157 	 0.6259517588125386
5	7	0	0	0.1111111111111111 	 0.05480883633997679 	 0.7405330372752419 	 5 	 0.002860204537870681 	 1.0
5	8	0	0	0.1111111111111111 	 0.039105086479040214 	 0.5940189644441877 	 5 	 0.003062688319407177 	 1.0
5	9	0	0	0.0 	 0.04378280156704664 	 0.25683278482409805 	 5 	 0.0009468919985040998 	 1.0
5	10	0	0	0.25 	 0.03793071326439081 	 0.4569939920879992 	 5 	 0.0015613716576498202 	 0.7114449985859249
7	1	0	0	0.0 	 0.06960288111804386 	 0.7689504459309858 	 7 	 0.0019713082999213696 	 1.0
7	2	0	0	0.07692307692307693 	 0.05178930321865486 	 0.6630058690332025 	 7 	 0.0033028682572438903 	 1.0000167116569072
7	3	0	0	0.0 	 0.06162432099346698 	 0.6749307485144134 	 7 	 0.0017146291666777231 	 1.0
7	4	0	0	0.07692307692307693 	 0.08592722463532451 	 0.6257326499451044 	 7 	 0.0034615307763837507 	 1.0
7	5	0	0	0.07692307692307693 	 0.0516681142274144 	 0.6679594012952695 	 7 	 0.0033193889077418413 	 1.0
7	6	0	0	0.07692307692307693 	 0.05068950123255848 	 0.47688603463649015 	 7 	 0.003131005804458376 	 1.0
7	7	0	0	0.0 	 0.06884068523901456 	 0.6611447805647729 	 7 	 0.003244620901528863 	 1.0
7	8	0	0	0.07692307692307693 	 0.061946806917798955 	 0.624864811614851 	 7 	 0.003223596740576539 	 1.0
7	9	0	0	0.0 	 0.06357721085725974 	 0.6478418423574349 	 7 	 0.0023167438297288 	 1.0
7	10	0	0	0.16666666666666666 	 0.058076909583854745 	 0.5122723295659876 	 7 	 0.0021797537353349726 	 0.7508642217962386
10	1	0	0	0.05263157894736842 	 0.06210324389344542 	 0.5834169876208197 	 10 	 0.0034311959082562408 	 1.0
10	2	0	0	0.05263157894736842 	 0.07370770852712533 	 0.6288023444806732 	 10 	 0.0035896115396662513 	 1.0
10	3	0	0	0.05263157894736842 	 0.08556305041558548 	 0.5658449746538202 	 10 	 0.0007344137596289092 	 0.8485252864244686
10	4	0	0	0.17647058823529413 	 0.09784978606365498 	 0.635163148462228 	 10 	 0.0036063576420441064 	 1.0
10	5	0	0	0.1111111111111111 	 0.07509837934947361 	 0.6751070894908158 	 10 	 0.0032487193760438026 	 0.8980908079146805
10	6	0	0	0.1111111111111111 	 0.07717167361005627 	 0.6156024544462861 	 10 	 0.0035137071293689015 	 1.0
10	7	0	0	0.0 	 0.08809038613054916 	 0.6543586984755347 	 10 	 0.00346862897215006 	 1.0
10	8	0	0	0.05263157894736842 	 0.07467473387795602 	 0.6104642553994292 	 10 	 0.0035485668135120177 	 1.0
10	9	0	0	0.05263157894736842 	 0.09128410979314322 	 0.7095348565843687 	 10 	 0.0026728663514176717 	 1.0
10	10	0	0	0.1111111111111111 	 0.0869420198588156 	 0.5698106855720156 	 10 	 0.0018597411667717566 	 0.8125085817471303
2	1	1	100	0.0 	 0.012793154685390893 	 0.2785342154330351 	 2 	 0.0011428896414113802 	 1.0
2	1	1	1000	0.0 	 0.012793154685390893 	 0.2785342154330351 	 2 	 0.0011428038895302385 	 1.0
2	1	1	10000	0.0 	 0.012793154685390893 	 0.2785342154330351 	 2 	 0.0011427430436827934 	 1.0
2	2	1	100	0.3333333333333333 	 0.000324135589142933 	 0.014839756908350767 	 2 	 0.0002032018892948818 	 0.500196458664071
2	2	1	1000	0.3333333333333333 	 0.000324135589142933 	 0.014839756908350767 	 2 	 0.00020395984018043933 	 0.5000156873778656
2	2	1	10000	0.3333333333333333 	 0.000324135589142933 	 0.014839756908350767 	 2 	 0.0002029631314117052 	 0.5002534024192087
2	3	1	100	1.0 	 0.00019745187871911195 	 0.006020803375142862 	 2 	 1.6745598541221262e-05 	 0.003993825252081307
2	3	1	1000	1.0 	 1.95423512730447e-05 	 0.0006036490702351247 	 2 	 1.6745598541218932e-06 	 0.0003993825252080752
2	3	1	10000	1.0 	 1.9522409989814274e-06 	 6.038066397494605e-05 	 2 	 1.6745598541285269e-07 	 3.993825252096572e-05
2	4	1	100	0.3333333333333333 	 0.03338760207830269 	 0.32904532354413685 	 2 	 0.0008850062785280533 	 0.21107399742894262
2	4	1	1000	0.3333333333333333 	 0.033462555180614154 	 0.33123481189708487 	 2 	 0.0008850062785280533 	 0.21107399742894262
2	4	1	10000	0.3333333333333333 	 0.03344668775495765 	 0.3314543423327897 	 2 	 0.0008850062785280533 	 0.21107399742894262
2	5	1	100	0.0 	 0.01179485944632081 	 0.4164920259736239 	 2 	 0.00027926536916895073 	 1.0
2	5	1	1000	0.3333333333333333 	 0.011804166247113399 	 0.46751890141747826 	 2 	 0.001597923230750753 	 0.43171627475007657
2	5	1	10000	0.3333333333333333 	 0.011806060596569823 	 0.467550764182999 	 2 	 0.0015971403743222186 	 0.4317162747442465
2	6	1	100	0.3333333333333333 	 0.007723621821923748 	 0.3729489749745526 	 2 	 7.18350027709357e-05 	 0.5205610021661062
2	6	1	1000	0.3333333333333333 	 0.007723621821923748 	 0.3729489749745526 	 2 	 7.214152852687157e-05 	 0.5205610021661062
2	6	1	10000	0.3333333333333333 	 0.007723621821923748 	 0.3729489749745526 	 2 	 7.244758056763263e-05 	 0.5205610021661062
2	7	1	100	0.3333333333333333 	 0.02176686569668251 	 0.5080215197907535 	 2 	 0.002042885673786666 	 0.4872282331981243
2	7	1	1000	0.3333333333333333 	 0.021713006526620893 	 0.5080215197907535 	 2 	 0.002042885673786666 	 0.4872282331981243
2	7	1	10000	0.3333333333333333 	 0.02202688970803707 	 0.5080215197907535 	 2 	 0.002042885673786666 	 0.4872282331981243
2	8	1	100	0.3333333333333333 	 0.01500756901680096 	 0.40371195150453343 	 2 	 0.0004150550604520273 	 0.49945017848357876
2	8	1	1000	0.3333333333333333 	 0.01500756901680096 	 0.40371195150453343 	 2 	 0.00041523760771794096 	 0.49949371600649933
2	8	1	10000	0.3333333333333333 	 0.01500756901680096 	 0.40371195150453343 	 2 	 0.00041493328848558224 	 0.4994211358695817
2	9	1	100	0.0 	 0.010458080053851673 	 0.4467952568232583 	 2 	 0.0002131657682447161 	 1.0
2	9	1	1000	0.0 	 0.010458080053851673 	 0.4467952568232583 	 2 	 0.00021249844813563888 	 1.0
2	9	1	10000	0.0 	 0.010458080053851673 	 0.4467952568232583 	 2 	 0.00021268033648572197 	 1.0
2	10	1	100	0.0 	 0.011899087516481737 	 0.3434221878455174 	 2 	 2.412148411406244e-05 	 1.0
2	10	1	1000	0.0 	 0.011899087516481737 	 0.34993453265120444 	 2 	 0.0001377555599602637 	 1.0
2	10	1	10000	0.0 	 0.011899087516481737 	 0.3507190824895733 	 2 	 0.00015394326436741378 	 1.0
3	1	1	100	0.0 	 0.01930699432611459 	 0.4091867585476251 	 3 	 0.002209183024562874 	 1.0
3	1	1	1000	0.0 	 0.019306920252342766 	 0.4091867585476251 	 3 	 0.002209183024562874 	 1.0
3	1	1	10000	0.0 	 0.01930675096837026 	 0.4091867585476251 	 3 	 0.002209183024562874 	 1.0
3	2	1	100	0.5 	 0.018193025648397834 	 0.211151958780722 	 3 	 0.0007597398875864891 	 0.4065528134854742
3	2	1	1000	0.5 	 0.018226981329416685 	 0.2114771997226834 	 3 	 0.0007549222914733484 	 0.40540863423172957
3	2	1	10000	0.5 	 0.018230381782524518 	 0.21150992128594243 	 3 	 0.000754441875615813 	 0.40529453544889876
3	3	1	100	0.0 	 0.020988683482740144 	 0.4880459943970485 	 3 	 0.0022982194932975827 	 1.0
3	3	1	1000	0.0 	 0.021448441703809443 	 0.48484914824016073 	 3 	 0.002298196142446918 	 1.0
3	3	1	10000	0.0 	 0.021446744485143835 	 0.4848491481874841 	 3 	 0.002298196140926727 	 1.0
3	4	1	100	0.2 	 0.03676532500208388 	 0.20678333288640255 	 3 	 0.0008588842309794349 	 1.0
3	4	1	1000	0.2 	 0.036762087382358206 	 0.20678333288640255 	 3 	 0.0008588842309794349 	 1.0
3	4	1	10000	0.2 	 0.0367622007771191 	 0.20678333288640255 	 3 	 0.0008588842309794349 	 1.0
3	5	1	100	0.2 	 0.01902312027126132 	 0.1750543100193387 	 3 	 0.0015527216814492737 	 0.49752923676762767
3	5	1	1000	0.2 	 0.019026312171456373 	 0.1750543100193387 	 3 	 0.0015531488823598318 	 0.4976306969838851
3	5	1	10000	0.2 	 0.01902817637269049 	 0.1750543100193387 	 3 	 0.0015524776313131337 	 0.49747127486029435
3	6	1	100	0.2 	 0.012086769491895659 	 0.3874123260788306 	 3 	 0.002197903169801842 	 1.0
3	6	1	1000	0.2 	 0.011755716502893018 	 0.3874123260788306 	 3 	 0.002197903169801842 	 1.0
3	6	1	10000	0.2 	 0.011741927850377335 	 0.3874123260788306 	 3 	 0.002197903169801842 	 1.0
3	7	1	100	0.2 	 0.03881984739209774 	 0.6465347058321119 	 3 	 0.0026124854383472408 	 0.6818429161831943
3	7	1	1000	0.2 	 0.03847721941431988 	 0.6465347058321119 	 3 	 0.0026124854383472408 	 0.6818429161831943
3	7	1	10000	0.2 	 0.038630332565841606 	 0.6465347058321119 	 3 	 0.0026124854383472408 	 0.6818429161831943
3	8	1	100	0.2 	 0.02382215621522457 	 0.4148164943882195 	 3 	 0.00047187771504374464 	 0.5000000008740884
3	8	1	1000	0.2 	 0.02389530650226367 	 0.41481659972469054 	 3 	 0.0004718790668756869 	 0.4999999983834617
3	8	1	10000	0.2 	 0.023897179560823295 	 0.4148165985782246 	 3 	 0.00047187904917027866 	 0.4999999983351694
3	9	1	100	0.0 	 0.02203044665429888 	 0.5994163699327494 	 3 	 0.0026146870198010194 	 1.0
3	9	1	1000	0.0 	 0.022030159737449425 	 0.5994163699327494 	 3 	 0.0026146870198010194 	 1.0
3	9	1	10000	0.0 	 0.022030272993319448 	 0.5994163699327494 	 3 	 0.0026146870198010194 	 1.0
3	10	1	100	0.0 	 0.02016405626776716 	 0.30658947175940215 	 3 	 0.000820520409046214 	 1.0
3	10	1	1000	0.0 	 0.02016405626776716 	 0.30688920732125397 	 3 	 0.0008218246448211952 	 1.0
3	10	1	10000	0.0 	 0.02016405626776716 	 0.3069191840751772 	 3 	 0.00082195506839869 	 1.0
5	1	1	100	0.0 	 0.037724329941883454 	 0.502264647500955 	 5 	 0.001948193849137857 	 1.0
5	1	1	1000	0.0 	 0.037724341801348406 	 0.5022252573399618 	 5 	 0.0019435479520907887 	 1.0
5	1	1	10000	0.0 	 0.03772434301848405 	 0.5022213179805706 	 5 	 0.001943083362333296 	 1.0
5	2	1	100	0.1111111111111111 	 0.0335917326380361 	 0.4226935167785628 	 5 	 0.0011095128196973569 	 0.7057217371028446
5	2	1	1000	0.1111111111111111 	 0.03358044438099883 	 0.42268231801685535 	 5 	 0.0011095128196973566 	 0.7057217371028446
5	2	1	10000	0.1111111111111111 	 0.03357738602355184 	 0.422681198116791 	 5 	 0.0011095128196973569 	 0.7057217371028446
5	3	1	100	0.1111111111111111 	 0.04463203369304488 	 0.6488389294594585 	 5 	 0.0030171631669277214 	 1.0000059511002302
5	3	1	1000	0.1111111111111111 	 0.044632047945402015 	 0.6488381633750753 	 5 	 0.0030167751087914374 	 0.9999831167952322
5	3	1	10000	0.1111111111111111 	 0.04463204812551258 	 0.6488381623592006 	 5 	 0.003016778819268291 	 0.9999833349557238
5	4	1	100	0.1111111111111111 	 0.06701408257270776 	 0.5333641196887172 	 5 	 0.0023396418844395697 	 0.9999848547434488
5	4	1	1000	0.1111111111111111 	 0.06701408432937751 	 0.5333641190957163 	 5 	 0.0023396413647079565 	 0.9999848240999788
5	4	1	10000	0.1111111111111111 	 0.06701408449640431 	 0.5333641190361303 	 5 	 0.0023396413125113978 	 0.9999848210264041
5	5	1	100	0.1111111111111111 	 0.035222144057314775 	 0.5345395102333746 	 5 	 0.001441487398690879 	 0.665293133694102
5	5	1	1000	0.1111111111111111 	 0.0352334597402683 	 0.5345395102333746 	 5 	 0.001441487398690879 	 0.665293133694102
5	5	1	10000	0.1111111111111111 	 0.035235758437477754 	 0.5345395102333746 	 5 	 0.001441487398690879 	 0.6652931336941021
5	6	1	100	0.1111111111111111 	 0.018213567566113396 	 0.32382188140107826 	 5 	 0.0009396060654188762 	 1.0
5	6	1	1000	0.1111111111111111 	 0.01871038721664813 	 0.3238238272349826 	 5 	 0.000940348200525645 	 1.0
5	6	1	10000	0.1111111111111111 	 0.01872283378593572 	 0.323824021817757 	 5 	 0.000939618110893618 	 1.0
5	7	1	100	0.1111111111111111 	 0.058550558647104865 	 0.6877988115035917 	 5 	 0.002947563513918604 	 0.7436124872110568
5	7	1	1000	0.1111111111111111 	 0.058543170600479 	 0.6877988115035917 	 5 	 0.002947563513918604 	 0.7436124872110568
5	7	1	10000	0.1111111111111111 	 0.05864373798779045 	 0.6877988115035917 	 5 	 0.002947563513918604 	 0.7436124872110568
5	8	1	100	0.1111111111111111 	 0.03886333284008395 	 0.4403489523518439 	 5 	 0.0025308211227828862 	 1.0
5	8	1	1000	0.1111111111111111 	 0.0390652331952802 	 0.4403489523518439 	 5 	 0.0025308211227828862 	 1.0
5	8	1	10000	0.1111111111111111 	 0.03900823384226933 	 0.4403489523518439 	 5 	 0.0025308211227828862 	 1.0
5	9	1	100	0.0 	 0.052923886677685966 	 0.6198170460688468 	 5 	 0.0011575989912892633 	 1.0
5	9	1	1000	0.0 	 0.05292398209833278 	 0.6212778652933569 	 5 	 0.0011575989912892635 	 1.0
5	9	1	10000	0.0 	 0.052924145960017 	 0.6214239873193794 	 5 	 0.0011575989912892635 	 1.0
5	10	1	100	0.25 	 0.03097394590174672 	 0.2602635656603501 	 5 	 0.001070796711711047 	 0.7905760551391212
5	10	1	1000	0.25 	 0.029910921535166227 	 0.25958562170309635 	 5 	 0.0010792350892308697 	 0.790579699336278
5	10	1	10000	0.25 	 0.029911785376844854 	 0.25951754350686845 	 5 	 0.0010800841784012042 	 0.7905809087544325
7	1	1	100	0.07692307692307693 	 0.056846347092497265 	 0.5777989373042438 	 7 	 0.0025821249163534947 	 1.0
7	1	1	1000	0.07692307692307693 	 0.056809667394879186 	 0.577843439247736 	 7 	 0.002582124916353495 	 1.0
7	1	1	10000	0.07692307692307693 	 0.05674501569540413 	 0.5778478897561798 	 7 	 0.002582124916353495 	 1.0
7	2	1	100	0.07692307692307693 	 0.052875757028776546 	 0.4636960803572276 	 7 	 0.0012480833314304572 	 0.7713674221912082
7	2	1	1000	0.07692307692307693 	 0.05283408697785455 	 0.46368165020257684 	 7 	 0.001248083331430457 	 0.7713674221912084
7	2	1	10000	0.07692307692307693 	 0.05269684391341095 	 0.4636802071444038 	 7 	 0.001248083331430457 	 0.7713674221912082
7	3	1	100	0.0 	 0.06155526759673202 	 0.7237567816548643 	 7 	 0.002042461440977798 	 1.0
7	3	1	1000	0.0 	 0.06155350628680137 	 0.723727378587238 	 7 	 0.002047976131687014 	 1.0
7	3	1	10000	0.0 	 0.06155331202908627 	 0.7237244379247959 	 7 	 0.002048527600713175 	 1.0
7	4	1	100	0.07692307692307693 	 0.08596044490229685 	 0.47336798325547674 	 7 	 0.0028440373404864227 	 1.0
7	4	1	1000	0.07692307692307693 	 0.08582856662392413 	 0.47336798325547674 	 7 	 0.0028440373404864227 	 1.0
7	4	1	10000	0.07692307692307693 	 0.08586521805949322 	 0.47336798325547674 	 7 	 0.0028440373404864227 	 1.0
7	5	1	100	0.16666666666666666 	 0.03997924052984737 	 0.4241302106727273 	 7 	 0.0021032344534451454 	 1.0
7	5	1	1000	0.16666666666666666 	 0.03992687389148122 	 0.42414972064362677 	 7 	 0.0021032344534451454 	 1.0
7	5	1	10000	0.16666666666666666 	 0.03992500265688019 	 0.42415167156800904 	 7 	 0.002103234453445145 	 1.0
7	6	1	100	0.0 	 0.06432425257161335 	 0.6456496977024576 	 7 	 0.001610723382301971 	 1.0
7	6	1	1000	0.0 	 0.06432404975127025 	 0.6459138160189052 	 7 	 0.0016107233783537993 	 1.0
7	6	1	10000	0.0 	 0.06432404425012003 	 0.6459402061972319 	 7 	 0.0016107233779576442 	 1.0
7	7	1	100	0.07692307692307693 	 0.06563393599306602 	 0.6780996339672481 	 7 	 0.0031148398487372644 	 0.7910655025614494
7	7	1	1000	0.07692307692307693 	 0.06556705666684931 	 0.6780121907721743 	 7 	 0.003112011059745277 	 0.7910646533540673
7	7	1	10000	0.07692307692307693 	 0.06556708854978976 	 0.6780032703105576 	 7 	 0.003111731049324493 	 0.7910646535293863
7	8	1	100	0.07692307692307693 	 0.0620215641975084 	 0.5995756029642285 	 7 	 0.003164010828562866 	 1.0
7	8	1	1000	0.07692307692307693 	 0.06077968233521559 	 0.5995756029642285 	 7 	 0.003164010828562866 	 1.0
7	8	1	10000	0.07692307692307693 	 0.06194328071863854 	 0.5995756029642285 	 7 	 0.003164010828562866 	 1.0
7	9	1	100	0.0 	 0.06361001169296879 	 0.5752350776984132 	 7 	 0.0020838764424305476 	 1.0
7	9	1	1000	0.0 	 0.06360161735303492 	 0.5768522222451523 	 7 	 0.0020838764424305476 	 1.0
7	9	1	10000	0.0 	 0.06357224521213199 	 0.5770140050806789 	 7 	 0.0020838764424305476 	 1.0
7	10	1	100	0.07692307692307693 	 0.0443498914246766 	 0.32734811098078836 	 7 	 0.0012546721866285035 	 0.9271320929277462
7	10	1	1000	0.07692307692307693 	 0.05384271020427819 	 0.42977686415949184 	 7 	 0.0016930867751052537 	 0.9271320929277465
7	10	1	10000	0.07692307692307693 	 0.054030247329125404 	 0.4297142806899452 	 7 	 0.0016937685270234796 	 0.9271320929277465
10	1	1	100	0.05263157894736842 	 0.06112014952112346 	 0.49500352878536796 	 10 	 0.003132875432021403 	 0.9999923114422853
10	1	1	1000	0.05263157894736842 	 0.06112233542463612 	 0.494982692490068 	 10 	 0.003132875370308854 	 0.9999923347297847
10	1	1	10000	0.05263157894736842 	 0.061002881426725754 	 0.49498173483024144 	 10 	 0.0031329362465607304 	 1.0000006661587093
10	2	1	100	0.05263157894736842 	 0.078915950640361 	 0.5470896428400258 	 10 	 0.0021708945077262933 	 1.0
10	2	1	1000	0.05263157894736842 	 0.0787887272095655 	 0.5470527952341769 	 10 	 0.0021708945077262933 	 1.0
10	2	1	10000	0.05263157894736842 	 0.07805261056164256 	 0.5470491101438246 	 10 	 0.0021708945077262938 	 1.0
10	3	1	100	0.0 	 0.08424832544349739 	 0.7223623921980045 	 10 	 0.0018748752615928299 	 1.0
10	3	1	1000	0.0 	 0.0842450716782316 	 0.72176889428135 	 10 	 0.0018710634853296537 	 1.0
10	3	1	10000	0.0 	 0.08424483912201758 	 0.7217095403707068 	 10 	 0.001870682305539462 	 1.0
10	4	1	100	0.17647058823529413 	 0.09794108728459916 	 0.32855660899087086 	 10 	 0.0030923163119893657 	 1.0000013629168412
10	4	1	1000	0.17647058823529413 	 0.09794103244347657 	 0.3285566849140385 	 10 	 0.0030923181843662546 	 1.0000014801150614
10	4	1	10000	0.17647058823529413 	 0.09794102694749769 	 0.32855669263341686 	 10 	 0.0030923183750018713 	 1.0000014920608173
10	5	1	100	0.05263157894736842 	 0.07528382109855879 	 0.6840301802446377 	 10 	 0.002727511053087173 	 1.0
10	5	1	1000	0.05263157894736842 	 0.07523227036355562 	 0.684137012353564 	 10 	 0.002727511053087173 	 1.0
10	5	1	10000	0.05263157894736842 	 0.07589635684209957 	 0.6841476958932183 	 10 	 0.0027275110530871737 	 1.0
10	6	1	100	0.0 	 0.08859230374753473 	 0.6267213347459869 	 10 	 0.0029265117453733825 	 1.0
10	6	1	1000	0.0 	 0.0885830050062131 	 0.6269837042033238 	 10 	 0.00291015529325349 	 1.0
10	6	1	10000	0.0 	 0.08857098850624258 	 0.6270099511183512 	 10 	 0.0029085196480414187 	 1.0
10	7	1	100	0.0 	 0.08803468544796955 	 0.6231554966978604 	 10 	 0.0034630041810614666 	 1.0
10	7	1	1000	0.0 	 0.08803367358866018 	 0.6231554966978604 	 10 	 0.0034630041810614666 	 1.0
10	7	1	10000	0.0 	 0.08801995849113674 	 0.6231554966978604 	 10 	 0.0034630041810614666 	 1.0
10	8	1	100	0.05263157894736842 	 0.07531193083312351 	 0.64725139237901 	 10 	 0.003449826925201373 	 1.0
10	8	1	1000	0.05263157894736842 	 0.07716179930619192 	 0.64725139237901 	 10 	 0.003449826925201373 	 1.0
10	8	1	10000	0.05263157894736842 	 0.07671929479073664 	 0.64725139237901 	 10 	 0.003449826925201373 	 1.0
10	9	1	100	0.05263157894736842 	 0.0988496875958686 	 0.7292980854235989 	 10 	 0.003093928264609045 	 1.0
10	9	1	1000	0.05263157894736842 	 0.09896921155578126 	 0.7292980854235989 	 10 	 0.003093928264609045 	 1.0
10	9	1	10000	0.05263157894736842 	 0.09892934973272002 	 0.7292980854235989 	 10 	 0.003093928264609045 	 1.0
10	10	1	100	0.05263157894736842 	 0.08782107736477593 	 0.6833253425100079 	 10 	 0.001622359565481722 	 0.9595500547009663
10	10	1	1000	0.05263157894736842 	 0.08782064674548894 	 0.6832478912588473 	 10 	 0.001643347956673068 	 0.9595500547045842
10	10	1	10000	0.05263157894736842 	 0.08782060432824557 	 0.6832401440468383 	 10 	 0.0016454467955878992 	 0.9595500547049406
2	1	2	100	0.0 	 0.012793154685390893 	 0.3998401077432211 	 2 	 0.0005558227841175185 	 1.0
2	1	2	1000	0.0 	 0.012793154685390893 	 0.3998401077432211 	 2 	 0.0005561869282625181 	 1.0
2	1	2	10000	0.0 	 0.012793154685390893 	 0.3998401077432211 	 2 	 0.0005558214698622463 	 1.0
2	2	2	100	0.3333333333333333 	 0.000324135589142933 	 0.017922557043641037 	 2 	 0.0018595841404524262 	 0.9438730338985073
2	2	2	1000	0.3333333333333333 	 0.000324135589142933 	 0.017922557043641037 	 2 	 0.0018606542924280095 	 0.9438730338985074
2	2	2	10000	0.3333333333333333 	 0.000324135589142933 	 0.017922557043641037 	 2 	 0.0018608259516179587 	 0.9438730338985073
2	3	2	100	0.3333333333333333 	 0.016050042278422653 	 0.5162004622908228 	 2 	 0.000256893090653246 	 0.5012237316384127
2	3	2	1000	1.0 	 1.041207523715087e-05 	 0.0005113608688360402 	 2 	 1.3453611538952925e-06 	 0.0003208686352040302
2	3	2	10000	1.0 	 1.0410590984280919e-06 	 5.113513511373386e-05 	 2 	 1.345361153901344e-07 	 3.208686352054735e-05
2	4	2	100	0.3333333333333333 	 0.034706532230997206 	 0.5192142494984052 	 2 	 0.0015152428745374485 	 0.36138542557718467
2	4	2	1000	0.3333333333333333 	 0.035959773881221735 	 0.5172479084037157 	 2 	 0.0015152428745374485 	 0.36138542557718467
2	4	2	10000	0.3333333333333333 	 0.03569206873423498 	 0.5170518081799247 	 2 	 0.0015152428745374485 	 0.36138542557718467
2	5	2	100	0.0 	 0.01179485944632081 	 0.2516857559316133 	 2 	 0.001237274226408526 	 1.0
2	5	2	1000	0.0 	 0.01179485944632081 	 0.2516857559316133 	 2 	 0.0012371511231496772 	 1.0
2	5	2	10000	0.0 	 0.01179485944632081 	 0.25168575593161324 	 2 	 0.0012365998679560422 	 1.0
2	6	2	100	0.3333333333333333 	 0.007723621821923748 	 0.19161183015287458 	 2 	 0.0009461233582480791 	 0.503310245735027
2	6	2	1000	0.3333333333333333 	 0.007723621821923748 	 0.19161183015287458 	 2 	 0.0009458788678749631 	 0.503368556689015
2	6	2	10000	0.3333333333333333 	 0.007723621821923748 	 0.19161183015287458 	 2 	 0.0009460624938164057 	 0.503324761901981
2	7	2	100	0.0 	 0.021747826422220177 	 0.15962180154571703 	 2 	 0.0003736752851118024 	 1.0
2	7	2	1000	0.0 	 0.021593436034233405 	 0.15877900013711732 	 2 	 0.0003736752851118024 	 1.0
2	7	2	10000	0.0 	 0.02172638704893781 	 0.15869479960655955 	 2 	 0.0003736752851118024 	 1.0
2	8	2	100	0.3333333333333333 	 0.008700246762909812 	 0.3566254495966617 	 2 	 9.609588660065655e-05 	 0.49710106067259074
2	8	2	1000	0.3333333333333333 	 0.008700246762909812 	 0.3566254495966617 	 2 	 9.615692034388646e-05 	 0.49711561722035114
2	8	2	10000	0.3333333333333333 	 0.008700246762909812 	 0.3566254495966617 	 2 	 9.573024590380706e-05 	 0.4970138553663922
2	9	2	100	0.3333333333333333 	 0.01045928788117691 	 0.025073345954140305 	 2 	 0.0013197879978137537 	 0.3350216176274101
2	9	2	1000	0.3333333333333333 	 0.010458289601420123 	 0.02634122751591823 	 2 	 0.0013139379889328061 	 0.3336263905093041
2	9	2	10000	0.3333333333333333 	 0.010458189306575327 	 0.026466730896080155 	 2 	 0.001312507950344619 	 0.3332853263060215
2	10	2	100	0.0 	 0.008600969190661776 	 0.09754143392450841 	 2 	 0.001982254310784858 	 1.0
2	10	2	1000	0.0 	 0.008600969190661776 	 0.09754143392450841 	 2 	 0.0019830107061126817 	 1.0
2	10	2	10000	0.0 	 0.008600969190661776 	 0.09754143392450841 	 2 	 0.0019832541690020856 	 1.0
3	1	2	100	0.2 	 0.020069092885073646 	 0.4015209026152143 	 3 	 0.001859370728226032 	 0.44160054795368586
3	1	2	1000	0.2 	 0.020064939485110005 	 0.4015209026152143 	 3 	 0.001859370728226032 	 0.44160054795368586
3	1	2	10000	0.2 	 0.020065176751541333 	 0.4015209026152143 	 3 	 0.001859370728226032 	 0.44160054795368586
3	2	2	100	0.2 	 0.02053744562350559 	 0.5850845787811227 	 3 	 0.0012530450178746472 	 0.9743706486303068
3	2	2	1000	0.2 	 0.02053744562350559 	 0.5851106701658289 	 3 	 0.0012559697028351414 	 0.9743706486303068
3	2	2	10000	0.2 	 0.02053744562350559 	 0.5851132791238214 	 3 	 0.0012558425362834455 	 0.9743706486303068
3	3	2	100	0.5 	 0.010282583707022338 	 0.16611895169994131 	 3 	 0.0005318257150406598 	 0.31400719221809953
3	3	2	1000	0.5 	 0.01043277649660293 	 0.17012073197447874 	 3 	 0.0005361692395096902 	 0.3150387792794941
3	3	2	10000	0.5 	 0.010447955392200782 	 0.1705202454473296 	 3 	 0.000536583051466512 	 0.3151370596192393
3	4	2	100	0.2 	 0.0367629675988959 	 0.5629006833327632 	 3 	 0.002563722421950679 	 1.0
3	4	2	1000	0.2 	 0.03676394357755217 	 0.5629006833327632 	 3 	 0.002563722421950679 	 1.0
3	4	2	10000	0.2 	 0.036763264568990775 	 0.5629006833327632 	 3 	 0.002563722421950679 	 1.0
3	5	2	100	0.0 	 0.015941753702863288 	 0.1859732834394667 	 3 	 0.001270448995076405 	 1.0
3	5	2	1000	0.0 	 0.015941753702863288 	 0.18493793500426664 	 3 	 0.0012767510362491062 	 1.0
3	5	2	10000	0.0 	 0.015941753702863288 	 0.1848344661666499 	 3 	 0.001277381240366376 	 1.0
3	6	2	100	0.2 	 0.012580542504305478 	 0.23779585313038806 	 3 	 0.002373265579724352 	 0.5986423836721134
3	6	2	1000	0.2 	 0.012580169186227872 	 0.23779546106285368 	 3 	 0.0023730837605033823 	 0.5986307910795992
3	6	2	10000	0.2 	 0.01258016951344232 	 0.23779547368608817 	 3 	 0.0023730789383241495 	 0.5986307908878228
3	7	2	100	0.2 	 0.03847868817863583 	 0.41884319236609013 	 3 	 0.001674008093805736 	 0.39757692227886526
3	7	2	1000	0.2 	 0.039065482145120664 	 0.41884319236609013 	 3 	 0.001674008093805736 	 0.39757692227886526
3	7	2	10000	0.2 	 0.03840737165389844 	 0.41884319236609013 	 3 	 0.001674008093805736 	 0.39757692227886526
3	8	2	100	0.5 	 0.008208265625424798 	 0.22469785224825706 	 3 	 4.468785414150162e-05 	 0.34980036773523815
3	8	2	1000	0.5 	 0.008205487760172521 	 0.22471066391927838 	 3 	 3.7684988213989006e-05 	 0.35069374174497847
3	8	2	10000	0.5 	 0.00820521143210299 	 0.22471198038605542 	 3 	 3.698470162123828e-05 	 0.35070445372167963
3	9	2	100	0.0 	 0.022029953655462706 	 0.4748047045320816 	 3 	 0.002114187053989883 	 1.0
3	9	2	1000	0.0 	 0.0220334026819229 	 0.4748047045320816 	 3 	 0.002114187053989883 	 1.0
3	9	2	10000	0.0 	 0.022029967780450205 	 0.4748047045320816 	 3 	 0.002114187053989883 	 1.0
3	10	2	100	0.0 	 0.02717841468555041 	 0.6469266711545342 	 3 	 0.0019326148175323546 	 1.0
3	10	2	1000	0.0 	 0.027171735600601554 	 0.6469332741483086 	 3 	 0.0019326148175323546 	 1.0
3	10	2	10000	0.0 	 0.027204896740180482 	 0.6469339344542641 	 3 	 0.0019326148175323546 	 1.0
5	1	2	100	0.1111111111111111 	 0.022942543122009995 	 0.24264491898474297 	 5 	 0.0010623452288873753 	 0.7988111726158148
5	1	2	1000	0.1111111111111111 	 0.022942596688620562 	 0.2426584287273966 	 5 	 0.0010579018739628602 	 0.798203404054692
5	1	2	10000	0.1111111111111111 	 0.02294279480769532 	 0.2426597796751533 	 5 	 0.001057457538470408 	 0.79810748263951
5	2	2	100	0.1111111111111111 	 0.03167980821915685 	 0.5883787450940313 	 5 	 0.0020048447928368404 	 0.7668674025789687
5	2	2	1000	0.1111111111111111 	 0.031775749679255644 	 0.5883787450940313 	 5 	 0.002004844792836841 	 0.7668674025789685
5	2	2	10000	0.1111111111111111 	 0.03177467514575733 	 0.5883787450940313 	 5 	 0.002004844792836841 	 0.7668674025789687
5	3	2	100	0.25 	 0.022803349283183273 	 0.2407106891901343 	 5 	 0.0005147892242201432 	 0.5739164732485998
5	3	2	1000	0.25 	 0.022803349283183273 	 0.24053013996878944 	 5 	 0.0005197085187753895 	 0.5746267302129248
5	3	2	10000	0.25 	 0.022803349283183273 	 0.2405120786068284 	 5 	 0.0005198515704905375 	 0.5747379042097488
5	4	2	100	0.1111111111111111 	 0.06701414121014758 	 0.6838854998303373 	 5 	 0.0031869339019105544 	 0.9999904311260063
5	4	2	1000	0.1111111111111111 	 0.06701413637941707 	 0.6838855353433414 	 5 	 0.0031869580255460446 	 0.999991851248239
5	4	2	10000	0.1111111111111111 	 0.06701413751141078 	 0.683885543350685 	 5 	 0.0031869634657906063 	 0.9999921714614104
5	5	2	100	0.0 	 0.04580538181303127 	 0.5226728085099784 	 5 	 0.0014389119681531997 	 1.0
5	5	2	1000	0.0 	 0.045809003643630185 	 0.5227023382265082 	 5 	 0.0014389119681531995 	 1.0
5	5	2	10000	0.0 	 0.045809576249343904 	 0.5227052912644644 	 5 	 0.0014389119681531997 	 1.0
5	6	2	100	0.1111111111111111 	 0.02607851242364055 	 0.26645349423000303 	 5 	 0.0025195297038430754 	 0.6259510374649284
5	6	2	1000	0.1111111111111111 	 0.026039837395634074 	 0.26645295162032945 	 5 	 0.0025190913297328714 	 0.625935643690022
5	6	2	10000	0.1111111111111111 	 0.026079277380129447 	 0.2664535399408844 	 5 	 0.0025195366979787024 	 0.6259516535417939
5	7	2	100	0.1111111111111111 	 0.05475152845888146 	 0.7405330372752419 	 5 	 0.002860204537870681 	 1.0
5	7	2	1000	0.1111111111111111 	 0.05487507643050442 	 0.7405330372752419 	 5 	 0.002860204537870681 	 1.0
5	7	2	10000	0.1111111111111111 	 0.0555044175305554 	 0.7405330372752419 	 5 	 0.002860204537870681 	 1.0
5	8	2	100	0.1111111111111111 	 0.039279994667984396 	 0.5940189644441877 	 5 	 0.003062688319407177 	 1.0
5	8	2	1000	0.1111111111111111 	 0.038953570747173184 	 0.5940189644441877 	 5 	 0.003062688319407177 	 1.0
5	8	2	10000	0.1111111111111111 	 0.03963889805086847 	 0.5940189644441877 	 5 	 0.003062688319407177 	 1.0
5	9	2	100	0.0 	 0.04381181146472184 	 0.2568366120820785 	 5 	 0.0009468919985040996 	 1.0
5	9	2	1000	0.0 	 0.04375862149215633 	 0.2568331676509266 	 5 	 0.0009468919985040997 	 1.0
5	9	2	10000	0.0 	 0.04380864384104139 	 0.2568328231077915 	 5 	 0.0009468919985040994 	 1.0
5	10	2	100	0.25 	 0.037937471195472465 	 0.45691420194543064 	 5 	 0.0015513678692404974 	 0.7114450079360155
5	10	2	1000	0.25 	 0.03793137502654823 	 0.4569860141286891 	 5 	 0.0015603712789139057 	 0.711444999518676
5	10	2	10000	0.25 	 0.03793077165306215 	 0.4569931943029507 	 5 	 0.0015612716197853493 	 0.7114449986754786
7	1	2	100	0.0 	 0.0696092976413339 	 0.7694393710211728 	 7 	 0.0019773548482564644 	 1.0
7	1	2	1000	0.0 	 0.06960338311820011 	 0.7689993341213397 	 7 	 0.0019719128487114797 	 1.0
7	1	2	10000	0.0 	 0.06960293297963788 	 0.7689553347058964 	 7 	 0.0019713687548004303 	 1.0
7	2	2	100	0.07692307692307693 	 0.051789309975625815 	 0.6630058718903148 	 7 	 0.003302868402877676 	 1.000016717658404
7	2	2	1000	0.07692307692307693 	 0.05178930381826485 	 0.663005869292894 	 7 	 0.003302868270201002 	 1.0000167121985422
7	2	2	10000	0.07692307692307693 	 0.051789303240846365 	 0.6630058690472275 	 7 	 0.003302868257792327 	 1.0000167116878598
7	3	2	100	0.0 	 0.061622441169725636 	 0.6749214000627929 	 7 	 0.0017154081120171155 	 1.0
7	3	2	1000	0.0 	 0.06162413858161686 	 0.6749298136951704 	 7 	 0.0017147070616672043 	 1.0
7	3	2	10000	0.0 	 0.0616243053042557 	 0.674930655033297 	 7 	 0.0017146369562854452 	 1.0
7	4	2	100	0.07692307692307693 	 0.08590599165404308 	 0.6257326499451044 	 7 	 0.0034615307763837507 	 1.0
7	4	2	1000	0.07692307692307693 	 0.08601207126512937 	 0.6257326499451044 	 7 	 0.0034615307763837507 	 1.0
7	4	2	10000	0.07692307692307693 	 0.08593235676405339 	 0.6257326499451044 	 7 	 0.0034615307763837507 	 1.0
7	5	2	100	0.07692307692307693 	 0.05197482818614036 	 0.6679594012952695 	 7 	 0.0033193889077418413 	 1.0
7	5	2	1000	0.07692307692307693 	 0.05170924967305188 	 0.6679594012952695 	 7 	 0.0033193889077418413 	 1.0
7	5	2	10000	0.07692307692307693 	 0.05172748618693104 	 0.6679594012952695 	 7 	 0.0033193889077418413 	 1.0
7	6	2	100	0.07692307692307693 	 0.05058123094153339 	 0.47688603463649015 	 7 	 0.003131005804458376 	 1.0
7	6	2	1000	0.07692307692307693 	 0.050578783476478546 	 0.47688603463649015 	 7 	 0.003131005804458376 	 1.0
7	6	2	10000	0.07692307692307693 	 0.050697297730291004 	 0.47688603463649015 	 7 	 0.003131005804458376 	 1.0
7	7	2	100	0.0 	 0.06720853760398099 	 0.6356208188582857 	 7 	 0.0024173747969777042 	 1.0
7	7	2	1000	0.0 	 0.06884068483849748 	 0.6611447799661259 	 7 	 0.0032446207785250506 	 1.0
7	7	2	10000	0.0 	 0.0688406851866365 	 0.6611447805046476 	 7 	 0.003244620889230175 	 1.0
7	8	2	100	0.07692307692307693 	 0.06092382758046137 	 0.624864811614851 	 7 	 0.003223596740576539 	 1.0
7	8	2	1000	0.07692307692307693 	 0.06165476739060303 	 0.624864811614851 	 7 	 0.003223596740576539 	 1.0
7	8	2	10000	0.07692307692307693 	 0.06126498602893261 	 0.624864811614851 	 7 	 0.003223596740576539 	 1.0
7	9	2	100	0.0 	 0.06362734884016183 	 0.6477675334575814 	 7 	 0.0023163258108942343 	 1.0
7	9	2	1000	0.0 	 0.06358426413383601 	 0.6478344113513237 	 7 	 0.0023167020278453414 	 1.0
7	9	2	10000	0.0 	 0.06360253339201713 	 0.6478410992556649 	 7 	 0.0023167396495404687 	 1.0
7	10	2	100	0.16666666666666666 	 0.0580625801859135 	 0.5123173346010772 	 7 	 0.0021797621898434036 	 0.7508638463865508
7	10	2	1000	0.16666666666666666 	 0.058075496002152616 	 0.5122768302063307 	 7 	 0.0021797546094552366 	 0.7508641843695297
7	10	2	10000	0.16666666666666666 	 0.058076768532500656 	 0.5122727796314137 	 7 	 0.0021797538230329296 	 0.7508642180549083
10	1	2	100	0.05263157894736842 	 0.06283314175340593 	 0.58341698762082 	 10 	 0.0034311959082562408 	 1.0
10	1	2	1000	0.05263157894736842 	 0.0628812434216109 	 0.5834169876208197 	 10 	 0.0034311959082562408 	 1.0
10	1	2	10000	0.05263157894736842 	 0.06284474039181967 	 0.5834169876208197 	 10 	 0.0034311959082562408 	 1.0
10	2	2	100	0.05263157894736842 	 0.07366566484530285 	 0.6288023444806732 	 10 	 0.0035896115396662513 	 1.0
10	2	2	1000	0.05263157894736842 	 0.07330009182386397 	 0.6288023444806732 	 10 	 0.0035896115396662513 	 1.0
10	2	2	10000	0.05263157894736842 	 0.07371358626909669 	 0.6288023444806732 	 10 	 0.0035896115396662513 	 1.0
10	3	2	100	0.05263157894736842 	 0.0855259308614894 	 0.565895958646695 	 10 	 0.0007366662318347666 	 0.8485252864244688
10	3	2	1000	0.05263157894736842 	 0.08572266192458428 	 0.5658500735920126 	 10 	 0.0007348768850930377 	 0.8485252864244688
10	3	2	10000	0.05263157894736842 	 0.08552421762623612 	 0.56584548455303 	 10 	 0.0007347672214985349 	 0.8485252864244688
10	4	2	100	0.17647058823529413 	 0.09801475239309844 	 0.635163148462228 	 10 	 0.0036063576420441064 	 1.0
10	4	2	1000	0.17647058823529413 	 0.09767178882274352 	 0.635163148462228 	 10 	 0.0036063576420441064 	 1.0
10	4	2	10000	0.17647058823529413 	 0.0980194966574076 	 0.635163148462228 	 10 	 0.0036063576420441064 	 1.0
10	5	2	100	0.1111111111111111 	 0.07514330829077102 	 0.6761766451430887 	 10 	 0.0032559491891048873 	 0.8980908079146805
10	5	2	1000	0.1111111111111111 	 0.0751976423441855 	 0.6752140065424668 	 10 	 0.0032494423573499053 	 0.8980908079146807
10	5	2	10000	0.1111111111111111 	 0.0751228522092888 	 0.6751177808109977 	 10 	 0.003248791674174415 	 0.8980908079146807
10	6	2	100	0.1111111111111111 	 0.07723095037165764 	 0.6156024544462861 	 10 	 0.0035137071293689015 	 1.0
10	6	2	1000	0.1111111111111111 	 0.07737345893079119 	 0.6156024544462861 	 10 	 0.0035137071293689015 	 1.0
10	6	2	10000	0.1111111111111111 	 0.07728944397693636 	 0.6156024544462861 	 10 	 0.0035137071293689015 	 1.0
10	7	2	100	0.0 	 0.08808969877736203 	 0.6543672655468172 	 10 	 0.0034689117585860094 	 1.0
10	7	2	1000	0.0 	 0.08809032223719199 	 0.654359356814482 	 10 	 0.0034686507275331355 	 1.0
10	7	2	10000	0.0 	 0.08809037986167839 	 0.6543587628002919 	 10 	 0.003468631097938888 	 1.0
10	8	2	100	0.05263157894736842 	 0.07465267610532046 	 0.6104642553994292 	 10 	 0.0035485668135120177 	 1.0
10	8	2	1000	0.05263157894736842 	 0.07464377105575791 	 0.6104642553994292 	 10 	 0.0035485668135120177 	 1.0
10	8	2	10000	0.05263157894736842 	 0.07457376168911867 	 0.6104642553994292 	 10 	 0.0035485668135120177 	 1.0
10	9	2	100	0.05263157894736842 	 0.09152660540340139 	 0.7095348565843687 	 10 	 0.0026728663514176713 	 1.0
10	9	2	1000	0.05263157894736842 	 0.09155317008191115 	 0.7095348565843687 	 10 	 0.0026728663514176717 	 1.0
10	9	2	10000	0.05263157894736842 	 0.09149922093281447 	 0.7095348565843687 	 10 	 0.0026728663514176713 	 1.0
10	10	2	100	0.1111111111111111 	 0.08694011684104148 	 0.569811920514046 	 10 	 0.0018616050665852498 	 0.8125085898084397
10	10	2	1000	0.1111111111111111 	 0.08694200682298762 	 0.5698108090690437 	 10 	 0.0018599275569288261 	 0.8125085825861649
10	10	2	10000	0.1111111111111111 	 0.08694207368652737 	 0.5698106979223141 	 10 	 0.0018597598058069768 	 0.8125085818312655
