2	1	0	0	1.0 	 1.9839914888328954e-13 	 3.515934962137509e-12 	 2 	 8.348784044717821e-16 	 1.9911849946652183e-13
2	2	0	0	1.0 	 0.00027037241180168743 	 0.01165945623044933 	 2 	 0.0011834792069431383 	 0.282259790855941
2	3	0	0	1.0 	 3.467046688861331e-18 	 1.0292392865312869e-16 	 2 	 1.1637557910116531e-19 	 2.7755575615628914e-17
2	4	0	0	1.0 	 4.003491345487857e-18 	 7.644371431657808e-17 	 2 	 1.1637557910116531e-19 	 2.7755575615628914e-17
2	5	0	0	1.0 	 6.715687551655391e-18 	 1.0489054775979413e-16 	 2 	 1.7456336865174797e-19 	 4.163336342344337e-17
2	6	0	0	1.0 	 1.3400081437925476e-16 	 3.934167440954634e-15 	 2 	 3.491267373035046e-18 	 8.326672684688674e-16
2	7	0	0	1.0 	 2.0649488967580388e-17 	 1.9210017998312197e-16 	 2 	 3.2003284252821694e-19 	 7.632783294297952e-17
2	8	0	0	1.0 	 4.064712136227693e-17 	 9.5100209021838e-16 	 2 	 9.310046328093472e-19 	 2.220446049250313e-16
2	9	0	0	1.0 	 4.732270272215565e-16 	 2.343970989297472e-15 	 2 	 3.1857814778944868e-18 	 7.598088824778415e-16
2	10	0	0	1.0 	 3.9080808449844916e-17 	 1.7407313454176726e-16 	 2 	 5.164166322614334e-19 	 1.231653667943533e-16
3	2	0	0	1.0 	 0.0002717415760404272 	 0.004412259161733345 	 3 	 0.0005431597249073931 	 0.1290004346655068
3	5	0	0	1.0 	 1.8337369071593883e-15 	 1.0386481119502156e-14 	 3 	 1.484192885551514e-17 	 3.524958103184872e-15
2	1	1	100	0.3333333333333333 	 9.244907906137864e-05 	 0.002582529581941148 	 2 	 5.01570095432082e-06 	 0.22787873130223235
2	1	1	1000	1.0 	 6.3931021965824975e-06 	 0.00023258254574734315 	 2 	 5.156046598229293e-07 	 0.00012297171136776974
2	1	1	10000	1.0 	 6.395011072836466e-07 	 2.326085701483934e-05 	 2 	 5.156046552244647e-08 	 1.2297171027103593e-05
2	2	1	100	0.3333333333333333 	 0.02355090716725425 	 0.017927986970722194 	 2 	 0.0018838342436577826 	 0.5486601092609008
2	2	1	1000	0.3333333333333333 	 0.00013886563794496298 	 0.018921048192775396 	 2 	 0.001567579558303721 	 0.4513398907390992
2	2	1	10000	1.0 	 0.00014191559494729038 	 0.008497410458243966 	 2 	 0.000293140400784678 	 0.16723420410894796
2	3	1	100	1.0 	 0.00019745187871911195 	 0.006020803375142862 	 2 	 1.6745598541221262e-05 	 0.003993825252081307
2	3	1	1000	1.0 	 1.95423512730447e-05 	 0.0006036490702351247 	 2 	 1.6745598541218932e-06 	 0.0003993825252080752
2	3	1	10000	1.0 	 1.9522409989814274e-06 	 6.038066397494605e-05 	 2 	 1.6745598541285269e-07 	 3.993825252096572e-05
2	4	1	100	1.0 	 0.00018184119808210128 	 0.004353691993416126 	 2 	 4.897533253897008e-06 	 0.001168061681054447
2	4	1	1000	1.0 	 1.820090573447814e-05 	 0.000436846450034937 	 2 	 4.897533253897532e-07 	 0.00011680616810545719
2	4	1	10000	1.0 	 1.820260433552798e-06 	 4.369947967117827e-05 	 2 	 4.897533253863201e-08 	 1.168061681046384e-05
2	5	1	100	1.0 	 0.00011922870655903616 	 0.0045419603161586134 	 2 	 1.0122678909498077e-05 	 0.002414258919915313
2	5	1	1000	1.0 	 1.1880778488806137e-05 	 0.0004548138755192076 	 2 	 1.0122678909497844e-06 	 0.00024142589199152575
2	5	1	10000	1.0 	 1.1876588921019644e-06 	 4.54875777641977e-05 	 2 	 1.0122678909538574e-07 	 2.414258919924972e-05
2	6	1	100	1.0 	 5.7424478722057436e-05 	 0.0011774361534247176 	 2 	 5.0422305913957465e-08 	 1.2025719960478964e-05
2	6	1	1000	1.0 	 5.742524018167008e-06 	 0.00011768078009422415 	 2 	 5.0422305896152e-09 	 1.2025719956232363e-06
2	6	1	10000	1.0 	 5.742531632091014e-07 	 1.1767450048340674e-05 	 2 	 5.042230570878731e-10 	 1.2025719911545885e-07
2	7	1	100	1.0 	 0.00010856407170518775 	 0.0025025891106604465 	 2 	 4.5259916581343635e-06 	 0.0010794490104650558
2	7	1	1000	1.0 	 1.0877874052567185e-05 	 0.00025060783994366705 	 2 	 4.5259916581370406e-07 	 0.00010794490104656941
2	7	1	10000	1.0 	 1.0880025485646666e-06 	 2.506428274812464e-05 	 2 	 4.525991658149842e-08 	 1.0794490104687473e-05
2	8	1	100	1.0 	 6.268146279817166e-05 	 0.001109068805435679 	 2 	 4.919402015384171e-07 	 0.00011732773806691355
2	8	1	1000	1.0 	 6.269588259947569e-06 	 0.00011085614606214918 	 2 	 4.919402015294562e-08 	 1.1732773806477637e-05
2	8	1	10000	1.0 	 6.2697325035458e-07 	 1.1085107891131169e-05 	 2 	 4.919402014794147e-09 	 1.1732773805284147e-06
2	9	1	100	1.0 	 0.0001986194736933988 	 0.007802714086547386 	 2 	 2.0975560151845814e-05 	 0.005002671096215272
2	9	1	1000	1.0 	 1.9907537226759885e-05 	 0.0007841042192864595 	 2 	 2.097556015184023e-06 	 0.0005002671096213941
2	9	1	10000	1.0 	 1.9912284678813362e-06 	 7.844918460542813e-05 	 2 	 2.0975560151755275e-07 	 5.002671096193679e-05
2	10	1	100	1.0 	 0.00015111569336611656 	 0.007532872837253216 	 2 	 6.5330726263115385e-06 	 0.001558137821375316
2	10	1	1000	1.0 	 1.5106976442688574e-05 	 0.0007572630605146435 	 2 	 6.533072626313634e-07 	 0.00015581378213758157
2	10	1	10000	1.0 	 1.5106531750954374e-06 	 7.576629247916337e-05 	 2 	 6.533072626311305e-08 	 1.5581378213752606e-05
3	2	1	100	0.5 	 0.024467796871200136 	 0.02153121721213113 	 3 	 0.0016280912517751835 	 0.47357169873948424
3	7	1	100	1.0 	 0.00018634575519781043 	 0.002602162696839689 	 3 	 5.182942626346247e-06 	 0.001230948873757243
2	1	2	100	0.3333333333333333 	 0.00014481752802712145 	 0.00471692748719966 	 2 	 7.544956026391479e-06 	 0.3666622312398471
2	1	2	1000	1.0 	 1.305821348817342e-05 	 0.00044509136436374 	 2 	 7.30555045365041e-07 	 0.00017423737831956387
2	1	2	10000	1.0 	 1.305629627812179e-06 	 4.451997645810038e-05 	 2 	 7.305550528756882e-08 	 1.742373801108532e-05
2	2	2	100	0.3333333333333333 	 0.01459483925266739 	 0.006719804725266878 	 2 	 0.00022501510210714437 	 0.056126966101492586
2	2	2	1000	0.3333333333333333 	 0.00030754317174122407 	 0.030341103364396365 	 2 	 0.00044374721165041077 	 0.9438730338985073
2	2	2	10000	1.0 	 0.00027017243893574864 	 0.011653634065368158 	 2 	 0.0011832807353088595 	 0.28221245537116557
2	3	2	100	1.0 	 0.00010427331143504021 	 0.005114623791800949 	 2 	 1.345361153894955e-05 	 0.0032086863520394975
2	3	2	1000	1.0 	 1.0412075237147936e-05 	 0.0005113608688360238 	 2 	 1.3453611538955254e-06 	 0.0003208686352040857
2	3	2	10000	1.0 	 1.0410590984318256e-06 	 5.113513511377171e-05 	 2 	 1.3453611539001804e-07 	 3.208686352051959e-05
2	4	2	100	1.0 	 0.00018172948632949216 	 0.004677758822302308 	 2 	 7.662399554726353e-06 	 0.0018274822938022517
2	4	2	1000	1.0 	 1.8204443313121788e-05 	 0.00046767685748810134 	 2 	 7.66239955472263e-07 	 0.00018274822938013635
2	4	2	10000	1.0 	 1.8207609363305878e-06 	 4.676673834107865e-05 	 2 	 7.662399554731939e-08 	 1.827482293803584e-05
2	5	2	100	1.0 	 0.00010726311254761696 	 0.002257173747611448 	 2 	 6.716181330675101e-06 	 0.0016018092473660261
2	5	2	1000	1.0 	 1.0669672791562683e-05 	 0.00022604245250902556 	 2 	 6.716181330676266e-07 	 0.00016018092473663034
2	5	2	10000	1.0 	 1.0664057044915605e-06 	 2.26075011790518e-05 	 2 	 6.716181330651826e-08 	 1.601809247360475e-05
2	6	2	100	1.0 	 4.7631357149486e-05 	 0.0017722364329768525 	 2 	 4.822812287045939e-06 	 0.0011502407304604667
2	6	2	1000	1.0 	 4.7682507242280206e-06 	 0.00017712607033149204 	 2 	 4.822812287070959e-07 	 0.00011502407304664342
2	6	2	10000	1.0 	 4.768766415451959e-07 	 1.771163189194727e-05 	 2 	 4.822812287324658e-08 	 1.1502407305269415e-05
2	7	2	100	1.0 	 0.00014705342954945082 	 0.0011827818256404585 	 2 	 1.3362737946098055e-06 	 0.00031870130001444147
2	7	2	1000	1.0 	 1.4661048257611273e-05 	 0.00011830196169215423 	 2 	 1.336273794611522e-07 	 3.1870130001485086e-05
2	7	2	10000	1.0 	 1.465663457548169e-06 	 1.1830434037788819e-05 	 2 	 1.3362737945661355e-08 	 3.187013000040262e-06
2	8	2	100	1.0 	 3.3357679110278164e-05 	 0.0008514925559417336 	 2 	 1.129027462752786e-06 	 0.0002692730498665419
2	8	2	1000	1.0 	 3.3347348706838606e-06 	 8.511026249224305e-05 	 2 	 1.1290274627633761e-07 	 2.6927304986906764e-05
2	8	2	10000	1.0 	 3.3346316469738267e-07 	 8.51063651402065e-06 	 2 	 1.1290274628553129e-08 	 2.6927304989099454e-06
2	9	2	100	1.0 	 0.007337914503328985 	 0.012663313785997018 	 2 	 3.9040416309668724e-05 	 0.009311139289856074
2	9	2	1000	1.0 	 0.000626241984280707 	 0.0015540788811067721 	 2 	 4.354534756626347e-06 	 0.001038556539455393
2	9	2	10000	1.0 	 5.974800780113614e-05 	 0.00015548445040435385 	 2 	 4.3545347566049914e-07 	 0.00010385565394502999
2	10	2	100	1.0 	 0.003230670008141218 	 0.007860324127925037 	 2 	 1.2837363561989253e-05 	 0.0030617112095344644
2	10	2	1000	1.0 	 0.0002891039375822937 	 0.0007886626672522375 	 2 	 1.2837363561988292e-06 	 0.00030617112095342354
2	10	2	10000	1.0 	 2.8610114693719558e-05 	 7.88926603655641e-05 	 2 	 1.2837363562012805e-07 	 3.0617112095400814e-05
3	2	2	100	0.5 	 0.013539450117729059 	 0.005088688154494981 	 3 	 0.00010609596844204602 	 0.028924628931015602
3	5	2	100	1.0 	 0.0002249350398446312 	 0.0028059887494973454 	 3 	 2.4047264891451715e-05 	 0.005711225411719825
