2	1	0	0	0.3333333333333333 	 0.001749111552321518 	 0.1482478430427008 	 2 	 0.0005135699491064041 	 0.633337768760153
2	2	0	0	1.0 	 0.00027037241180168743 	 0.01165945623044933 	 2 	 0.0011834792069431383 	 0.282259790855941
2	3	0	0	1.0 	 0.0016797689676613825 	 0.3185140952461472 	 2 	 0.0008239041469629664 	 0.321486606569094
2	4	0	0	1.0 	 4.003491345487857e-18 	 7.644371431657808e-17 	 2 	 1.1637557910116531e-19 	 2.7755575615628914e-17
2	5	0	0	0.0 	 0.007538409209987703 	 0.18361362416439714 	 2 	 0.000386017189181862 	 1.0
2	6	0	0	0.0 	 0.0019157060146051477 	 0.1578577859498367 	 2 	 0.0009056772825418416 	 1.0
2	7	0	0	0.0 	 0.021740801186362953 	 0.15868544488469444 	 2 	 0.0003736752851118024 	 1.0
2	8	0	0	1.0 	 0.0010330759864073682 	 0.37191116277670205 	 2 	 0.0015111790419921355 	 0.41205181807845986
2	9	0	0	0.3333333333333333 	 0.010458178152421598 	 0.026482018370612946 	 2 	 0.0013131083197471468 	 0.3334285144085244
2	10	0	0	0.0 	 0.008848281009867651 	 0.03630392025796401 	 2 	 0.00010985138314438235 	 1.0
3	1	0	0	0.5 	 0.010567127539471302 	 0.390984437924478 	 3 	 0.0007180913427505052 	 0.45364003642441286
3	2	0	0	0.2 	 0.0068367465186441635 	 0.46954836906452235 	 3 	 0.0019226597461828262 	 0.45663168971842455
3	3	0	0	1.0 	 2.09489102701788e-15 	 2.734694850394356e-14 	 3 	 6.649651589596941e-17 	 1.5792922525292852e-14
3	4	0	0	0.2 	 0.005884935978721799 	 0.19906583751812823 	 3 	 0.0009791556952418014 	 0.6111577554348349
3	5	0	0	0.0 	 0.020842289268198113 	 0.3621305509576469 	 3 	 0.0013842564620066824 	 1.0
3	6	0	0	0.2 	 0.00837656033248201 	 0.2342287686194239 	 3 	 0.002373143990302331 	 1.0
3	7	0	0	0.2 	 0.02155871217129614 	 0.09604844627339987 	 3 	 0.00024817630811216167 	 0.3975769222788652
3	8	0	0	0.2 	 0.007662956303975523 	 0.3198589968624689 	 3 	 0.0013498872319466953 	 1.0
3	9	0	0	0.0 	 0.014124286963838712 	 0.2945733664714004 	 3 	 0.0009336072060058428 	 1.0
3	10	0	0	0.2 	 0.008907206375172434 	 0.015854164580635353 	 3 	 6.128593143420077e-05 	 0.5555593895516852
5	1	0	0	0.0 	 0.027923183310024236 	 0.2575319118159974 	 5 	 0.0006421383644264003 	 1.0
5	2	0	0	0.1111111111111111 	 0.003767823901126852 	 0.3279088938121691 	 5 	 0.0013097048922699507 	 0.7056337019513028
5	3	0	0	0.6666666666666666 	 0.011731035670114711 	 0.2039498482402075 	 5 	 0.0010706629278117213 	 0.2790305274010457
5	4	0	0	0.42857142857142855 	 0.027452656470535453 	 0.4500497577283544 	 5 	 0.0018702041953079667 	 0.573083115240111
5	5	0	0	0.0 	 0.02600941575396891 	 0.27825520698127165 	 5 	 0.0007566059903874308 	 1.0
5	6	0	0	0.25 	 0.021457059052170945 	 0.26200346629687243 	 5 	 0.0025193556659662197 	 1.0
5	7	0	0	0.25 	 0.04554102621889757 	 0.49562529937352584 	 5 	 0.0010515468363539364 	 0.5272489519093341
5	8	0	0	0.25 	 0.01573476928663104 	 0.411560817826326 	 5 	 0.0023408546441859844 	 0.9873942167507996
5	9	0	0	0.0 	 0.0308713015406542 	 0.22332901281167467 	 5 	 0.0009813242786893173 	 1.0
5	10	0	0	0.25 	 0.03247288880860407 	 0.2553616988765431 	 5 	 0.0018314679616489014 	 0.4743912440609156
7	1	0	0	0.0 	 0.034263837917730064 	 0.2927975584220975 	 7 	 0.0011782284896584656 	 1.0
7	2	0	0	0.07692307692307693 	 0.04214819423633743 	 0.5501866583038993 	 7 	 0.001730981045366359 	 1.0
7	3	0	0	0.4 	 0.017497521417593802 	 0.22078919902438973 	 7 	 0.0011490814844672295 	 0.39043629635854665
7	4	0	0	0.2727272727272727 	 0.04987573750754821 	 0.4581179076919489 	 7 	 0.002135847332337453 	 0.6730545954794681
7	5	0	0	0.0 	 0.03875759182256623 	 0.47749173118157795 	 7 	 0.0020894578779475006 	 1.0
7	6	0	0	0.2727272727272727 	 0.04508017827271057 	 0.6552917492987856 	 7 	 0.002574727845857258 	 0.9921077460130533
7	7	0	0	0.16666666666666666 	 0.052170231517513814 	 0.48775994666963585 	 7 	 0.0013995168204131965 	 0.8145708976707102
7	8	0	0	0.16666666666666666 	 0.03273775013683211 	 0.3071592950373535 	 7 	 0.0013181107038211007 	 1.0
7	9	0	0	0.0 	 0.04732196153848615 	 0.4604044912430983 	 7 	 0.0013899880393407036 	 1.0
7	10	0	0	0.07692307692307693 	 0.04770055394402688 	 0.3214339814294855 	 7 	 0.0016842554602543747 	 0.9317593581542228
10	1	0	0	0.17647058823529413 	 0.058831892904642226 	 0.39945770014193394 	 10 	 0.001562211067381927 	 0.8368261536539605
10	2	0	0	0.05263157894736842 	 0.06747429450921738 	 0.4000456702679759 	 10 	 0.0012953182266168403 	 0.9321203627955589
10	3	0	0	0.17647058823529413 	 0.046639232407544216 	 0.24419827056543164 	 10 	 0.0006047387291251108 	 0.676953298653595
10	4	0	0	0.17647058823529413 	 0.07290979376792668 	 0.5527597447067374 	 10 	 0.002469571006822114 	 0.8328632312484481
10	5	0	0	0.1111111111111111 	 0.048979794371655255 	 0.349771247424618 	 10 	 0.0013680695033712134 	 0.8980908079146807
10	6	0	0	0.25 	 0.07011376352980682 	 0.44055480147012505 	 10 	 0.001495976073662847 	 0.5650593933406587
10	7	0	0	0.25 	 0.06277978280458278 	 0.4673179119234354 	 10 	 0.001800098896667282 	 0.6628081057165215
10	8	0	0	0.1111111111111111 	 0.05290991037175479 	 0.39856238018616547 	 10 	 0.0017594874269401116 	 0.8534962983240391
10	9	0	0	0.0 	 0.05997153144805433 	 0.35574021444419557 	 10 	 0.0006831308665376506 	 1.0
10	10	0	0	0.17647058823529413 	 0.07825120604527376 	 0.3535358304804786 	 10 	 0.0019332685822312208 	 0.47361043881189313
2	1	1	100	0.0 	 0.013100850314656716 	 0.31451167101841687 	 2 	 0.0009504506776713825 	 1.0
2	1	1	1000	0.0 	 0.013031728391471811 	 0.3144228305547505 	 2 	 0.0009504506776713825 	 1.0
2	1	1	10000	0.0 	 0.012996745031958488 	 0.31441394751655083 	 2 	 0.0009504506776713825 	 1.0
2	2	1	100	1.0 	 0.00012455207351234343 	 0.008407503154912354 	 2 	 0.00030181355541548195 	 0.16930275148839471
2	2	1	1000	1.0 	 0.00014013541740449283 	 0.008481832185935007 	 2 	 0.000293207694236068 	 0.16725025359710446
2	2	1	10000	1.0 	 0.00014201908806717693 	 0.00850111208826107 	 2 	 0.0002934954620000574 	 0.16731888620881594
2	3	1	100	1.0 	 0.00019745187871917996 	 0.19373736096035676 	 2 	 0.000961224783639071 	 0.2292521108979205
2	3	1	1000	1.0 	 1.9542351273072967e-05 	 0.18102241837717953 	 2 	 0.0009009406288906729 	 0.21487433999042743
2	3	1	10000	1.0 	 1.9522409989806274e-06 	 0.17974116262463133 	 2 	 0.0008949122134158374 	 0.21343656289967913
2	4	1	100	0.3333333333333333 	 0.003181223118637354 	 0.31135598444164925 	 2 	 0.0008850062785280533 	 0.21107399742894262
2	4	1	1000	0.3333333333333333 	 0.004080691060218561 	 0.32083058825160604 	 2 	 0.0008850062785280533 	 0.21107399742894262
2	4	1	10000	0.3333333333333333 	 0.0041405029993331 	 0.321789165295545 	 2 	 0.0008850062785280533 	 0.21107399742894262
2	5	1	100	0.0 	 0.007538409209987703 	 0.38670171720097873 	 2 	 0.0007186171493951245 	 1.0
2	5	1	1000	0.0 	 0.007538409209987703 	 0.38152121840662623 	 2 	 0.0006963261569031757 	 1.0
2	5	1	10000	0.0 	 0.007538409209987703 	 0.38100465383166193 	 2 	 0.0006940970576539806 	 1.0
2	6	1	100	0.0 	 0.0025763705394663745 	 0.43313468902442903 	 2 	 0.002010226406012115 	 1.0
2	6	1	1000	0.0 	 0.0024782255171659612 	 0.43313468902442903 	 2 	 0.002010226406012115 	 1.0
2	6	1	10000	0.0 	 0.002553625845958123 	 0.43313468902442903 	 2 	 0.002010226406012115 	 1.0
2	7	1	100	0.3333333333333333 	 0.006232549892206548 	 0.11132140402593306 	 2 	 0.00016878091272379926 	 0.48722823319812425
2	7	1	1000	0.3333333333333333 	 0.006232549892206548 	 0.10816110773740327 	 2 	 0.0001496724124023004 	 0.4872282331981243
2	7	1	10000	0.3333333333333333 	 0.006232549892206548 	 0.10784584520014572 	 2 	 0.00014776156237015126 	 0.48722823319812425
2	8	1	100	0.3333333333333333 	 0.0011452620070595313 	 0.030048222554522726 	 2 	 1.752767886959787e-05 	 0.6037208048446296
2	8	1	1000	0.3333333333333333 	 0.0011985721712971563 	 0.030963813149309155 	 2 	 1.8047119603036793e-05 	 0.6038446914595548
2	8	1	10000	0.3333333333333333 	 0.0012039050216189852 	 0.03105529135810098 	 2 	 1.8099063676380382e-05 	 0.6038570801210474
2	9	1	100	0.3333333333333333 	 0.0013461569093310701 	 0.3794128794409498 	 2 	 0.0018795462953172417 	 0.44827179143316626
2	9	1	1000	0.3333333333333333 	 0.001311780751077974 	 0.37845795665862486 	 2 	 0.0018795462953172417 	 0.44827179143316626
2	9	1	10000	0.3333333333333333 	 0.0012927940142525667 	 0.37836009290152817 	 2 	 0.0018795462953172417 	 0.44827179143316626
2	10	1	100	0.0 	 0.002072009585436066 	 0.24571579033423288 	 2 	 0.0008046220184476814 	 1.0
2	10	1	1000	0.0 	 0.002072009585436066 	 0.24698941405734487 	 2 	 0.0008094055485848761 	 1.0
2	10	1	10000	0.0 	 0.002072009585436066 	 0.24711683532791057 	 2 	 0.0008098839015985962 	 1.0
3	1	1	100	0.2 	 0.0135127682244318 	 0.11788643544003431 	 3 	 0.0005007831014168263 	 0.5942550182528107
3	1	1	1000	0.2 	 0.013353861011984153 	 0.11794099184363352 	 3 	 0.000500783101416826 	 0.5942550182528107
3	1	1	10000	0.2 	 0.013501810131549491 	 0.11795041981324902 	 3 	 0.0005007831014168262 	 0.5942550182528107
3	2	1	100	0.5 	 0.01819302564847309 	 0.21115195878411214 	 3 	 0.0007597398880118225 	 0.40655281358647555
3	2	1	1000	0.5 	 0.018226981329176183 	 0.2114771997209452 	 3 	 0.0007549222908630821 	 0.4054086340868005
3	2	1	10000	0.5 	 0.018230381782626825 	 0.21150992128164794 	 3 	 0.0007544418760989489 	 0.4052945355636525
3	3	1	100	0.2 	 0.004235893127922083 	 0.04121803720349207 	 3 	 6.888716272431175e-05 	 0.597315435829777
3	3	1	1000	0.2 	 0.003877093721849013 	 0.040500622192982894 	 3 	 6.3089281426002e-05 	 0.6001722239213785
3	3	1	10000	0.2 	 0.003849093447985509 	 0.040774598444349115 	 3 	 6.32676934431882e-05 	 0.6006379752654547
3	4	1	100	0.2 	 0.036761174450546344 	 0.20678333288640255 	 3 	 0.0008588842309794349 	 1.0
3	4	1	1000	0.2 	 0.03676412808283578 	 0.20678333288640255 	 3 	 0.0008588842309794349 	 1.0
3	4	1	10000	0.2 	 0.03676245472360236 	 0.20678333288640255 	 3 	 0.0008588842309794349 	 1.0
3	5	1	100	0.2 	 0.019027148409762287 	 0.1750543100193387 	 3 	 0.0015525443408958867 	 0.4974871183861983
3	5	1	1000	0.2 	 0.01902741145803227 	 0.1750543100193387 	 3 	 0.0015529715823481153 	 0.4975885882311025
3	5	1	10000	0.2 	 0.019019505242444303 	 0.1750543100193387 	 3 	 0.0015532156919504585 	 0.49764656426165904
3	6	1	100	0.5 	 0.005183696111167942 	 0.2883197089025124 	 3 	 0.0014594813043265604 	 0.34662680977756066
3	6	1	1000	0.5 	 0.005155845248746363 	 0.2878483164489943 	 3 	 0.001460107851714164 	 0.3467756147821166
3	6	1	10000	0.5 	 0.005154357061777407 	 0.2878011330035675 	 3 	 0.001460170506452925 	 0.3467904952825722
3	7	1	100	0.2 	 0.015274405090262568 	 0.351133424359487 	 3 	 0.0012728766643817532 	 1.0
3	7	1	1000	0.2 	 0.01502465801872447 	 0.35081755085018945 	 3 	 0.0012728766643817534 	 1.0
3	7	1	10000	0.2 	 0.015400230125409305 	 0.35078594658375783 	 3 	 0.0012728766643817534 	 1.0
3	8	1	100	0.2 	 0.008826399915132859 	 0.05846025871688602 	 3 	 0.00045450402199723395 	 0.5271633689357283
3	8	1	1000	0.5 	 0.008312499247007273 	 0.16897434365507638 	 3 	 0.0007770772934485934 	 0.3951792958182764
3	8	1	10000	0.5 	 0.008312499247007273 	 0.16868908897968757 	 3 	 0.0007782152984787842 	 0.39506909551084657
3	9	1	100	0.2 	 0.006173299761342397 	 0.3660937149188247 	 3 	 0.0016375228741619219 	 0.6209881672027467
3	9	1	1000	0.2 	 0.006261169629904264 	 0.36259043879041003 	 3 	 0.0016084560099466406 	 0.6209881672027466
3	9	1	10000	0.2 	 0.006233214565032234 	 0.362242773622074 	 3 	 0.0016055493235251105 	 0.6209881672027467
3	10	1	100	0.2 	 0.002229678244313698 	 0.34656183472380947 	 3 	 0.0012853165072123991 	 0.9042193261070045
3	10	1	1000	0.2 	 0.0021663237947320943 	 0.35175585710701396 	 3 	 0.0013009637818089453 	 0.9067179687741158
3	10	1	10000	0.2 	 0.002159935567862988 	 0.3522771497543057 	 3 	 0.0013025285092685994 	 0.906967833040827
5	1	1	100	0.1111111111111111 	 0.02477559918179911 	 0.19597003049670636 	 5 	 0.0009413337660857427 	 0.7315572814791825
5	1	1	1000	0.1111111111111111 	 0.024785758529959463 	 0.19457845279453334 	 5 	 0.0009355391165636832 	 0.7315572814791824
5	1	1	10000	0.1111111111111111 	 0.02473813810007548 	 0.19443933650267695 	 5 	 0.0009349596516097329 	 0.7315572814791824
5	2	1	100	0.1111111111111111 	 0.022284334222812823 	 0.1997524343309396 	 5 	 0.001968755652786391 	 0.7057217371028446
5	2	1	1000	0.1111111111111111 	 0.022307301503626868 	 0.200121818894179 	 5 	 0.001968755652786391 	 0.7057217371028446
5	2	1	10000	0.1111111111111111 	 0.022292288607535786 	 0.20015881346663492 	 5 	 0.001968755652786391 	 0.7057217371028446
5	3	1	100	0.25 	 0.023717884035714766 	 0.4983952393120239 	 5 	 0.0021321949506015554 	 0.743342491777452
5	3	1	1000	0.25 	 0.024065261966016875 	 0.5125356422856977 	 5 	 0.0022082853001519384 	 0.7433391891395572
5	3	1	10000	0.25 	 0.024169339236574987 	 0.5133347860630995 	 5 	 0.0022126001375966653 	 0.7433393402532054
5	4	1	100	0.1111111111111111 	 0.055054162460738514 	 0.25712196787212777 	 5 	 0.000821045325664495 	 1.0000099373321705
5	4	1	1000	0.0 	 0.05572613561844543 	 0.26318114969348977 	 5 	 0.0008209543587510686 	 1.0
5	4	1	10000	0.0 	 0.055729387509719015 	 0.26318805005649154 	 5 	 0.0008209543587510686 	 1.0
5	5	1	100	0.25 	 0.020808335542579746 	 0.3302438977196636 	 5 	 0.0010804090734410341 	 0.5891432031012614
5	5	1	1000	0.25 	 0.021296050111601447 	 0.3328443174111857 	 5 	 0.001091672937512648 	 0.5917958430901266
5	5	1	10000	0.1111111111111111 	 0.02120370719485417 	 0.33561420003459774 	 5 	 0.0010927785157320014 	 0.7563810631897571
5	6	1	100	0.1111111111111111 	 0.009056768655773088 	 0.13826068634162353 	 5 	 0.0009098005700428041 	 0.6881503116656629
5	6	1	1000	0.1111111111111111 	 0.008970218692491457 	 0.13691098431076082 	 5 	 0.0009098009530501679 	 0.6881498786242783
5	6	1	10000	0.1111111111111111 	 0.008973228549548972 	 0.13677602744953238 	 5 	 0.000909800953050168 	 0.6881498786242783
5	7	1	100	0.25 	 0.01978804656887498 	 0.2829419281646704 	 5 	 0.0009676694516814654 	 0.6241664800512514
5	7	1	1000	0.25 	 0.02000843365306161 	 0.2799142134085245 	 5 	 0.0009554202576615403 	 0.6204317941555575
5	7	1	10000	0.25 	 0.018991192264216642 	 0.279610634424508 	 5 	 0.0009541953382595492 	 0.6200583255659879
5	8	1	100	0.1111111111111111 	 0.025351683396611396 	 0.1992132188609523 	 5 	 0.0016294435629506754 	 0.5960088019281773
5	8	1	1000	0.25 	 0.023950466345585612 	 0.27363874229413426 	 5 	 0.0013009577359581884 	 0.5960090333175376
5	8	1	10000	0.25 	 0.02328434594889056 	 0.21918093783662237 	 5 	 0.0013979564713020192 	 0.49421965024218534
5	9	1	100	0.1111111111111111 	 0.021505136219545348 	 0.29074847863765396 	 5 	 0.001362359672609668 	 0.789687421578619
5	9	1	1000	0.1111111111111111 	 0.021883776391149905 	 0.2957915014510449 	 5 	 0.0013730901690347402 	 0.789687421578619
5	9	1	10000	0.1111111111111111 	 0.021917583079232944 	 0.2962829759199146 	 5 	 0.0013741632186772502 	 0.7896874215786192
5	10	1	100	0.42857142857142855 	 0.01192991930602427 	 0.2867712480133363 	 5 	 0.0008404788328339027 	 0.7796110851276018
5	10	1	1000	0.25 	 0.03318466918422798 	 0.5463246991565922 	 5 	 0.0014679675884292883 	 0.9999999961232744
5	10	1	10000	0.25 	 0.03269641305029999 	 0.5464101592107167 	 5 	 0.0014692279196047505 	 1.0000000017159747
7	1	1	100	0.16666666666666666 	 0.03360251765529473 	 0.2699040568567927 	 7 	 0.0014467705968302157 	 0.8299173279086969
7	1	1	1000	0.16666666666666666 	 0.03352974086003241 	 0.26960030020167874 	 7 	 0.0014444402097642803 	 0.8299173279086969
7	1	1	10000	0.16666666666666666 	 0.03380111399853956 	 0.26956992651945066 	 7 	 0.0014442071705976852 	 0.8299173279086969
7	2	1	100	0.07692307692307693 	 0.04375484150032235 	 0.2643965227608814 	 7 	 0.002271053101993817 	 1.0
7	2	1	1000	0.07692307692307693 	 0.03636690513044501 	 0.33579447554859326 	 7 	 0.001716245605971327 	 0.874770554473235
7	2	1	10000	0.07692307692307693 	 0.036366635451966806 	 0.3357895285834008 	 7 	 0.001716906316989716 	 0.8743312729451512
7	3	1	100	0.16666666666666666 	 0.03453550070043734 	 0.43194043079901284 	 7 	 0.0021010063770999484 	 0.7538456395793836
7	3	1	1000	0.16666666666666666 	 0.03065302230374378 	 0.4281866678382036 	 7 	 0.002034942132560938 	 0.7538456395793834
7	3	1	10000	0.16666666666666666 	 0.030643419001046134 	 0.42775526900920097 	 7 	 0.002019553598896252 	 0.7538456395793834
7	4	1	100	0.07692307692307693 	 0.07433004297418508 	 0.3005240458123074 	 7 	 0.0016785187744560635 	 0.6640827190035762
7	4	1	1000	0.2727272727272727 	 0.07121883294624806 	 0.30345584530666464 	 7 	 0.0016785187744560637 	 0.6640827190035762
7	4	1	10000	0.07692307692307693 	 0.07407079822129256 	 0.3017563202534174 	 7 	 0.0016785187744560635 	 0.6640827190035761
7	5	1	100	0.07692307692307693 	 0.02197852341459706 	 0.27118405924619865 	 7 	 0.0008916445765045739 	 0.8491963270996628
7	5	1	1000	0.07692307692307693 	 0.021311851741623776 	 0.27228333635734825 	 7 	 0.0009064552884073432 	 0.8427865714340292
7	5	1	10000	0.16666666666666666 	 0.02114203851821816 	 0.26018710383705196 	 7 	 0.0009056276864490804 	 0.5970615399767659
7	6	1	100	0.16666666666666666 	 0.03967381252628559 	 0.5110274755525444 	 7 	 0.0013057577043146605 	 0.8205470733420919
7	6	1	1000	0.16666666666666666 	 0.03979457105121857 	 0.49891119066488404 	 7 	 0.0012400716077785078 	 0.8120749211540248
7	6	1	10000	0.16666666666666666 	 0.03965315835666317 	 0.4976989189147371 	 7 	 0.0012335030169939184 	 0.8112277056048598
7	7	1	100	0.16666666666666666 	 0.038266235364187405 	 0.29335645614841327 	 7 	 0.001011093480039305 	 0.6435531302590172
7	7	1	1000	0.16666666666666666 	 0.03125708084668628 	 0.30353093578304763 	 7 	 0.0005077590906830427 	 0.7352758920446246
7	7	1	10000	0.16666666666666666 	 0.03125708084668628 	 0.30273283907137083 	 7 	 0.0005081070066501406 	 0.7324876723737331
7	8	1	100	0.16666666666666666 	 0.04646011694221499 	 0.3157395509843445 	 7 	 0.0015114077986921565 	 0.7387965284694276
7	8	1	1000	0.07692307692307693 	 0.04601182588938446 	 0.3506106749305605 	 7 	 0.001653382898070419 	 0.7387965284694276
7	8	1	10000	0.16666666666666666 	 0.04451986150775796 	 0.35117347098838575 	 7 	 0.0016565834924608422 	 0.7387965284694278
7	9	1	100	0.0 	 0.05179983315192396 	 0.3786443174739346 	 7 	 0.0012963724554611886 	 1.0
7	9	1	1000	0.0 	 0.0528497616282508 	 0.3792330222026207 	 7 	 0.0012877174935249924 	 1.0
7	9	1	10000	0.0 	 0.046033245472639484 	 0.3712335948198821 	 7 	 0.001378990592797943 	 1.0
7	10	1	100	0.2727272727272727 	 0.04037922954525704 	 0.4093272049625445 	 7 	 0.001263912888187017 	 0.84581246642014
7	10	1	1000	0.2727272727272727 	 0.036519974266523994 	 0.4073714731740065 	 7 	 0.001263743867628332 	 0.8457832147013709
7	10	1	10000	0.2727272727272727 	 0.036420175931519395 	 0.40717902126321265 	 7 	 0.0012637769663600632 	 0.8457887999018953
10	1	1	100	0.1111111111111111 	 0.04332973003703405 	 0.27265508048974807 	 10 	 0.00202987291019439 	 0.8809803942497111
10	1	1	1000	0.1111111111111111 	 0.043342474278950674 	 0.27223057962722896 	 10 	 0.0020298717260654824 	 0.8809802906713958
10	1	1	10000	0.1111111111111111 	 0.04338253395309984 	 0.2722520489558635 	 10 	 0.0020298717156509104 	 0.8809802911119844
10	2	1	100	0.05263157894736842 	 0.06835817883548294 	 0.3152505301929423 	 10 	 0.00141179101417789 	 0.8382869791988573
10	2	1	1000	0.05263157894736842 	 0.0669498425994774 	 0.3073920768388563 	 10 	 0.0021344238797171644 	 0.8009721666931127
10	2	1	10000	0.05263157894736842 	 0.06695164355623794 	 0.30729717638793064 	 10 	 0.0021336381131641527 	 0.8009721741875564
10	3	1	100	0.17647058823529413 	 0.0545520379735119 	 0.40718466092703276 	 10 	 0.002139868308156176 	 0.8382628149578721
10	3	1	1000	0.17647058823529413 	 0.05545069612238014 	 0.4203764876067863 	 10 	 0.0022253421220697353 	 0.849921247917637
10	3	1	10000	0.17647058823529413 	 0.05559539133970043 	 0.42196116996772387 	 10 	 0.0022350378171632533 	 0.8505071841640379
10	4	1	100	0.17647058823529413 	 0.09659445909832978 	 0.37501974017655604 	 10 	 0.0030784268054379277 	 0.8494479985643736
10	4	1	1000	0.1111111111111111 	 0.09671116625794787 	 0.3527373746033654 	 10 	 0.002510716651940397 	 0.8494204373473425
10	4	1	10000	0.17647058823529413 	 0.09610612170987841 	 0.353445489785695 	 10 	 0.002528653308681319 	 0.8494204373473425
10	5	1	100	0.17647058823529413 	 0.040398930164454325 	 0.5034577910677971 	 10 	 0.0021879368194046116 	 0.8359259498362344
10	5	1	1000	0.17647058823529413 	 0.03831111981495502 	 0.5039959460500597 	 10 	 0.0021918985436982195 	 0.8396103407165879
10	5	1	10000	0.1111111111111111 	 0.04033515617332204 	 0.5083658602485164 	 10 	 0.002189480584999742 	 0.9264273933329613
10	6	1	100	0.1111111111111111 	 0.06781318618836904 	 0.48387864641521794 	 10 	 0.0017695739525365852 	 0.8698970836622558
10	6	1	1000	0.1111111111111111 	 0.06628343975609717 	 0.4722430440449777 	 10 	 0.0017772618023039108 	 0.8543500260833652
10	6	1	10000	0.1111111111111111 	 0.06675975030249721 	 0.47228877215276704 	 10 	 0.0017802152230341184 	 0.8543500260833652
10	7	1	100	0.17647058823529413 	 0.06346693069934532 	 0.5158914808978067 	 10 	 0.001840481456838705 	 0.8530675580539224
10	7	1	1000	0.17647058823529413 	 0.06356387379641268 	 0.5136613056137556 	 10 	 0.0018432081417282386 	 0.8489486560078007
10	7	1	10000	0.17647058823529413 	 0.06325019186602268 	 0.5134609321205686 	 10 	 0.001843494703325661 	 0.8485347448746848
10	8	1	100	0.17647058823529413 	 0.0372007300471083 	 0.3436315237058411 	 10 	 0.0011083495587694272 	 0.7520159600393819
10	8	1	1000	0.25 	 0.039545431606271705 	 0.3549011822191553 	 10 	 0.001121593589394447 	 0.6020704408505462
10	8	1	10000	0.25 	 0.03767093733211928 	 0.32622834419896185 	 10 	 0.0008980178336518163 	 0.6307780661816778
10	9	1	100	0.1111111111111111 	 0.09528478840935586 	 0.6524892144441887 	 10 	 0.002215823483525917 	 0.8107575820314237
10	9	1	1000	0.05263157894736842 	 0.09698549206486998 	 0.6549691691142149 	 10 	 0.0022253345490082055 	 0.8166739799521718
10	9	1	10000	0.05263157894736842 	 0.09598866215662273 	 0.6552593839808579 	 10 	 0.002226489077579996 	 0.8173202060772271
10	10	1	100	0.17647058823529413 	 0.0647470552482363 	 0.47445184352819814 	 10 	 0.0009513068601511003 	 0.8567393545788924
10	10	1	1000	0.17647058823529413 	 0.0619494756897131 	 0.49471960089443073 	 10 	 0.0009563534877133592 	 0.8739612530546618
10	10	1	10000	0.17647058823529413 	 0.061957636127706696 	 0.49513841288409893 	 10 	 0.0009536034150764367 	 0.8739612611947256
2	1	2	100	0.3333333333333333 	 0.001749111552321518 	 0.1424816736480645 	 2 	 0.0004840433385908846 	 0.633337768760153
2	1	2	1000	0.3333333333333333 	 0.001749111552321518 	 0.1476712266890671 	 2 	 0.0005106172880548524 	 0.633337768760153
2	1	2	10000	0.3333333333333333 	 0.001749111552321518 	 0.14819018141319582 	 2 	 0.0005132746830012493 	 0.633337768760153
2	2	2	100	1.0 	 0.0002514677139556821 	 0.01131632526362992 	 2 	 0.0011900730835209268 	 0.2838324304197436
2	2	2	1000	0.3333333333333333 	 0.000324135589142933 	 0.017922557043641037 	 2 	 0.0018601700507218212 	 0.9438730338985074
2	2	2	10000	1.0 	 0.000270141443960819 	 0.011646290768094553 	 2 	 0.0011824663895508272 	 0.28201823390787484
2	3	2	100	1.0 	 0.00010427331143504183 	 0.005114623791800943 	 2 	 1.3453611538949435e-05 	 0.0032086863520394693
2	3	2	1000	1.0 	 0.0016758611569299296 	 0.31746180604350804 	 2 	 0.0008188100504405739 	 0.3202716645485034
2	3	2	10000	1.0 	 0.0016793783703572026 	 0.3184089013707657 	 2 	 0.0008233947373615884 	 0.3213651123791653
2	4	2	100	1.0 	 0.00018172948632949216 	 0.004677758822302308 	 2 	 7.662399554726353e-06 	 0.0018274822938022517
2	4	2	1000	1.0 	 1.8204443313121788e-05 	 0.00046767685748810134 	 2 	 7.66239955472263e-07 	 0.00018274822938013635
2	4	2	10000	1.0 	 1.8207609363305878e-06 	 4.676673834107865e-05 	 2 	 7.662399554731939e-08 	 1.827482293803584e-05
2	5	2	100	0.0 	 0.007538409209987703 	 0.1921352541792287 	 2 	 0.00044240148196148226 	 1.0
2	5	2	1000	0.0 	 0.007538409209987703 	 0.18446940956635707 	 2 	 0.00039165561845982483 	 1.0
2	5	2	10000	0.0 	 0.007538409209987703 	 0.18369923909805008 	 2 	 0.00038658103210965726 	 1.0
2	6	2	100	0.0 	 0.0019157060146051477 	 0.15461089750854118 	 2 	 0.0008835571568684901 	 1.0
2	6	2	1000	0.0 	 0.0019157060146051477 	 0.15753318593022095 	 2 	 0.0009034652699745087 	 1.0
2	6	2	10000	0.0 	 0.0019157060146051477 	 0.15782532683585343 	 2 	 0.0009054560812851119 	 1.0
2	7	2	100	0.0 	 0.021747826422220177 	 0.15962180154571703 	 2 	 0.0003736752851118024 	 1.0
2	7	2	1000	0.0 	 0.021593436034233405 	 0.15877900013711732 	 2 	 0.0003736752851118024 	 1.0
2	7	2	10000	0.0 	 0.02172638704893781 	 0.15869479960655955 	 2 	 0.0003736752851118024 	 1.0
2	8	2	100	1.0 	 0.0010228543693221609 	 0.3733448630690203 	 2 	 0.0015185269209581375 	 0.4138042872118513
2	8	2	1000	1.0 	 0.0010320056301179779 	 0.372053401907691 	 2 	 0.0015119138298887356 	 0.412227064991799
2	8	2	10000	1.0 	 0.0010330144062988514 	 0.37192639172054065 	 2 	 0.0015112525207817955 	 0.4120693427697938
2	9	2	100	0.3333333333333333 	 0.01045928788117691 	 0.025073345954140305 	 2 	 0.0013197879978137537 	 0.3350216176274101
2	9	2	1000	0.3333333333333333 	 0.010458289601420123 	 0.02634122751591823 	 2 	 0.0013139379889328061 	 0.3336263905093041
2	9	2	10000	0.3333333333333333 	 0.010458189306575327 	 0.026466730896080155 	 2 	 0.001312507950344619 	 0.3332853263060215
2	10	2	100	0.0 	 0.00883606697053964 	 0.036963265014358745 	 2 	 0.00010985138314438235 	 1.0
2	10	2	1000	0.0 	 0.008835310429314017 	 0.036369814991331885 	 2 	 0.00010985138314438235 	 1.0
2	10	2	10000	0.0 	 0.00883918215316016 	 0.03631050933414159 	 2 	 0.00010985138314438235 	 1.0
3	1	2	100	0.5 	 0.010574957494143944 	 0.39169597713559023 	 3 	 0.0007180913427505053 	 0.45440115111852875
3	1	2	1000	0.5 	 0.010573912205671238 	 0.3910592184861384 	 3 	 0.0007180913427505052 	 0.45372003113503867
3	1	2	10000	0.5 	 0.010564879296956627 	 0.3909837996003911 	 3 	 0.000718091342750505 	 0.45363935358858154
3	2	2	100	0.2 	 0.006690898069513434 	 0.47001897974437756 	 3 	 0.0019226597461828262 	 0.45663168971842455
3	2	2	1000	0.2 	 0.006978048024967562 	 0.4695955872755896 	 3 	 0.0019226597461828262 	 0.45663168971842455
3	2	2	10000	0.2 	 0.0071745195302265734 	 0.46955309044594834 	 3 	 0.0019226597461828262 	 0.45663168971842455
3	3	2	100	1.0 	 0.0003057990528312893 	 0.006734054567704169 	 3 	 1.417078314598838e-05 	 0.003365560997172265
3	3	2	1000	1.0 	 3.0468868989103525e-05 	 0.0006751380726324406 	 3 	 1.4170783146571945e-06 	 0.00033655609973108624
3	3	2	10000	1.0 	 3.045819036415277e-06 	 6.75312851182741e-05 	 3 	 1.4170783152397112e-07 	 3.36556099869434e-05
3	4	2	100	0.2 	 0.005838038073466876 	 0.2002134600112169 	 3 	 0.0009924180878769005 	 0.6111577554348349
3	4	2	1000	0.2 	 0.005880224897284314 	 0.19913612949354248 	 3 	 0.0009804819348999904 	 0.6111577554348349
3	4	2	10000	0.2 	 0.00588446465640721 	 0.19907286190742626 	 3 	 0.0009792883192069 	 0.6111577554348349
3	5	2	100	0.0 	 0.020996299677715522 	 0.3611462514493354 	 3 	 0.0013581271732728772 	 1.0
3	5	2	1000	0.0 	 0.020855437182184876 	 0.361997082243655 	 3 	 0.0013816435331333032 	 1.0
3	5	2	10000	0.0 	 0.020843737348385162 	 0.3621190036862328 	 3 	 0.0013839951691193458 	 1.0
3	6	2	100	0.5 	 0.007999409732399213 	 0.2342287686194239 	 3 	 0.002373143990302331 	 1.0
3	6	2	1000	0.5 	 0.007985871746436505 	 0.2342287686194239 	 3 	 0.002373143990302331 	 1.0
3	6	2	10000	0.2 	 0.008387276002213022 	 0.2342287686194239 	 3 	 0.002373143990302331 	 1.0
3	7	2	100	0.2 	 0.021537766934024753 	 0.09590050679311762 	 3 	 0.0002481763081121618 	 0.39757692227886526
3	7	2	1000	0.2 	 0.02162682047359194 	 0.09603374913897948 	 3 	 0.0002481763081121618 	 0.39757692227886526
3	7	2	10000	0.2 	 0.02155901184907274 	 0.0960469775274617 	 3 	 0.0002481763081121618 	 0.39757692227886526
3	8	2	100	0.2 	 0.007967603715258672 	 0.3195017422096367 	 3 	 0.0013498872319466955 	 1.0
3	8	2	1000	0.2 	 0.008114675140257389 	 0.31982328832326345 	 3 	 0.0013498872319466955 	 1.0
3	8	2	10000	0.2 	 0.007713490022759557 	 0.31985542617771845 	 3 	 0.0013498872319466955 	 1.0
3	9	2	100	0.0 	 0.014123667750350715 	 0.30284995437952045 	 3 	 0.0009721356014013586 	 1.0
3	9	2	1000	0.0 	 0.014124285271318267 	 0.2954022996092857 	 3 	 0.0009374612127612077 	 1.0
3	9	2	10000	0.0 	 0.014124285766948488 	 0.29465228131615984 	 3 	 0.0009339740637343983 	 1.0
3	10	2	100	0.2 	 0.008952166128572346 	 0.0168194394361601 	 3 	 6.12859314342009e-05 	 0.5555593895516852
3	10	2	1000	0.2 	 0.008951163488745197 	 0.01595032523801797 	 3 	 6.128593143420077e-05 	 0.5555593895516852
3	10	2	10000	0.2 	 0.008937674659079 	 0.01586377699113997 	 3 	 6.128593143420078e-05 	 0.5555593895516852
5	1	2	100	0.0 	 0.027821054271386484 	 0.26052114470271553 	 5 	 0.0006570553790370443 	 1.0
5	1	2	1000	0.0 	 0.02751913895190188 	 0.2578308125884944 	 5 	 0.0006436300747514535 	 1.0
5	1	2	10000	0.0 	 0.027629177645930328 	 0.25756180109470034 	 5 	 0.0006422875384760704 	 1.0
5	2	2	100	0.1111111111111111 	 0.0037785662408836803 	 0.3202441919470736 	 5 	 0.0012794472859515567 	 0.7056337019513028
5	2	2	1000	0.1111111111111111 	 0.0038108744445095656 	 0.32714311114285594 	 5 	 0.0013066791260251999 	 0.7056337019513027
5	2	2	10000	0.1111111111111111 	 0.004322646941809817 	 0.3278323223175524 	 5 	 0.0013094023156902763 	 0.7056337019513028
5	3	2	100	0.6666666666666666 	 0.011687315781232561 	 0.2047337266375232 	 5 	 0.0010801001642820635 	 0.28279633324089826
5	3	2	1000	0.6666666666666666 	 0.011726702272776298 	 0.2040293354310616 	 5 	 0.0010716084769284194 	 0.27940705052126097
5	3	2	10000	0.6666666666666666 	 0.011730602712555408 	 0.20395780790192689 	 5 	 0.0010707575008563016 	 0.2790681791531968
5	4	2	100	0.42857142857142855 	 0.027342866284583003 	 0.4516166092558293 	 5 	 0.0018817916847270418 	 0.573083115240111
5	4	2	1000	0.25 	 0.029362838105950684 	 0.4518488453166068 	 5 	 0.0018869291404607987 	 0.573083115240111
5	4	2	10000	0.25 	 0.027538680668631948 	 0.45006675197151624 	 5 	 0.0018703216645839522 	 0.573083115240111
5	5	2	100	0.0 	 0.025923376736781842 	 0.27941165060121326 	 5 	 0.0007580271600757492 	 1.0
5	5	2	1000	0.0 	 0.025912133414505663 	 0.2783710965578282 	 5 	 0.0007567481073562619 	 1.0
5	5	2	10000	0.0 	 0.026044717180045966 	 0.27826679839679375 	 5 	 0.0007566202020843145 	 1.0
5	6	2	100	0.25 	 0.022552417183363323 	 0.26200346629687243 	 5 	 0.0025193556659662197 	 1.0
5	6	2	1000	0.25 	 0.022062582538468625 	 0.26200346629687243 	 5 	 0.0025193556659662197 	 1.0
5	6	2	10000	0.25 	 0.0213875213573753 	 0.26200346629687243 	 5 	 0.0025193556659662197 	 1.0
5	7	2	100	0.25 	 0.045388150633625376 	 0.4944211056906788 	 5 	 0.00103970406754884 	 0.522704050214291
5	7	2	1000	0.25 	 0.045359797375262606 	 0.49550483417111135 	 5 	 0.0010503625594257106 	 0.5267944617402391
5	7	2	10000	0.25 	 0.04576551591644544 	 0.4956132523948594 	 5 	 0.0010514284086610497 	 0.5272035028924243
5	8	2	100	0.25 	 0.015827092076980156 	 0.41315842670093433 	 5 	 0.0023563345015801757 	 0.9889356894211105
5	8	2	1000	0.25 	 0.01573933057131496 	 0.4116901391029518 	 5 	 0.0023423951099054434 	 0.9875538214520727
5	8	2	10000	0.25 	 0.01573812077055712 	 0.41157374999812285 	 5 	 0.002341008690757716 	 0.9874101772208643
5	9	2	100	0.0 	 0.03695598791523194 	 0.27334357394116854 	 5 	 0.0011141386602635576 	 1.0
5	9	2	1000	0.0 	 0.030880858212615107 	 0.22390203858647814 	 5 	 0.0009841196831966049 	 1.0
5	9	2	10000	0.0 	 0.030851442957071856 	 0.22338588139763654 	 5 	 0.0009816017214291123 	 1.0
5	10	2	100	0.25 	 0.02429203773831227 	 0.2540838789384344 	 5 	 0.0016161404572833616 	 0.47439124406278704
5	10	2	1000	0.25 	 0.032483319244513406 	 0.25561484819216534 	 5 	 0.0018314679616489014 	 0.4743912440609156
5	10	2	10000	0.25 	 0.03251867163058904 	 0.25538702456622675 	 5 	 0.0018314679616489014 	 0.4743912440609156
7	1	2	100	0.07692307692307693 	 0.03146798113288772 	 0.27585111523323586 	 7 	 0.0011691418314835889 	 0.8676446641097726
7	1	2	1000	0.0 	 0.034274179458823904 	 0.2933022088899597 	 7 	 0.0011793654673887142 	 1.0
7	1	2	10000	0.0 	 0.03425293004206194 	 0.2928474053859083 	 7 	 0.0011783394971591745 	 1.0
7	2	2	100	0.07692307692307693 	 0.04216118824239865 	 0.5518118529625097 	 7 	 0.0017332445712341118 	 1.0
7	2	2	1000	0.07692307692307693 	 0.042122993912682316 	 0.5503491129319686 	 7 	 0.001731207397953286 	 1.0
7	2	2	10000	0.07692307692307693 	 0.04210802760880044 	 0.5502029031186247 	 7 	 0.0017310036806251201 	 1.0
7	3	2	100	0.4 	 0.017933867860247133 	 0.22543512990552342 	 7 	 0.0011671772383266053 	 0.3954252029282808
7	3	2	1000	0.4 	 0.0175046156883939 	 0.22128088116083325 	 7 	 0.001150941849747137 	 0.39094281984040297
7	3	2	10000	0.4 	 0.017489095232377693 	 0.22085881939113847 	 7 	 0.0011495421296236637 	 0.3904883223484126
7	4	2	100	0.2727272727272727 	 0.055868981727623786 	 0.5508626242695016 	 7 	 0.002401751887729419 	 0.8100830055366878
7	4	2	1000	0.2727272727272727 	 0.05075878935577372 	 0.45830667966040045 	 7 	 0.0021369039117434653 	 0.673054595479468
7	4	2	10000	0.2727272727272727 	 0.049956081936869526 	 0.45804228772490857 	 7 	 0.0021361323000559382 	 0.6730545954794681
7	5	2	100	0.0 	 0.03860957970076064 	 0.4717684030720334 	 7 	 0.002054512942765584 	 1.0
7	5	2	1000	0.0 	 0.0389590842070098 	 0.4777357796511326 	 7 	 0.002093261274107752 	 1.0
7	5	2	10000	0.07692307692307693 	 0.037425260648269024 	 0.4712437297079249 	 7 	 0.0020909193823923948 	 0.9140762275066652
7	6	2	100	0.16666666666666666 	 0.04819850984583777 	 0.6561998946078806 	 7 	 0.0026251755569754913 	 0.9772744053892062
7	6	2	1000	0.16666666666666666 	 0.04844338481379408 	 0.6595114510916109 	 7 	 0.0026586978735498607 	 0.9652900546277526
7	6	2	10000	0.16666666666666666 	 0.04842112755996354 	 0.6598095666724128 	 7 	 0.0026613390823487983 	 0.9645935646277539
7	7	2	100	0.07692307692307693 	 0.05182970825498502 	 0.49070883665106346 	 7 	 0.0013996582478811434 	 0.9380144942444532
7	7	2	1000	0.16666666666666666 	 0.05215991833572917 	 0.4870454677371395 	 7 	 0.001394880618995786 	 0.8136801016906114
7	7	2	10000	0.16666666666666666 	 0.05216913890026711 	 0.4876884916119709 	 7 	 0.0013990532002714638 	 0.814481818072702
7	8	2	100	0.16666666666666666 	 0.032340790061139386 	 0.30753014993318023 	 7 	 0.001318110703821101 	 1.0
7	8	2	1000	0.16666666666666666 	 0.03466531421662807 	 0.3071412842271226 	 7 	 0.0013181107038211007 	 1.0
7	8	2	10000	0.2727272727272727 	 0.030151630934336333 	 0.30687230830859946 	 7 	 0.0013181107038211007 	 1.0
7	9	2	100	0.0 	 0.04665437595758167 	 0.45997923592310025 	 7 	 0.0013893964478744396 	 1.0
7	9	2	1000	0.0 	 0.04742169101207065 	 0.46036198540367956 	 7 	 0.0013899288798239662 	 1.0
7	9	2	10000	0.0 	 0.0466768546502415 	 0.46040024085681125 	 7 	 0.0013899821233890246 	 1.0
7	10	2	100	0.07692307692307693 	 0.04774302951915089 	 0.325236620499684 	 7 	 0.0016078701002268964 	 0.9102857700197945
7	10	2	1000	0.07692307692307693 	 0.0477187095728899 	 0.3218156999788091 	 7 	 0.0016766169193810352 	 0.9296119986091225
7	10	2	10000	0.07692307692307693 	 0.04771692336352857 	 0.32147216791565375 	 7 	 0.0016834916079183431 	 0.9315446224542652
10	1	2	100	0.17647058823529413 	 0.05880661375515706 	 0.39902880209947766 	 10 	 0.0015527956246030872 	 0.8368261536539605
10	1	2	1000	0.17647058823529413 	 0.05886950779401893 	 0.39941481289792274 	 10 	 0.00156126952373088 	 0.8368261536539605
10	1	2	10000	0.17647058823529413 	 0.05881484570643294 	 0.3994534114948343 	 10 	 0.0015621169128265731 	 0.8368261536539605
10	2	2	100	0.0 	 0.06923863463853393 	 0.5166148410247209 	 10 	 0.0020266611223939334 	 1.0
10	2	2	1000	0.05263157894736842 	 0.06527237589817697 	 0.5275001112909192 	 10 	 0.0017858513087024158 	 0.9445714355858411
10	2	2	10000	0.0 	 0.06929355153380558 	 0.5002638160164082 	 10 	 0.001934997013760572 	 1.0
10	3	2	100	0.17647058823529413 	 0.05686446542557332 	 0.2896531960405126 	 10 	 0.00033267265995833684 	 0.6325030568071711
10	3	2	1000	0.17647058823529413 	 0.056776583039760485 	 0.28689163896244446 	 10 	 0.0003165856704309529 	 0.6272594660011651
10	3	2	10000	0.17647058823529413 	 0.05676286555732196 	 0.28660124668649056 	 10 	 0.0003157047545428665 	 0.6267438939555257
10	4	2	100	0.17647058823529413 	 0.07226658546829352 	 0.5376943969653006 	 10 	 0.002403019348746575 	 0.8328632312484481
10	4	2	1000	0.05263157894736842 	 0.10429110949328368 	 0.7492509234772021 	 10 	 0.0036063576420441064 	 0.8328632312484481
10	4	2	10000	0.1111111111111111 	 0.09469535036526322 	 0.7477583030095228 	 10 	 0.0036063888857523194 	 0.8328714167661565
10	5	2	100	0.1111111111111111 	 0.049222372997481674 	 0.355668672539651 	 10 	 0.0013843367141847724 	 0.8980908079146807
10	5	2	1000	0.1111111111111111 	 0.04882804410545736 	 0.35067380766278605 	 10 	 0.0013579339463760517 	 0.8980908079146807
10	5	2	10000	0.1111111111111111 	 0.0489180135403934 	 0.3510062857610448 	 10 	 0.0013608443026398782 	 0.8980908079146807
10	6	2	100	0.25 	 0.07012611360697608 	 0.44216162150339955 	 10 	 0.0015228271378262418 	 0.5658016759987754
10	6	2	1000	0.25 	 0.07011977551134808 	 0.44072015448750357 	 10 	 0.0014986616723755533 	 0.5651349110261423
10	6	2	10000	0.25 	 0.07011428272017596 	 0.4405713331828401 	 10 	 0.00149624463305407 	 0.5650669495785098
10	7	2	100	0.17647058823529413 	 0.06257076709141952 	 0.45423716803524655 	 10 	 0.0017423255878739397 	 0.7524565508591186
10	7	2	1000	0.17647058823529413 	 0.06332957189677858 	 0.47302693714988675 	 10 	 0.0017910928889917732 	 0.7666488923188061
10	7	2	10000	0.17647058823529413 	 0.06239912067530649 	 0.4716429744328991 	 10 	 0.0017834696858909445 	 0.7655948409690843
10	8	2	100	0.1111111111111111 	 0.05205310744565966 	 0.3921086384374102 	 10 	 0.0015529470512565685 	 0.9843182670627771
10	8	2	1000	0.05263157894736842 	 0.05369968808735033 	 0.390819968674977 	 10 	 0.001609704090604255 	 0.9999973631740895
10	8	2	10000	0.05263157894736842 	 0.0589360870284575 	 0.542077112707289 	 10 	 0.0027398686283142217 	 1.0
10	9	2	100	0.0 	 0.0902945344471034 	 0.6472998709233582 	 10 	 0.0022795006939833836 	 1.0
10	9	2	1000	0.0 	 0.06002582874516599 	 0.35542028324928227 	 10 	 0.00068103214382461 	 1.0
10	9	2	10000	0.0 	 0.05997157870004527 	 0.355708865146148 	 10 	 0.0006830895826551313 	 1.0
10	10	2	100	0.17647058823529413 	 0.07544160177677178 	 0.3528911479509466 	 10 	 0.0019332685822312213 	 0.47361043881189313
10	10	2	1000	0.17647058823529413 	 0.07660131666887789 	 0.3534713897686405 	 10 	 0.001933268582231221 	 0.4736104388118932
10	10	2	10000	0.17647058823529413 	 0.07648021819166503 	 0.3535293870537621 	 10 	 0.0019332685822312208 	 0.4736104388118932
