2	1	0	0	1.0 	 1.5243408861673065e-17 	 1.4299751841304318e-16 	 2 	 8.123583107013348e-19 	 8.326672684688674e-17
2	2	0	0	1.0 	 1.0532248224434582e-13 	 3.533793109632247e-13 	 2 	 3.512007757781778e-14 	 3.59980795172632e-12
2	3	0	0	1.0 	 1.0579410662660539e-17 	 1.5794360593292978e-16 	 2 	 8.123583107013348e-19 	 8.326672684688673e-17
2	4	0	0	1.0 	 2.05202033969518e-17 	 3.7755868338515696e-16 	 2 	 2.9786471392382275e-18 	 3.05311331771918e-16
2	5	0	0	1.0 	 8.080646079292502e-18 	 1.3612472378359977e-16 	 2 	 5.415722071342232e-19 	 5.551115123125783e-17
2	6	0	0	1.0 	 1.888531174760882e-17 	 2.6664521391960867e-16 	 2 	 1.6247166214026696e-18 	 1.6653345369377353e-16
2	7	0	0	1.0 	 3.888942770525873e-18 	 8.493154757202153e-17 	 2 	 2.098592302645115e-18 	 2.1510571102112408e-16
2	8	0	0	1.0 	 8.718863289437954e-18 	 1.0547363904845983e-16 	 2 	 5.415722071342232e-19 	 5.551115123125784e-17
2	9	0	0	1.0 	 2.3061892428416536e-16 	 1.1111681792938917e-16 	 2 	 2.2001370914827817e-19 	 2.2551405187698492e-17
2	10	0	0	1.0 	 1.8432908325902098e-16 	 1.121315254874839e-16 	 2 	 8.969789680660571e-19 	 9.194034422677078e-17
3	1	0	0	1.0 	 1.994153335144289e-17 	 1.76489526118007e-16 	 3 	 9.570888143320303e-19 	 9.714451465470117e-17
3	2	0	0	1.0 	 9.832180322494445e-14 	 1.121443171826551e-13 	 3 	 1.5034566366908173e-14 	 1.5260084862411816e-12
3	3	0	0	1.0 	 3.673516515471528e-17 	 1.267853874014084e-16 	 3 	 1.3672697347600433e-19 	 1.387778780781446e-17
3	4	0	0	1.0 	 1.3300904702479934e-17 	 1.9902814124230285e-16 	 3 	 2.461085522568078e-18 	 2.498001805406602e-16
3	5	0	0	1.0 	 2.163552127099352e-17 	 1.5877270101456586e-16 	 3 	 3.828355257328121e-18 	 3.885780586188047e-16
3	6	0	0	1.0 	 1.3701856038151946e-17 	 1.8363828173708106e-16 	 3 	 3.691628283852117e-18 	 3.7470027081099033e-16
3	7	0	0	1.0 	 1.1537454914821162e-16 	 2.3327739752211645e-16 	 3 	 1.0254523010700325e-18 	 1.0408340855860843e-16
3	8	0	0	1.0 	 5.533189972420019e-18 	 3.597900171645892e-17 	 3 	 5.469078939040173e-19 	 5.551115123125783e-17
3	9	0	0	1.0 	 4.1972938265424097e-16 	 1.3822436972008763e-16 	 3 	 1.0510886085967833e-18 	 1.0668549377257364e-16
3	10	0	0	1.0 	 2.1127102011887285e-17 	 1.522159065152742e-16 	 3 	 1.230542761284039e-18 	 1.249000902703301e-16
5	1	0	0	1.0 	 1.0304118948439417e-16 	 3.102438461287646e-16 	 5 	 2.4059481375356795e-18 	 2.3939183968479933e-16
5	2	0	0	1.0 	 8.602702145622845e-14 	 5.3584749980037686e-14 	 5 	 7.130872874316493e-15 	 7.095218509944878e-13
5	3	0	0	1.0 	 1.289957838664945e-16 	 4.0293645113215295e-16 	 5 	 3.0684555956976667e-18 	 3.0531133177191805e-16
5	4	0	0	1.0 	 1.0350359210571455e-16 	 5.50079345624444e-16 	 5 	 1.1158020347991507e-17 	 1.1102230246251565e-15
5	5	0	0	1.0 	 2.0519061878145442e-16 	 1.0794725511420453e-15 	 5 	 2.1827877305758448e-17 	 2.1718737919229625e-15
5	6	0	0	1.0 	 2.9940536075688336e-16 	 2.339983033265956e-16 	 5 	 5.4918381400270896e-18 	 5.464378949326942e-16
5	7	0	0	1.0 	 2.531274473821741e-16 	 4.424532323091186e-16 	 5 	 1.3877787807814421e-17 	 1.3808398868775384e-15
5	8	0	0	1.0 	 7.74432139347479e-17 	 3.744416350410288e-16 	 5 	 4.811896275071353e-18 	 4.787836793695988e-16
5	9	0	0	1.0 	 1.8651655899679223e-16 	 2.087020396712829e-16 	 5 	 2.7284846632197952e-18 	 2.714842239903703e-16
5	10	0	0	1.0 	 1.306396166302783e-15 	 3.998472721355549e-16 	 5 	 5.1605844109460925e-18 	 5.134781488891349e-16
7	1	0	0	1.0 	 1.61236335099548e-16 	 3.9090299218753644e-16 	 7 	 1.1813911672293312e-17 	 1.1518563880486001e-15
7	2	0	0	1.0 	 8.679323722263984e-14 	 4.055888308995333e-14 	 7 	 5.6502256577199036e-15 	 5.508970016276926e-13
7	3	0	0	1.0 	 2.44260966143647e-13 	 6.873777938239563e-13 	 7 	 1.1616309765945664e-13 	 1.1325902021797063e-11
7	4	0	0	1.0 	 2.726442233742712e-16 	 7.359269122258487e-16 	 7 	 1.1849495743595425e-17 	 1.1553258350005535e-15
7	5	0	0	1.0 	 1.193888663463856e-14 	 3.167806882152455e-14 	 7 	 1.6910262364178545e-15 	 1.6487505805073965e-13
7	6	0	0	1.0 	 6.846339555596859e-16 	 3.466753348845146e-16 	 7 	 5.595595212253389e-18 	 5.455705331947058e-16
7	7	0	0	1.0 	 3.188892546809936e-16 	 1.0706854052273378e-15 	 7 	 4.175790767300073e-17 	 4.071395998117566e-15
7	8	0	0	1.0 	 5.441805876414363e-16 	 2.949029924233819e-15 	 7 	 1.4575902806672256e-16 	 1.4211505236505495e-14
7	9	0	0	1.0 	 4.83934208661043e-16 	 3.647351408111433e-16 	 7 	 6.093772210482662e-18 	 5.941427905220564e-16
7	10	0	0	1.0 	 0.00032615865519983173 	 0.0013050653011055632 	 7 	 0.0007553128217715258 	 0.10425117521673209
10	1	0	0	1.0 	 1.3221286404767886e-15 	 7.870499780078455e-16 	 10 	 3.254212742897228e-17 	 3.075231042037884e-15
10	2	0	0	1.0 	 8.59561570367743e-14 	 3.2772853462822604e-14 	 10 	 3.835409356367092e-15 	 3.6244618417669017e-13
10	3	0	0	1.0 	 7.063148926140539e-05 	 0.0001302551196360976 	 10 	 3.071407513427174e-05 	 0.002902480100188655
10	4	0	0	0.8181818181818182 	 0.005243128539340857 	 5.5488886509430116e-05 	 10 	 1.1394785514874998e-05 	 0.0010768072311556987
10	5	0	0	1.0 	 2.195103241523931e-14 	 6.213648621205436e-14 	 10 	 1.9605863082352e-15 	 1.8527540612822685e-13
10	6	0	0	1.0 	 6.955821005583478e-16 	 7.727394517260454e-16 	 10 	 1.691584849854639e-17 	 1.5985476831126277e-15
10	7	0	0	1.0 	 5.9420854736033804e-15 	 7.415874735077659e-15 	 10 	 7.827916739267594e-16 	 7.3973813186079e-14
10	8	0	0	1.0 	 5.295696837712653e-06 	 1.7495307416142256e-05 	 10 	 8.276995771310899e-07 	 7.821761003888661e-05
10	9	0	0	1.0 	 2.542464243644428e-15 	 8.557695927287584e-16 	 10 	 1.0587320262112403e-17 	 1.0005017647696235e-15
2	1	1	100	1.0 	 9.636217016240595e-05 	 0.0007676761848503645 	 2 	 7.287512750744033e-06 	 0.0007469700569512627
2	1	1	1000	1.0 	 9.62232463901258e-06 	 7.67946332869283e-05 	 2 	 7.28751275074647e-07 	 7.469700569515125e-05
2	1	1	10000	1.0 	 9.620938158073003e-07 	 7.67973367698128e-06 	 2 	 7.287512750868323e-08 	 7.469700569640025e-06
2	2	1	100	0.3333333333333333 	 0.007501621995399407 	 0.009804524575613486 	 2 	 0.0010832080511740173 	 0.12517935784020093
2	2	1	1000	1.0 	 8.958353810660462e-06 	 0.00046702119525946823 	 2 	 6.505403130080336e-05 	 0.006668038208332339
2	2	1	10000	1.0 	 9.019760839252628e-07 	 4.686435138996984e-05 	 2 	 6.505403071622369e-06 	 0.0006668038148412923
2	3	1	100	1.0 	 0.00019807308243027568 	 0.0014837921105160495 	 2 	 2.2686749848239158e-05 	 0.0023253918594445117
2	3	1	1000	1.0 	 1.9619279521749825e-05 	 0.0001484702885793755 	 2 	 2.2686749848237127e-06 	 0.00023253918594443038
2	3	1	10000	1.0 	 1.9600742504898333e-06 	 1.4847943461150991e-05 	 2 	 2.268674984809632e-07 	 2.3253918594298706e-05
2	4	1	100	1.0 	 0.00047593415675434547 	 0.002743859341473487 	 2 	 1.4735827489784704e-05 	 0.0015104223177029308
2	4	1	1000	1.0 	 4.777178123090309e-05 	 0.0002740980207943575 	 2 	 1.4735827489774685e-06 	 0.00015104223177019036
2	4	1	10000	1.0 	 4.77897868298712e-06 	 2.7406926268785653e-05 	 2 	 1.4735827489654184e-07 	 1.5104223176895526e-05
2	5	1	100	1.0 	 2.35544427439389e-05 	 0.00023268150154221015 	 2 	 3.43693753971391e-06 	 0.00035228609782067544
2	5	1	1000	1.0 	 2.3538782689446755e-06 	 2.326687199911026e-05 	 2 	 3.436937539723658e-07 	 3.522860978216746e-05
2	5	1	10000	1.0 	 2.3537218119926772e-07 	 2.3266744191652436e-06 	 2 	 3.436937539664085e-08 	 3.522860978155684e-06
2	6	1	100	1.0 	 8.2072436303915e-05 	 0.0004725567239661566 	 2 	 3.43435446610443e-06 	 0.0003520213327757038
2	6	1	1000	1.0 	 8.206287562963066e-06 	 4.7279078825672686e-05 	 2 	 3.4343544661068673e-07 	 3.520213327759537e-05
2	6	1	10000	1.0 	 8.206192348798773e-07 	 4.728142088914996e-06 	 2 	 3.434354466071665e-08 	 3.5202133277234537e-06
2	7	1	100	0.3333333333333333 	 0.0008907657043090212 	 0.005965323421851334 	 2 	 0.00012008782764507414 	 0.16551379316818016
2	7	1	1000	1.0 	 4.312827833688237e-05 	 0.00035443988367545156 	 2 	 7.548621970902199e-06 	 0.0007737337520174747
2	7	1	10000	1.0 	 4.328144742723327e-06 	 3.550778064360811e-05 	 2 	 7.548621970943088e-07 	 7.737337520216658e-05
2	8	1	100	1.0 	 0.0004645710219935579 	 0.0018632098341517008 	 2 	 2.8192844097901548e-05 	 0.002889766520034906
2	8	1	1000	1.0 	 4.7297324153247184e-05 	 0.0001884526546673337 	 2 	 2.8192844097896e-06 	 0.0002889766520034337
2	8	1	10000	1.0 	 4.73831035330048e-06 	 1.886703451000663e-05 	 2 	 2.819284409782424e-07 	 2.8897665200269818e-05
2	9	1	100	1.0 	 0.00010207612713098894 	 0.0007753586498262759 	 2 	 1.0948323644726261e-05 	 0.0011222031735844409
2	9	1	1000	1.0 	 1.0215787567553314e-05 	 7.76524589614839e-05 	 2 	 1.0948323644725988e-06 	 0.0001122203173584413
2	9	1	10000	1.0 	 1.0216609293286286e-06 	 7.766414273640791e-06 	 2 	 1.0948323644669124e-07 	 1.1222031735785842e-05
2	10	1	100	1.0 	 9.205950167205503e-05 	 0.0010138838891065266 	 2 	 1.0608297867109876e-05 	 0.0010873505313787613
2	10	1	1000	1.0 	 9.207618894661018e-06 	 0.00010151923693592258 	 2 	 1.0608297867105e-06 	 0.00010873505313782618
2	10	1	10000	1.0 	 9.207789823094382e-07 	 1.0153235112438003e-05 	 2 	 1.060829786708063e-07 	 1.0873505313757637e-05
3	1	1	100	1.0 	 0.00023919128224084306 	 0.0011885988816035243 	 3 	 1.1840953591375353e-05 	 0.0012018567895245996
3	1	1	1000	1.0 	 2.3837415061425793e-05 	 0.00011892257179848731 	 3 	 1.1840953591379317e-06 	 0.00012018567895250021
3	1	1	10000	1.0 	 2.3829292228656977e-06 	 1.189288437992984e-05 	 3 	 1.1840953591513308e-07 	 1.2018567895386023e-05
3	2	1	100	0.5 	 0.0077528121541811474 	 0.008584021976168702 	 3 	 0.0007926661074969014 	 0.0896523631953348
3	2	1	1000	1.0 	 5.9818711409306405e-05 	 0.0008688405220026317 	 3 	 6.815476267299584e-05 	 0.006917708411309086
3	2	1	10000	1.0 	 5.988405849779151e-06 	 8.723933051122213e-05 	 3 	 6.815476229715532e-06 	 0.0006917708373161274
3	3	1	100	1.0 	 0.00016650094412074435 	 0.001917229749470629 	 3 	 8.883252925943151e-05 	 0.00901650171983231
3	3	1	1000	1.0 	 1.708409513429665e-05 	 0.0001922234261138449 	 3 	 8.883252925943211e-06 	 0.000901650171983237
3	3	1	10000	1.0 	 1.71416219853631e-06 	 1.9228464434465197e-05 	 3 	 8.883252925946492e-07 	 9.0165017198357e-05
3	4	1	100	1.0 	 0.0017557988110505347 	 0.006495594022786358 	 3 	 5.7316970797253056e-05 	 0.005817672535921192
3	4	1	1000	1.0 	 0.0001729037056882572 	 0.0006548334347803865 	 3 	 5.7316970797213136e-06 	 0.0005817672535917139
3	4	1	10000	1.0 	 1.72653087308882e-05 	 6.553702962919442e-05 	 3 	 5.731697079738814e-07 	 5.8176725359349035e-05
3	5	1	100	1.0 	 6.08475256536776e-05 	 0.0007531442326172606 	 3 	 2.550934448402507e-05 	 0.0025891984651285472
3	5	1	1000	1.0 	 6.083253149036561e-06 	 7.533570901706557e-05 	 3 	 2.5509344484040246e-06 	 0.00025891984651300876
3	5	1	10000	1.0 	 6.083127886486888e-07 	 7.533783825493685e-06 	 3 	 2.550934448419475e-07 	 2.58919846514577e-05
3	6	1	100	1.0 	 0.0004267422254880129 	 0.0015397383645899551 	 3 	 5.940227242315115e-06 	 0.0006029330650949849
3	6	1	1000	1.0 	 4.2651996777322366e-05 	 0.00015417268708738555 	 3 	 5.94022724230992e-07 	 6.0293306509445754e-05
3	6	1	10000	1.0 	 4.2649778620031935e-06 	 1.5419260057462865e-05 	 3 	 5.940227242225149e-08 	 6.029330650858533e-06
3	7	1	100	0.5 	 0.0017623456614116505 	 0.008641929554268976 	 3 	 0.00017341732091813574 	 0.1115476497192651
3	7	1	1000	1.0 	 0.00011001944174625782 	 0.0006354276832027909 	 3 	 1.2155291043920895e-05 	 0.0012337620409579725
3	7	1	10000	1.0 	 1.1064497695241901e-05 	 6.370881221490027e-05 	 3 	 1.2155291043979689e-06 	 0.00012337620409639402
3	8	1	100	1.0 	 0.0015700399343545669 	 0.004905703629850306 	 3 	 8.591095580118208e-05 	 0.008719962013819992
3	8	1	1000	1.0 	 0.00016582892076177726 	 0.0005092493363639987 	 3 	 8.591095580117408e-06 	 0.0008719962013819178
3	8	1	10000	1.0 	 1.6679205711637578e-05 	 5.11271636256396e-05 	 3 	 8.591095580114195e-07 	 8.719962013815917e-05
3	9	1	100	1.0 	 0.0002493100292142129 	 0.001143754315597066 	 3 	 1.4841183949513078e-05 	 0.0015063801708755792
3	9	1	1000	1.0 	 2.497537103605374e-05 	 0.00011456802082945103 	 3 	 1.4841183949493663e-06 	 0.00015063801708736088
3	9	1	10000	1.0 	 2.4979831832889968e-06 	 1.1458733711327637e-05 	 3 	 1.4841183949371292e-07 	 1.5063801708611883e-05
3	10	1	100	1.0 	 0.0001560618132022769 	 0.0011144050646696283 	 3 	 1.61998704977174e-05 	 0.0016442868555183177
3	10	1	1000	1.0 	 1.5551965760449748e-05 	 0.00011155943736793527 	 3 	 1.6199870497736537e-06 	 0.00016442868555202603
3	10	1	10000	1.0 	 1.5546584034346333e-06 	 1.1157135444970569e-05 	 3 	 1.6199870497971706e-07 	 1.6442868555441303e-05
5	1	1	100	1.0 	 0.0009691006265978744 	 0.002790832215979511 	 5 	 7.998476757315514e-05 	 0.007958484373528939
5	1	1	1000	1.0 	 9.868014431081929e-05 	 0.00028287949338551277 	 5 	 7.998476757310051e-06 	 0.0007958484373523506
5	1	1	10000	1.0 	 9.887242992277054e-06 	 2.8328188094470616e-05 	 5 	 7.99847675722567e-07 	 7.958484373439545e-05
5	2	1	100	0.6666666666666666 	 0.015021042921976709 	 0.006113132630927895 	 5 	 0.0005746058069002798 	 0.061941777609645525
5	2	1	1000	1.0 	 0.00020390084090766964 	 0.000803292357917778 	 5 	 8.45600616988048e-05 	 0.008413726139031043
5	2	1	10000	1.0 	 2.075069142932041e-05 	 8.110320379833208e-05 	 5 	 8.456006148311164e-06 	 0.0008413726117569575
5	3	1	100	1.0 	 0.003321409626874903 	 0.0034433158403529875 	 5 	 7.808141820486061e-05 	 0.007769101111383608
5	3	1	1000	1.0 	 0.00036077148876698095 	 0.00034551332962562436 	 5 	 7.808141820482313e-06 	 0.0007769101111379879
5	3	1	10000	1.0 	 3.639929362123854e-05 	 3.456331147682459e-05 	 5 	 7.808141820407852e-07 	 7.769101111305791e-05
5	4	1	100	1.0 	 0.0022716804303616438 	 0.005460587137415295 	 5 	 3.2897093475733996e-05 	 0.003273260800835535
5	4	1	1000	1.0 	 0.00022637400981651392 	 0.0005485716188409081 	 5 	 3.289709347581055e-06 	 0.0003273260800843152
5	4	1	10000	1.0 	 2.262985691434347e-05 	 5.48824656655173e-05 	 5 	 3.2897093476548894e-07 	 3.273260800916618e-05
5	5	1	100	1.0 	 0.0014495319621068814 	 0.004208089887262692 	 5 	 7.39024303293925e-05 	 0.007353291817774561
5	5	1	1000	1.0 	 0.00014099080161173775 	 0.00042228047225226526 	 5 	 7.390243032916497e-06 	 0.000735329181775192
5	5	1	10000	1.0 	 1.4061239907034686e-05 	 4.2242948307684847e-05 	 5 	 7.390243032890903e-07 	 7.353291817726454e-05
5	6	1	100	1.0 	 0.0010410093532058988 	 0.0017623284671109472 	 5 	 2.8902158104468816e-05 	 0.002875764731394663
5	6	1	1000	1.0 	 0.00010162094704235653 	 0.00017636704679875023 	 5 	 2.890215810451694e-06 	 0.0002875764731399451
5	6	1	10000	1.0 	 1.0139200985893536e-05 	 1.7638047823984688e-05 	 5 	 2.8902158104796234e-07 	 2.875764731427241e-05
5	7	1	100	0.6666666666666666 	 0.007665784253021667 	 0.012720151828334017 	 5 	 0.00036348289659609667 	 0.06582355387609976
5	7	1	1000	1.0 	 0.00019480534942163138 	 0.0008039384402860331 	 5 	 2.052971510948719e-05 	 0.002042706653393985
5	7	1	10000	1.0 	 1.9387438266810964e-05 	 8.047258160707432e-05 	 5 	 2.052971510939557e-06 	 0.00020427066533848688
5	8	1	100	0.6666666666666666 	 0.003644416109363413 	 0.008924584810303787 	 5 	 0.00016911592991380878 	 0.06378192827493497
5	8	1	1000	1.0 	 0.00039766641931428953 	 0.0009110307602298929 	 5 	 1.5836925773290607e-05 	 0.001575774114442409
5	8	1	10000	1.0 	 4.032065024287097e-05 	 9.175638061620704e-05 	 5 	 1.5836925773286908e-06 	 0.00015757741144420412
5	9	1	100	1.0 	 0.0010587391991758984 	 0.003648194111363313 	 5 	 6.579931609419801e-05 	 0.006547031951372691
5	9	1	1000	1.0 	 0.0001043942008170812 	 0.0003660582364243597 	 5 	 6.579931609421942e-06 	 0.0006547031951374821
5	9	1	10000	1.0 	 1.042527369686344e-05 	 3.6618664700002993e-05 	 5 	 6.579931609417619e-07 	 6.547031951370517e-05
5	10	1	100	1.0 	 0.0003389997296817908 	 0.002863006021548617 	 5 	 7.422728049497373e-05 	 0.0073856144092498965
5	10	1	1000	1.0 	 3.3350360949776244e-05 	 0.0002896138434106925 	 5 	 7.422728049502813e-06 	 0.0007385614409255309
5	10	1	10000	1.0 	 3.3296484457549953e-06 	 2.8995327349954614e-05 	 5 	 7.422728049551768e-07 	 7.38561440930402e-05
7	1	1	100	1.0 	 0.006595321856548738 	 0.009533995004320776 	 7 	 0.00011263437795126183 	 0.04181051713545053
7	1	1	1000	1.0 	 0.0007228953703865004 	 0.0014357095120156043 	 7 	 5.895159360117456e-05 	 0.005747780376114541
7	1	1	10000	1.0 	 7.144543313110144e-05 	 0.00014531927596348544 	 7 	 5.895159360129872e-06 	 0.0005747780376126645
7	2	1	100	0.75 	 0.015965370256746915 	 0.006316866393681789 	 7 	 0.00056114694022442 	 0.059250173640019034
7	2	1	1000	0.75 	 0.0008971808502095737 	 0.0020285951855388215 	 7 	 0.00023450184364517444 	 0.04809435067583311
7	2	1	10000	1.0 	 3.9306245750808246e-05 	 9.301769928067835e-05 	 7 	 9.274873991356825e-06 	 0.0009043002141572928
7	3	1	100	0.2727272727272727 	 0.041496660636257614 	 0.01061242318500104 	 7 	 0.0012867366869845779 	 0.4082913864946177
7	3	1	1000	1.0 	 0.00034550314014466745 	 0.0004636146843326768 	 7 	 3.678365932953819e-05 	 0.0035864067846299863
7	3	1	10000	1.0 	 3.5867397392119076e-05 	 4.639195909117428e-05 	 7 	 3.6783658532438467e-06 	 0.0003586406706912763
7	4	1	100	1.0 	 0.004883862672433751 	 0.007417504638530954 	 7 	 0.00010665876061531258 	 0.010399229159992992
7	4	1	1000	1.0 	 0.0005248151417749272 	 0.0007657045319467218 	 7 	 1.0665876061539676e-05 	 0.00103992291600012
7	4	1	10000	1.0 	 5.292559367198226e-05 	 7.684648762291381e-05 	 7 	 1.0665876061539516e-06 	 0.00010399229160001043
7	5	1	100	0.5555555555555556 	 0.020766399878959715 	 0.007335629467232037 	 7 	 0.0005191252991850611 	 0.11818381979361905
7	5	1	1000	0.4 	 0.0018467320276025574 	 0.008419636899657138 	 7 	 0.00042212221276180604 	 0.3415448943838843
7	5	1	10000	0.16666666666666666 	 0.030207238028116985 	 0.05805958584117387 	 7 	 0.0014519950031507845 	 0.741274699751498
7	6	1	100	0.5555555555555556 	 0.03009483117834492 	 0.015163892042530536 	 7 	 0.0003933561626015348 	 0.08562810982428493
7	6	1	1000	1.0 	 0.0005891441134671531 	 0.0013344342422826185 	 7 	 3.30408225154835e-05 	 0.0032214801952596493
7	6	1	10000	1.0 	 5.798433142152699e-05 	 0.000133802759757765 	 7 	 3.3040822515494397e-06 	 0.00032214801952607126
7	7	1	100	0.4 	 0.04292080980877324 	 0.029174558108499147 	 7 	 0.0007384053990969236 	 0.3166518951092671
7	7	1	1000	1.0 	 0.0013734502631100364 	 0.0030634389062401744 	 7 	 9.032895264051738e-05 	 0.008807072882450449
7	7	1	10000	0.5555555555555556 	 0.002135657565707177 	 0.004849918877204022 	 7 	 0.00014701656164817326 	 0.23038000829277414
7	8	1	100	0.4 	 0.030762179060923576 	 0.0263154310744263 	 7 	 0.0018054142660786695 	 0.36185764069154236
7	8	1	1000	1.0 	 0.0006956363499037216 	 0.0017149747628370713 	 7 	 4.399331197446037e-05 	 0.00512240340728292
7	8	1	10000	1.0 	 7.08938389934367e-05 	 0.0001737752938293445 	 7 	 5.253747084393971e-06 	 0.0005122403407284114
7	9	1	100	0.75 	 0.01867645371534665 	 0.008074064933516614 	 7 	 0.00014802973373615025 	 0.021553805901194933
7	9	1	1000	1.0 	 0.001094681781838394 	 0.000676786273839611 	 7 	 1.5166777710499011e-05 	 0.0014787608267736584
7	9	1	10000	1.0 	 0.0001165738576368953 	 6.926907636522147e-05 	 7 	 1.516677771052738e-06 	 0.00014787608267764242
7	10	1	100	0.75 	 0.02566902863344191 	 0.010365437725178237 	 7 	 0.0012290686095609 	 0.17568281762283805
7	10	1	1000	0.75 	 0.02370392846096095 	 0.003035926881955616 	 7 	 0.0012112893803986563 	 0.16409519599051878
7	10	1	10000	0.75 	 0.00028182936663032434 	 0.0019517204965500794 	 7 	 0.001032072292986715 	 0.16285047267815447
10	1	1	100	0.8181818181818182 	 0.007545093417348124 	 0.0063747397222519075 	 10 	 0.00012143501841434192 	 0.06271869439112525
10	1	1	1000	1.0 	 0.001329029994002617 	 0.0014100973533823346 	 10 	 6.877718679592685e-05 	 0.006584500941245328
10	1	1	10000	1.0 	 0.00012941695646603957 	 0.00014365848853259089 	 10 	 6.967725863712421e-06 	 0.0006584500941208236
10	2	1	100	0.8181818181818182 	 0.030927922044233534 	 0.013963744181677777 	 10 	 0.0004831029414644078 	 0.07359430022589335
10	2	1	1000	1.0 	 0.004799215748319293 	 0.005215823810061891 	 10 	 0.00020879674161181745 	 0.020105330544592098
10	2	1	10000	1.0 	 0.00043649171966444073 	 0.0005402359607452536 	 10 	 2.127548204461002e-05 	 0.0020105330532156525
10	3	1	100	0.17647058823529413 	 0.07212330894859753 	 0.028050606938985312 	 10 	 0.0025647559068038076 	 0.6163734586074903
10	3	1	1000	1.0 	 0.001951122716176567 	 0.0023904673618949704 	 10 	 0.00035415587929691657 	 0.04282773722391955
10	3	1	10000	1.0 	 0.0007494957902304485 	 0.0016904967924637193 	 10 	 0.00034266194891121725 	 0.04013907437288267
10	4	1	100	0.6666666666666666 	 0.05530052004172903 	 0.023486748773417835 	 10 	 0.0013833016898855991 	 0.21879868570132074
10	4	1	1000	0.8181818181818182 	 0.0070587278833505575 	 0.006672440216293928 	 10 	 0.0006016178918887721 	 0.0771868032739601
10	4	1	10000	0.8181818181818182 	 0.004642254595772492 	 0.0050833857607348425 	 10 	 0.0005852163924238419 	 0.07593462190654342
10	5	1	100	0.42857142857142855 	 0.043530322378586145 	 0.04003797267683615 	 10 	 0.0011126151133079205 	 0.3797968298756119
10	5	1	1000	0.6666666666666666 	 0.0025698280691299653 	 0.009419677009902698 	 10 	 0.00019415733720237974 	 0.20755392336156417
10	5	1	10000	0.17647058823529413 	 0.04211690876620247 	 0.0693289754446524 	 10 	 0.0018053971835993456 	 0.7329451505781565
10	6	1	100	0.6666666666666666 	 0.03124303313524331 	 0.01576889077680744 	 10 	 0.0003788172425147225 	 0.20873101989061757
10	6	1	1000	1.0 	 0.0010506794844774004 	 0.001913787622754443 	 10 	 4.909783235338395e-05 	 0.004852825509733219
10	6	1	10000	1.0 	 0.00010188995340920305 	 0.00019202801540619215 	 10 	 5.1352650896696715e-06 	 0.00048528255097378235
10	7	1	100	0.6666666666666666 	 0.03939015280017713 	 0.018979620802581698 	 10 	 0.0005659699742533584 	 0.08931003800234029
10	7	1	1000	0.8181818181818182 	 0.003933078968972535 	 0.004165040165175651 	 10 	 0.00020316952146813094 	 0.03301915319439262
10	7	1	10000	1.0 	 0.0003194520342687182 	 0.000411951193303983 	 10 	 1.931269619763483e-05 	 0.001825049790676484
10	8	1	100	0.5384615384615384 	 0.055055235891995395 	 0.030163931895759038 	 10 	 0.0013154193809848257 	 0.2134619691572412
10	8	1	1000	0.17647058823529413 	 0.018126164400516533 	 0.018801394394558597 	 10 	 0.0005121508909801548 	 0.5240588787688676
10	8	1	10000	1.0 	 0.0010841022136356083 	 0.0020666013894087938 	 10 	 9.071684435339602e-05 	 0.008572741791395841
10	9	1	100	0.5384615384615384 	 0.04493809447032278 	 0.018494633620247135 	 10 	 0.00021526263333875614 	 0.23399068005789223
10	9	1	1000	1.0 	 0.002501696884731228 	 0.002001228980551745 	 10 	 4.6235583831342924e-05 	 0.004369262672061919
10	9	1	10000	1.0 	 0.00028076591517363445 	 0.00020492548433674308 	 10 	 4.6235583831399e-06 	 0.0004369262672067219
2	1	2	100	1.0 	 7.215700826091602e-05 	 0.0012018675876969828 	 2 	 2.1546046084474937e-05 	 0.002208469723658679
2	1	2	1000	1.0 	 7.214128301289155e-06 	 0.0001203972836923107 	 2 	 2.15460460844679e-06 	 0.0002208469723657957
2	1	2	10000	1.0 	 7.213984947402759e-07 	 1.2041840536892023e-05 	 2 	 2.1546046084359585e-07 	 2.2084697236468553e-05
2	2	2	100	0.3333333333333333 	 0.0029161543486507613 	 0.008316245135570487 	 2 	 0.00040565097222461903 	 0.056126966101492634
2	2	2	1000	1.0 	 0.00010196730296030059 	 0.00032302217054231113 	 2 	 3.2583972711372945e-05 	 0.0033398572029157245
2	2	2	10000	1.0 	 1.0739584518452393e-05 	 3.3260947890199664e-05 	 2 	 3.2583973027556916e-06 	 0.00033398572353245814
2	3	2	100	1.0 	 0.00012120973213161222 	 0.0007401472692440822 	 2 	 3.606212097864379e-06 	 0.00036963674003109837
2	3	2	1000	1.0 	 1.2115864396720693e-05 	 7.399767734938634e-05 	 2 	 3.6062120978557134e-07 	 3.696367400302102e-05
2	3	2	10000	1.0 	 1.211535420975226e-06 	 7.3995974730501536e-06 	 2 	 3.606212097747399e-08 	 3.69636740019108e-06
2	4	2	100	1.0 	 0.00018407268886300727 	 0.0009264818919338774 	 2 	 3.3856899864473066e-06 	 0.0003470332236108486
2	4	2	1000	1.0 	 1.8393249849601682e-05 	 9.27197810943552e-05 	 2 	 3.385689986468428e-07 	 3.470332236130136e-05
2	4	2	10000	1.0 	 1.8391849380406448e-06 	 9.272694637202775e-06 	 2 	 3.385689986552372e-08 	 3.470332236216178e-06
2	5	2	100	1.0 	 0.00040070830265495297 	 0.0037957363912035267 	 2 	 4.687916287239509e-05 	 0.004805114194420492
2	5	2	1000	1.0 	 3.962209181190416e-05 	 0.00038071270824894485 	 2 	 4.687916287239144e-06 	 0.0004805114194420118
2	5	2	10000	1.0 	 3.9578510987278115e-06 	 3.808274180510683e-05 	 2 	 4.68791628724984e-07 	 4.8051141944310816e-05
2	6	2	100	1.0 	 6.407182635721154e-05 	 0.00041168949137298947 	 2 	 7.918159071096394e-06 	 0.0008116113047873799
2	6	2	1000	1.0 	 6.419498598724239e-06 	 4.124417198099238e-05 	 2 	 7.91815907109883e-07 	 8.116113047876296e-05
2	6	2	10000	1.0 	 6.420734391085156e-07 	 4.125171654234264e-06 	 2 	 7.918159071182774e-08 	 8.116113047962338e-06
2	7	2	100	1.0 	 0.0009250602415642973 	 0.002832760456703068 	 2 	 4.636238106778482e-05 	 0.0047521440594479394
2	7	2	1000	1.0 	 9.669030376830493e-05 	 0.0002934443305804666 	 2 	 4.636238106774278e-06 	 0.00047521440594436304
2	7	2	10000	1.0 	 9.713092844039404e-06 	 2.9451495195247454e-05 	 2 	 4.636238106754104e-07 	 4.7521440594229525e-05
2	8	2	100	1.0 	 0.00013494547342521846 	 0.00165982839823369 	 2 	 2.2699760990611476e-05 	 0.0023267255015376746
2	8	2	1000	1.0 	 1.349533516959988e-05 	 0.00016602339431693732 	 2 	 2.2699760990603893e-06 	 0.00023267255015368973
2	8	2	10000	1.0 	 1.349544002110151e-06 	 1.6602745085722153e-05 	 2 	 2.26997609905714e-07 	 2.3267255015335664e-05
2	9	2	100	1.0 	 6.6287824911633e-05 	 0.000706730749323252 	 2 	 8.432799177214355e-06 	 0.0008643619156644706
2	9	2	1000	1.0 	 6.5598849800792524e-06 	 7.069719487356067e-05 	 2 	 8.432799177221311e-07 	 8.643619156651836e-05
2	9	2	10000	1.0 	 6.553302718286883e-07 	 7.069960777328427e-06 	 2 	 8.432799177238574e-08 	 8.64361915666953e-06
2	10	2	100	1.0 	 0.001135178954023035 	 0.001251367340125055 	 2 	 1.9052397936507266e-05 	 0.0019528707884919928
2	10	2	1000	1.0 	 0.00010608029655630451 	 0.00012528112244271497 	 2 	 1.905239793652192e-06 	 0.0001952870788493495
2	10	2	10000	1.0 	 1.0539150815651187e-05 	 1.2529558765830985e-05 	 2 	 1.9052397936434929e-07 	 1.9528707884845786e-05
3	1	2	100	1.0 	 0.00019864539050302277 	 0.0008182286232248062 	 3 	 7.196575911621019e-06 	 0.0007304524550295343
3	1	2	1000	1.0 	 1.9863892580581172e-05 	 8.197217984569668e-05 	 3 	 7.196575911627036e-07 	 7.30452455030145e-05
3	1	2	10000	1.0 	 1.9863839654852384e-06 	 8.198715081574058e-06 	 3 	 7.196575911658483e-08 	 7.304524550333367e-06
3	2	2	100	0.5 	 0.03366207417578765 	 0.0034039693678919263 	 3 	 0.00024278793769454392 	 0.02709124556542441
3	2	2	1000	1.0 	 0.0002999346165819698 	 0.000505631574921394 	 3 	 5.516521466269481e-05 	 0.00559926928826353
3	2	2	10000	1.0 	 3.521595698218754e-05 	 5.371004998776613e-05 	 3 	 5.516521479810358e-06 	 0.000559926930200752
3	3	2	100	1.0 	 0.00016120020159656517 	 0.0008568650464519543 	 3 	 8.155966713389927e-06 	 0.0008278306214090787
3	3	2	1000	1.0 	 1.612052740886018e-05 	 8.573752634765116e-05 	 3 	 8.155966713387056e-07 	 8.278306214087872e-05
3	3	2	10000	1.0 	 1.6120581696788005e-06 	 8.574263269320059e-06 	 3 	 8.155966713696059e-08 	 8.278306214401511e-06
3	4	2	100	1.0 	 0.0007079046988086063 	 0.0028313541339274727 	 3 	 1.9434229416279082e-05 	 0.0019725742857523293
3	4	2	1000	1.0 	 7.038914926085114e-05 	 0.0002834260512658475 	 3 	 1.94342294162918e-06 	 0.00019725742857536194
3	4	2	10000	1.0 	 7.034939172616412e-06 	 2.834551871506078e-05 	 3 	 1.943422941618378e-07 	 1.972574285742656e-05
3	5	2	100	1.0 	 0.0002737531355320865 	 0.0018351242868465394 	 3 	 2.273423172925238e-05 	 0.002307524520519119
3	5	2	1000	1.0 	 2.7412651155640913e-05 	 0.00018365453073743564 	 3 	 2.273423172924267e-06 	 0.00023075245205181333
3	5	2	10000	1.0 	 2.7416507043960627e-06 	 1.8366875304806324e-05 	 3 	 2.2734231729043046e-07 	 2.3075245204978723e-05
3	6	2	100	1.0 	 0.0001417023479165948 	 0.0010701016906688831 	 3 	 1.8134656929203926e-05 	 0.0018406676783142006
3	6	2	1000	1.0 	 1.4172952584455371e-05 	 0.00010714813047347749 	 3 	 1.813465692919162e-06 	 0.0001840667678312952
3	6	2	10000	1.0 	 1.4173236708798943e-06 	 1.0716198765266126e-05 	 3 	 1.8134656929012505e-07 	 1.840667678294772e-05
3	7	2	100	1.0 	 0.00018300423040212166 	 0.0014928654669440022 	 3 	 3.343343973274917e-05 	 0.0033934941328740455
3	7	2	1000	1.0 	 1.803272826852557e-05 	 0.00014943221926603446 	 3 	 3.343343973278086e-06 	 0.00033934941328772616
3	7	2	10000	1.0 	 1.8007554988016647e-06 	 1.4944684395557867e-05 	 3 	 3.343343973284444e-07 	 3.393494132883715e-05
3	8	2	100	1.0 	 0.00025194477882642516 	 0.0024432233162739337 	 3 	 2.903411397077425e-05 	 0.004508971222467545
3	8	2	1000	1.0 	 2.5298334654983417e-05 	 0.0002452795552147905 	 3 	 4.442336179770346e-06 	 0.00045089712224669065
3	8	2	10000	1.0 	 2.5309005214892707e-06 	 2.4537688036114166e-05 	 3 	 4.442336179767338e-07 	 4.5089712224638534e-05
3	9	2	100	0.5 	 0.0009507714334485558 	 0.0025405483482113427 	 3 	 3.6084519345721324e-05 	 0.013954173026604493
3	9	2	1000	1.0 	 0.00010406661766404994 	 0.00025375021222489815 	 3 	 3.6049849255312384e-06 	 0.00036590596994142115
3	9	2	10000	1.0 	 1.0496520585209e-05 	 2.5377261680044588e-05 	 3 	 3.604984925519267e-07 	 3.65905969940206e-05
3	10	2	100	1.0 	 0.002648189474241657 	 0.0020965725174744757 	 3 	 4.862155847629265e-05 	 0.00493508818534371
3	10	2	1000	1.0 	 0.000293884080421954 	 0.00021763685656015958 	 3 	 4.862155847626441e-06 	 0.0004935088185340843
3	10	2	10000	1.0 	 2.9715796336682732e-05 	 2.1853388161976166e-05 	 3 	 4.862155847607095e-07 	 4.9350881853212056e-05
5	1	2	100	1.0 	 0.000356152789347512 	 0.0013841268893946838 	 5 	 3.213885937651311e-05 	 0.003197816507963056
5	1	2	1000	1.0 	 3.5736097960879356e-05 	 0.00013872915368366403 	 5 	 3.2138859376528277e-06 	 0.0003197816507964565
5	1	2	10000	1.0 	 3.574851317651787e-06 	 1.3876115572296254e-05 	 5 	 3.213885937679049e-07 	 3.197816507990655e-05
5	2	2	100	0.6666666666666666 	 0.014437910196218427 	 0.006233852015384784 	 5 	 0.0001441196448729545 	 0.016912907573937604
5	2	2	1000	1.0 	 0.00038785868157275124 	 0.0006809904087653415 	 5 	 5.8991440203965075e-05 	 0.0062298041174898185
5	2	2	10000	1.0 	 4.9742477961468e-05 	 7.170952198995383e-05 	 5 	 5.509528015612088e-06 	 0.0006229804123909758
5	3	2	100	1.0 	 0.00047171435223279396 	 0.0013884862518753344 	 5 	 3.759166442986851e-05 	 0.003740370610771912
5	3	2	1000	1.0 	 4.659000149960276e-05 	 0.00013910075106797828 	 5 	 3.759166442988399e-06 	 0.00037403706107734514
5	3	2	10000	1.0 	 4.653348092003312e-06 	 1.3912617315354347e-05 	 5 	 3.7591664430663656e-07 	 3.740370610851029e-05
5	4	2	100	1.0 	 0.0009424395860263308 	 0.002761409288691935 	 5 	 1.382066895981789e-05 	 0.0028252228816632446
5	4	2	1000	1.0 	 9.412593533999882e-05 	 0.0002768112526888718 	 5 	 2.8394199815745287e-06 	 0.00028252228816666447
5	4	2	10000	1.0 	 9.411433975423594e-06 	 2.7687864453892994e-05 	 5 	 2.8394199815703444e-07 	 2.8252228816624814e-05
5	5	2	100	0.6666666666666666 	 0.006598955605959114 	 0.041135493564100074 	 5 	 0.0005188849323805943 	 0.3395052538168632
5	5	2	1000	1.0 	 0.0006364757866314107 	 0.004641293337417171 	 5 	 7.532887365485877e-05 	 0.007495222928658424
5	5	2	10000	1.0 	 6.319696087872631e-05 	 0.00046680674353828476 	 5 	 7.5328873655088476e-06 	 0.000749522292868128
5	6	2	100	0.6666666666666666 	 0.0011899601374780492 	 0.002145661211845214 	 5 	 7.410014340091236e-05 	 0.026365494362587172
5	6	2	1000	1.0 	 0.0001364939381630738 	 0.00021539146235906125 	 5 	 7.325984311522465e-06 	 0.0007289354389964833
5	6	2	10000	1.0 	 1.3767561762887629e-05 	 2.1563658135440294e-05 	 5 	 7.325984311495285e-07 	 7.289354389937788e-05
5	7	2	100	1.0 	 0.004073838536567388 	 0.01165067092830125 	 5 	 0.000429261241716797 	 0.04271149355082134
5	7	2	1000	1.0 	 0.00033194326197203956 	 0.0011792902454975567 	 5 	 4.2926124171701135e-05 	 0.004271149355084282
5	7	2	10000	1.0 	 3.267386223464265e-05 	 0.00011808608153272532 	 5 	 4.292612417155386e-06 	 0.00042711493550696283
5	8	2	100	1.0 	 0.0003552996008117747 	 0.0018709065734465022 	 5 	 1.94080729494626e-05 	 0.0031498569107470545
5	8	2	1000	1.0 	 3.552682423699224e-05 	 0.00018722089185195198 	 5 	 3.165685337434176e-06 	 0.0003149856910747012
5	8	2	10000	1.0 	 3.552661936358949e-06 	 1.872340263808766e-05 	 5 	 3.1656853374513314e-07 	 3.1498569107640824e-05
5	9	2	100	0.6666666666666666 	 0.0007113704591456662 	 0.002262605983568868 	 5 	 4.580270417926001e-05 	 0.11068163474851284
5	9	2	1000	1.0 	 7.102732746653916e-05 	 0.0002233145818452212 	 5 	 5.6003189534415346e-06 	 0.0005572317358674366
5	9	2	10000	1.0 	 7.133065509744242e-06 	 2.2341919734376822e-05 	 5 	 5.600318953389407e-07 	 5.5723173586224965e-05
5	10	2	100	0.42857142857142855 	 0.009524137801541141 	 0.008623260988915074 	 5 	 0.000808383128128997 	 0.19813715061922885
5	10	2	1000	1.0 	 0.0010003226122921782 	 0.00034414057859477614 	 5 	 8.735098255279455e-06 	 0.0008691422764003061
5	10	2	10000	1.0 	 0.00010728292725290782 	 3.560646117823059e-05 	 5 	 8.735098255314487e-07 	 8.69142276403792e-05
7	1	2	100	1.0 	 0.0016450097660303826 	 0.008635924778802716 	 7 	 0.00034476760786509555 	 0.0376501514693783
7	1	2	1000	1.0 	 0.00015615406828122807 	 0.0008795931483687055 	 7 	 3.8615539968570056e-05 	 0.0037650151469355887
7	1	2	10000	1.0 	 1.5551045210234584e-05 	 8.813624633438105e-05 	 7 	 3.861553996844917e-06 	 0.0003765015146923803
7	2	2	100	0.75 	 0.01997188800718564 	 0.004642724524591162 	 7 	 0.00017873911512372972 	 0.022498105577674576
7	2	2	1000	1.0 	 0.0006332696265107681 	 0.0006703949157743854 	 7 	 4.947792462919906e-05 	 0.0051040466536782
7	2	2	10000	1.0 	 7.982585502556195e-05 	 7.113851644481247e-05 	 7 	 4.191808323631747e-06 	 0.0005104046658639923
7	3	2	100	1.0 	 0.0030661519875557768 	 0.006549215352232129 	 7 	 0.0010410424227853786 	 0.10150163622157467
7	3	2	1000	1.0 	 0.0002515979519733681 	 0.0007169512310343298 	 7 	 0.00010410424217380105 	 0.010150163611945637
7	3	2	10000	1.0 	 2.48874761495243e-05 	 7.258394289068843e-05 	 7 	 1.0410424112963316e-05 	 0.0010150163510139268
7	4	2	100	1.0 	 0.0011157567537477015 	 0.002693627113214937 	 7 	 3.0520046603829946e-05 	 0.00408620763370416
7	4	2	1000	1.0 	 0.00011144346288609902 	 0.0002714622798988157 	 7 	 4.1909821884183745e-06 	 0.0004086207633707922
7	4	2	10000	1.0 	 1.1143284330190855e-05 	 2.716750073439382e-05 	 7 	 4.19098218835991e-07 	 4.086207633650918e-05
7	5	2	100	0.5555555555555556 	 0.009506296306444685 	 0.022108131700453743 	 7 	 0.000302181930824457 	 0.264392363113693
7	5	2	1000	0.5555555555555556 	 0.00450480247444449 	 0.007616657199522971 	 7 	 0.0004817448115866725 	 0.2441365570402837
7	5	2	10000	0.5555555555555556 	 0.004161469638539701 	 0.006241774345860783 	 7 	 0.0004953833347214395 	 0.2421132489293931
7	6	2	100	0.75 	 0.002236965915820914 	 0.006224215258783464 	 7 	 0.00017835594246447438 	 0.02986097025162297
7	6	2	1000	1.0 	 0.00021855236448376056 	 0.0006296003043355085 	 7 	 1.78449487886125e-05 	 0.00173988250688971
7	6	2	10000	1.0 	 2.1790851728974086e-05 	 6.302741156299444e-05 	 7 	 1.784494878854972e-06 	 0.00017398825068835888
7	7	2	100	0.4 	 0.0070099923645291695 	 0.021516733524672985 	 7 	 0.0007435689056677025 	 0.5635720076985532
7	7	2	1000	1.0 	 0.0004558802532330354 	 0.0012930230284230798 	 7 	 5.21001849229806e-05 	 0.0050797680299906195
7	7	2	10000	1.0 	 4.659770310538431e-05 	 0.00013254866415883637 	 7 	 5.210018492316827e-06 	 0.0005079768030008918
7	8	2	100	0.5555555555555556 	 0.019700950274315704 	 0.010095267457098841 	 7 	 0.0003020389417287941 	 0.08968964945434424
7	8	2	1000	0.75 	 0.017398762380473352 	 0.0007020112388966935 	 7 	 3.006331740429349e-05 	 0.0032268613868783797
7	8	2	10000	1.0 	 1.6382950343149756e-05 	 5.9046957430931124e-05 	 7 	 2.0855329513873727e-06 	 0.00020333946276026812
7	9	2	100	0.75 	 0.001262800158190086 	 0.0019458070773540992 	 7 	 3.680777144125623e-05 	 0.007212694383913155
7	9	2	1000	1.0 	 9.553724833800583e-05 	 0.00019412066197647157 	 7 	 3.6778285400725276e-06 	 0.00035858828265707224
7	9	2	10000	1.0 	 9.446733811733324e-06 	 1.9413726855654484e-05 	 7 	 3.677828540085677e-07 	 3.5858828265835415e-05
7	10	2	100	0.75 	 0.014649028956801343 	 0.004852280558660246 	 7 	 0.0006748668019976635 	 0.06971669309455396
7	10	2	1000	0.75 	 0.013744534838151653 	 0.001478567544670116 	 7 	 0.0006580347519406603 	 0.0645501063041932
7	10	2	10000	0.75 	 0.00018942125511978443 	 0.0010076880499459869 	 7 	 0.0005884702529425638 	 0.06403109463855079
10	1	2	100	0.8181818181818182 	 0.014310276455166835 	 0.011212289788625053 	 10 	 0.00029374694807931124 	 0.035793325203186475
10	1	2	1000	0.8181818181818182 	 0.0013051870200529922 	 0.00046980983547079304 	 10 	 1.6918721472847674e-05 	 0.0071518989941762
10	1	2	10000	1.0 	 6.002774977276439e-05 	 3.634449863413356e-05 	 10 	 1.1162416535955324e-06 	 0.00010548483626477778
10	2	2	100	0.8181818181818182 	 0.03313664756577375 	 0.011010927753194798 	 10 	 0.0003376455060625583 	 0.034928164349970064
10	2	2	1000	0.8181818181818182 	 0.002953463836137049 	 0.0013393344744165102 	 10 	 6.208573168882204e-05 	 0.009121648670256156
10	2	2	10000	1.0 	 0.00014858437220696756 	 0.00013229125682541633 	 10 	 5.830006339064924e-06 	 0.0005509355990416342
10	3	2	100	0.6666666666666666 	 0.011498428860637467 	 0.009725626263000381 	 10 	 0.0007722980824065447 	 0.20669950714811297
10	3	2	1000	0.8181818181818182 	 0.00842441679508467 	 0.0030236409017570455 	 10 	 0.0002943643833583435 	 0.07143605675453364
10	3	2	10000	1.0 	 0.00010746122473007288 	 0.00018534878860364772 	 10 	 3.347495190992106e-05 	 0.003163382955487514
10	4	2	100	0.8181818181818182 	 0.023996266395810886 	 0.007729053870849663 	 10 	 0.0001714333008487711 	 0.018254554263692508
10	4	2	1000	0.8181818181818182 	 0.021988307485542077 	 0.0007939976023676479 	 10 	 2.50433127374939e-05 	 0.002690161849088126
10	4	2	10000	0.8181818181818182 	 0.021800985053896507 	 0.00010936088904469683 	 10 	 1.2759638237126116e-05 	 0.0012381426929481665
10	5	2	100	0.5384615384615384 	 0.024977503157574365 	 0.019511462798057818 	 10 	 0.0006799229865130405 	 0.3198023598102144
10	5	2	1000	0.6666666666666666 	 0.0057405175784951586 	 0.010808848198250662 	 10 	 0.0005783684701103777 	 0.20346439198407754
10	5	2	10000	0.6666666666666666 	 0.004374327187852054 	 0.005497393769809237 	 10 	 0.0004282743841126988 	 0.1951254363448744
10	6	2	100	0.8181818181818182 	 0.002317981626909673 	 0.004315376068497234 	 10 	 9.176010026497405e-05 	 0.01748128544540648
10	6	2	1000	1.0 	 0.00023504845079392702 	 0.00043566279124995745 	 10 	 9.274660532508894e-06 	 0.0008764554203220878
10	6	2	10000	1.0 	 2.3437371742108687e-05 	 4.357969466327788e-05 	 10 	 9.274660532624834e-07 	 8.764554203330445e-05
10	7	2	100	1.0 	 0.014878731111908768 	 0.014810850973934897 	 10 	 0.0006029162094040052 	 0.058897339248081375
10	7	2	1000	1.0 	 0.001200867993772751 	 0.0015368385066719169 	 10 	 6.232522671689174e-05 	 0.005889733924746245
10	7	2	10000	1.0 	 0.00011824311662562903 	 0.0001543195512945997 	 10 	 6.232522671030989e-06 	 0.0005889733924124259
10	8	2	100	0.6666666666666666 	 0.0057071014411799416 	 0.011781665964128555 	 10 	 0.0008089425266867198 	 0.13736513974290024
10	8	2	1000	0.8181818181818182 	 0.0021335663356871907 	 0.004468351882272379 	 10 	 0.0008079288391160879 	 0.0817431290620669
10	8	2	10000	0.8181818181818182 	 0.0002852701323971912 	 0.00025365858518372085 	 10 	 1.0588960961386842e-05 	 0.0022976265322951156
10	9	2	100	0.8181818181818182 	 0.005601359412255916 	 0.005238486953764956 	 10 	 9.710575276190492e-05 	 0.012708226031603044
10	9	2	1000	1.0 	 0.0005405502338642142 	 0.0005399809244030542 	 10 	 9.754688620732077e-06 	 0.0009218180746591812
10	9	2	10000	1.0 	 5.4046881495298823e-05 	 5.417563560770902e-05 	 10 	 9.754688620733636e-07 	 9.218180746593287e-05
