2	1	0	0	0.0 	 0.009053957169138737 	 0.13047643880210535 	 2 	 0.001296257310445712 	 1.0
2	2	0	0	0.0 	 0.0020569244787407123 	 0.014990805989493483 	 2 	 0.004179985490391214 	 1.0
2	3	0	0	0.3333333333333333 	 0.017618790862070702 	 0.17964883323328476 	 2 	 0.004268323016209915 	 0.9999958094362805
2	4	0	0	0.3333333333333333 	 0.018734865427736856 	 0.09484129923407549 	 2 	 0.0010140047586813187 	 0.3613854255771848
2	5	0	0	0.3333333333333333 	 0.031261595146544925 	 0.10460376475703498 	 2 	 0.0019820047029913126 	 0.20315548205660933
2	6	0	0	0.3333333333333333 	 0.016352723182876054 	 0.0703761091961847 	 2 	 0.0013612371082919244 	 0.271039333322804
2	7	0	0	0.3333333333333333 	 0.011075170756975521 	 0.02617920250667307 	 2 	 0.003930001659498385 	 0.4919467255977497
2	8	0	0	0.3333333333333333 	 0.01728329485753295 	 0.19234285550987223 	 2 	 0.00018745873841187163 	 0.5066032875944493
2	9	0	0	0.3333333333333333 	 0.020846603486467278 	 0.0071428686413398685 	 2 	 0.00019743958368853803 	 0.020252234494750478
2	10	0	0	0.3333333333333333 	 0.010286590656522224 	 0.021016907264254845 	 2 	 0.004094035933359013 	 0.5541617619507662
3	1	0	0	0.0 	 0.03282613552142975 	 0.18200385778255937 	 3 	 0.004350744314814632 	 1.0
3	2	0	0	0.0 	 0.01157818709079506 	 0.14977824341184137 	 3 	 0.004498824039708003 	 1.0
3	3	0	0	0.2 	 0.02889790696360258 	 0.1618806638155137 	 3 	 0.005350573703962082 	 0.9999991516301474
3	4	0	0	0.0 	 0.0423205741171277 	 0.20869869971944743 	 3 	 0.00437036093348549 	 1.0
3	5	0	0	0.2 	 0.007045891876332012 	 0.026431304612526286 	 3 	 0.0016291034639684414 	 0.33619096187516456
3	6	0	0	0.0 	 0.02799199965987381 	 0.17029171702620174 	 3 	 0.0048796875027358605 	 1.0
3	7	0	0	0.2 	 0.027406596246467716 	 0.13661682481383092 	 3 	 0.003917014012599656 	 1.0
3	8	0	0	0.2 	 0.02590423420400242 	 0.10465085307333445 	 3 	 0.0031586031289393317 	 0.6794017824126574
3	9	0	0	0.2 	 0.03861245430511177 	 0.20011968765144317 	 3 	 0.0049469939845929395 	 1.0000002479347074
3	10	0	0	0.2 	 0.025093998803345008 	 0.1228906134777496 	 3 	 0.004522128267624997 	 1.0
5	1	0	0	0.25 	 0.033148511144360134 	 0.15101077837767368 	 5 	 0.0065783709633813 	 0.778450319840577
5	2	0	0	0.0 	 0.045657524589247274 	 0.16758341132526178 	 5 	 0.002429310750295584 	 1.0
5	3	0	0	0.0 	 0.07069990406707083 	 0.23612854105681938 	 5 	 0.0031844371650507786 	 1.0
5	4	0	0	0.0 	 0.04563118573069621 	 0.15418016695523362 	 5 	 0.0041729899950655475 	 1.0
5	5	0	0	0.0 	 0.043854208940663095 	 0.2349177116775536 	 5 	 0.002619811101490969 	 1.0
5	6	0	0	0.0 	 0.05159537167975869 	 0.16595429661970784 	 5 	 0.0017900051721791207 	 1.0
5	7	0	0	0.1111111111111111 	 0.02603532886272596 	 0.11069776386534307 	 5 	 0.004153427653098141 	 1.0
5	8	0	0	0.1111111111111111 	 0.08590117447443624 	 0.24613952868946856 	 5 	 0.0047225962337424186 	 0.7498539796892567
5	9	0	0	0.1111111111111111 	 0.04400951042970213 	 0.07793270759577846 	 5 	 0.0016310252530851587 	 0.7270313525695128
5	10	0	0	0.25 	 0.011744718072584785 	 0.10736196483204127 	 5 	 0.004334780954455435 	 0.7114435130698525
7	1	0	0	0.16666666666666666 	 0.033893318245725654 	 0.06260553287187895 	 7 	 0.002732417332811677 	 0.5914412874987843
7	2	0	0	0.07692307692307693 	 0.049595712115430866 	 0.20861743485458478 	 7 	 0.007908897454925314 	 0.9999866822223017
7	3	0	0	0.16666666666666666 	 0.08783624966189271 	 0.1974036294785912 	 7 	 0.005640340462989724 	 0.7745466288122367
7	4	0	0	0.07692307692307693 	 0.07050311595036551 	 0.14746576564161215 	 7 	 0.0036433079397591873 	 1.0
7	5	0	0	0.07692307692307693 	 0.04644958014291515 	 0.16627062345897656 	 7 	 0.007949568739658758 	 1.0000003248297562
7	6	0	0	0.0 	 0.06657304354749646 	 0.21233496263133506 	 7 	 0.007497788468796797 	 1.0
7	7	0	0	0.07692307692307693 	 0.04078636302891337 	 0.12947287298328283 	 7 	 0.0045395282724366845 	 0.9999999995795303
7	8	0	0	0.07692307692307693 	 0.09868839588344121 	 0.22736072900246823 	 7 	 0.00582433936710973 	 0.778075132922859
7	9	0	0	0.07692307692307693 	 0.08854775529753961 	 0.2337381403547774 	 7 	 0.004929950693382255 	 0.7821438044584308
7	10	0	0	0.16666666666666666 	 0.04336600949058908 	 0.11801016484315689 	 7 	 0.0033813869675396 	 0.7508571050282672
10	1	0	0	0.1111111111111111 	 0.09463190923529316 	 0.20250225091583815 	 10 	 0.006642494856565597 	 0.999999622544746
10	2	0	0	0.1111111111111111 	 0.08563296948985397 	 0.15675999282917966 	 10 	 0.004564734906863947 	 0.9079336819405381
10	3	0	0	0.25 	 0.08884188371111934 	 0.1965493054981395 	 10 	 0.006532023203939041 	 0.8082800838326119
10	4	0	0	0.05263157894736842 	 0.08836359410670629 	 0.16084260223138608 	 10 	 0.004601840514728727 	 1.0000005417804665
10	5	0	0	0.1111111111111111 	 0.07366926569592117 	 0.17998263246842702 	 10 	 0.006859849717000044 	 1.0
10	6	0	0	0.05263157894736842 	 0.07256332345178852 	 0.12777568095236208 	 10 	 0.0044428999779733405 	 1.0
10	7	0	0	0.05263157894736842 	 0.09233244654034296 	 0.1489505919854828 	 10 	 0.00519704134481151 	 1.000000068713755
10	8	0	0	0.17647058823529413 	 0.08445778613755549 	 0.1754978222339231 	 10 	 0.007248639231113053 	 0.7999885872943429
10	9	0	0	0.05263157894736842 	 0.11704745184203039 	 0.25421032939553506 	 10 	 0.004815341830666315 	 0.8389541089961929
2	1	1	100	0.0 	 0.025324893854544894 	 0.1760995286805157 	 2 	 0.0008403545480252945 	 1.0
2	1	1	1000	0.0 	 0.025324893854544894 	 0.1760995286805157 	 2 	 0.0008422872917607479 	 1.0
2	1	1	10000	0.0 	 0.025324893854544894 	 0.1760995286805157 	 2 	 0.0008380074536538161 	 1.0
2	2	1	100	0.0 	 0.005635091861518481 	 0.021480442597426087 	 2 	 0.0012212620277092796 	 1.0
2	2	1	1000	0.0 	 0.002056924478740711 	 0.028841369728776652 	 2 	 0.001221262027709278 	 1.0
2	2	1	10000	0.0 	 0.007219828023918616 	 0.021480442597426087 	 2 	 0.0012212620277092796 	 1.0
2	3	1	100	0.3333333333333333 	 0.019884256228149044 	 0.08140069027081388 	 2 	 0.0016814933157857986 	 0.9999985902098564
2	3	1	1000	0.3333333333333333 	 0.01934925470970972 	 0.08140068338694252 	 2 	 0.0016815064514060338 	 0.9999999252166835
2	3	1	10000	0.3333333333333333 	 0.019609123605626284 	 0.08140068643489569 	 2 	 0.0016814941006164895 	 0.9999986707316948
2	4	1	100	0.3333333333333333 	 0.010046490711353452 	 0.06604092917312013 	 2 	 0.0028568857098540566 	 0.48402596524231495
2	4	1	1000	0.3333333333333333 	 0.010046490711353452 	 0.06604092917312013 	 2 	 0.002856376097502048 	 0.483973729976234
2	4	1	10000	0.3333333333333333 	 0.010046490711353452 	 0.06604092917312013 	 2 	 0.0028561149207603515 	 0.4839469593602102
2	5	1	100	0.0 	 0.011208805412432915 	 0.13939140070746323 	 2 	 0.0007906150253236581 	 1.0
2	5	1	1000	0.0 	 0.011208805412432915 	 0.13939140070746323 	 2 	 0.0007910611646014011 	 1.0
2	5	1	10000	0.0 	 0.011208805412432915 	 0.13939140070746323 	 2 	 0.0007854144141463456 	 1.0
2	6	1	100	0.3333333333333333 	 0.008525484046637551 	 0.08737440920055718 	 2 	 0.0007477099126096775 	 0.5010204773953608
2	6	1	1000	0.3333333333333333 	 0.008525484046637551 	 0.08737440920055718 	 2 	 0.0007469340849338175 	 0.5010999997321366
2	6	1	10000	0.3333333333333333 	 0.008525484046637551 	 0.08737440920055718 	 2 	 0.0007477491740806288 	 0.5010164530945884
2	7	1	100	0.3333333333333333 	 0.0008907657043090235 	 0.005965323421851223 	 2 	 0.00012008782764507294 	 0.16551379316818
2	7	1	1000	1.0 	 4.312827833689083e-05 	 0.0003544398836754684 	 2 	 7.548621970902199e-06 	 0.0007737337520174747
2	7	1	10000	1.0 	 4.3281447427194384e-06 	 3.55077806435215e-05 	 2 	 7.548621970934964e-07 	 7.737337520208333e-05
2	8	1	100	0.3333333333333333 	 0.01728329485753295 	 0.05959002391601284 	 2 	 0.003469386173069801 	 0.5066969249952942
2	8	1	1000	0.3333333333333333 	 0.017283294857532945 	 0.05959002391601284 	 2 	 0.003467926682205227 	 0.506846522808913
2	8	1	10000	0.3333333333333333 	 0.01728329485753295 	 0.05959002391601284 	 2 	 0.00346792650808477 	 0.5068465406562599
2	9	1	100	0.0 	 0.009162042371326238 	 0.13175686753934898 	 2 	 0.00435500865950796 	 1.0
2	9	1	1000	0.0 	 0.009175839320959334 	 0.13175687027011748 	 2 	 0.004355011943104401 	 1.0
2	9	1	10000	0.0 	 0.009174929828209128 	 0.13175687030639918 	 2 	 0.004355011998996322 	 1.0
2	10	1	100	1.0 	 9.205950167205299e-05 	 0.0010138838891065023 	 2 	 1.0608297867109334e-05 	 0.0010873505313787057
2	10	1	1000	1.0 	 9.20761889466079e-06 	 0.00010151923693596578 	 2 	 1.0608297867110417e-06 	 0.00010873505313788169
2	10	1	10000	1.0 	 9.207789823098922e-07 	 1.0153235112405447e-05 	 2 	 1.0608297867026473e-07 	 1.0873505313702125e-05
3	1	1	100	0.2 	 0.025365065735973386 	 0.1342942490225193 	 3 	 0.005116650467214302 	 0.5193400224222524
3	1	1	1000	0.2 	 0.025336202084957675 	 0.1342942490225193 	 3 	 0.005116650467214302 	 0.5193400224222524
3	1	1	10000	0.2 	 0.025367533433268273 	 0.1342942490225193 	 3 	 0.005116650467214302 	 0.5193400224222524
3	2	1	100	0.0 	 0.039375812477153896 	 0.1606367169306315 	 3 	 0.004034631111265591 	 1.0
3	2	1	1000	0.0 	 0.040415410865883086 	 0.160635093253258 	 3 	 0.004034601678063868 	 1.0
3	2	1	10000	0.0 	 0.040740488310789885 	 0.16063495021811658 	 3 	 0.004034598732977593 	 1.0
3	3	1	100	0.2 	 0.028458591071206896 	 0.08161457626254924 	 3 	 0.0020270679245170107 	 1.000002568720483
3	3	1	1000	0.2 	 0.028467753073842323 	 0.08161457261825497 	 3 	 0.002027067292191243 	 1.0000025497035228
3	3	1	10000	0.2 	 0.02846867935804812 	 0.08161457225158253 	 3 	 0.002027067228555765 	 1.000002547788087
3	4	1	100	0.2 	 0.02551930419074752 	 0.05467589191625357 	 3 	 0.0013235637622813908 	 0.43169994039978915
3	4	1	1000	0.2 	 0.026371582765825574 	 0.053421470261117966 	 3 	 0.0013769880832295738 	 0.4371225089760297
3	4	1	10000	0.2 	 0.02635982076906511 	 0.05326874535412965 	 3 	 0.0013764144601085477 	 0.4370642862292456
3	5	1	100	0.0 	 0.0179478933016855 	 0.1344821870577578 	 3 	 0.0053454468503460525 	 1.0
3	5	1	1000	0.0 	 0.017930815183210748 	 0.1344821870577578 	 3 	 0.0053454468503460525 	 1.0
3	5	1	10000	0.0 	 0.017920603572400547 	 0.1344821870577578 	 3 	 0.0053454468503460525 	 1.0
3	6	1	100	0.2 	 0.015471904283269182 	 0.11586444176370635 	 3 	 0.0013150180289574279 	 0.76856797345135
3	6	1	1000	0.2 	 0.015471904283269182 	 0.11585326039657684 	 3 	 0.0013170800284757918 	 0.7686029107858771
3	7	1	100	0.2 	 0.02543026743243218 	 0.15934995214269096 	 3 	 0.004736372261575951 	 1.0
3	7	1	1000	0.2 	 0.02547224337019407 	 0.15921914281598382 	 3 	 0.004736372261575951 	 1.0
3	7	1	10000	0.2 	 0.026911827954744838 	 0.15920607139525922 	 3 	 0.004736372261575951 	 1.0
3	8	1	100	0.2 	 0.025285724487446287 	 0.16229429739159962 	 3 	 0.004389662491230846 	 1.000000062714684
3	8	1	1000	0.2 	 0.02528492711874129 	 0.16229429742349905 	 3 	 0.004389662502941949 	 1.0000000632782178
3	8	1	10000	0.2 	 0.025284834704039146 	 0.16229429742667564 	 3 	 0.0043896625041124635 	 1.0000000633327444
3	9	1	100	0.0 	 0.025083265119397926 	 0.05753712163466401 	 3 	 0.0012183335363744488 	 1.0
3	9	1	1000	0.0 	 0.02506612122973473 	 0.057617280775531125 	 3 	 0.0012183334990179039 	 1.0
3	9	1	10000	0.0 	 0.025065209356263256 	 0.05762529593940838 	 3 	 0.0012183334971113393 	 1.0
3	10	1	100	0.0 	 0.029024669600071266 	 0.18937111145721866 	 3 	 0.004606653022159125 	 1.0
3	10	1	1000	0.0 	 0.029018048323049425 	 0.1893711115444949 	 3 	 0.004606652960580068 	 1.0
3	10	1	10000	0.0 	 0.029017140853299882 	 0.18937111155219458 	 3 	 0.0046066529550297525 	 1.0
5	1	1	100	0.25 	 0.032298136991156405 	 0.12425695037271556 	 5 	 0.0066781593391372724 	 0.6644768542441583
5	1	1	1000	0.25 	 0.03272116957009056 	 0.12425695037271556 	 5 	 0.0066781593391372724 	 0.6644768542441583
5	1	1	10000	0.25 	 0.032966201619027344 	 0.12425695037271556 	 5 	 0.0066781593391372724 	 0.6644768542441583
5	2	1	100	0.0 	 0.045014386711324905 	 0.13403291104352574 	 5 	 0.0032381196825201327 	 1.0
5	2	1	1000	0.0 	 0.04516476325242722 	 0.1344302690955896 	 5 	 0.0031904621334908436 	 1.0
5	2	1	10000	0.0 	 0.0451598688171017 	 0.13446996830473426 	 5 	 0.003185695815658308 	 1.0
5	3	1	100	0.1111111111111111 	 0.08121886705142886 	 0.2013902143277366 	 5 	 0.0027363797530493518 	 0.6647471937132137
5	3	1	1000	0.25 	 0.05946123005819482 	 0.13444285929250907 	 5 	 0.0031502871379248316 	 0.3443908363059876
5	3	1	10000	0.25 	 0.06323586786889608 	 0.13444996282486704 	 5 	 0.003150288729928232 	 0.3443908363059876
5	4	1	100	0.0 	 0.04563847580473132 	 0.1503964573371082 	 5 	 0.0028428123965054085 	 1.0
5	4	1	1000	0.0 	 0.04563900274652117 	 0.15049781642663237 	 5 	 0.002834221567015317 	 1.0
5	4	1	10000	0.0 	 0.04563993958279703 	 0.15050795052459215 	 5 	 0.0028333624840663086 	 1.0
5	5	1	100	0.0 	 0.037940372270270285 	 0.13103708703146663 	 5 	 0.0044271785660033825 	 1.0
5	5	1	1000	0.0 	 0.037981233267968914 	 0.13114696185761213 	 5 	 0.0044271785660033825 	 1.0
5	5	1	10000	0.0 	 0.037989178716981 	 0.13115794908980893 	 5 	 0.0044271785660033825 	 1.0
5	6	1	100	0.1111111111111111 	 0.038222818193662966 	 0.10720419025201136 	 5 	 0.0008499992911765946 	 0.6340403142886253
5	6	1	1000	0.1111111111111111 	 0.038203647785769776 	 0.10719065375840724 	 5 	 0.002100041708063491 	 0.7910869839465071
5	6	1	10000	0.1111111111111111 	 0.03822549740840917 	 0.10718930008203346 	 5 	 0.002100917569372899 	 0.7910370239113904
5	7	1	100	0.0 	 0.03530969351466513 	 0.15811626271248738 	 5 	 0.002722213570317639 	 1.0
5	7	1	1000	0.0 	 0.03571756904497279 	 0.14780369801601145 	 5 	 0.005201725876026331 	 1.0
5	7	1	10000	0.0 	 0.03686315727098545 	 0.14780369801601145 	 5 	 0.005201725876026331 	 1.0
5	8	1	100	0.1111111111111111 	 0.06453347372196727 	 0.18389522181073703 	 5 	 0.00264111103989774 	 0.8106496343730247
5	8	1	1000	0.1111111111111111 	 0.06475486497994969 	 0.18375797413359007 	 5 	 0.0026413696313421103 	 0.8106496343730248
5	8	1	10000	0.1111111111111111 	 0.06528000846612897 	 0.18374424524211014 	 5 	 0.0026413954904865493 	 0.810649634373025
5	9	1	100	0.0 	 0.06686071177884288 	 0.1833049808825053 	 5 	 0.0028239558239888905 	 1.0
5	9	1	1000	0.0 	 0.06686092173712578 	 0.18332577317629237 	 5 	 0.0028226648185399666 	 1.0
5	9	1	10000	0.0 	 0.06686094304559037 	 0.18332785209755825 	 5 	 0.0028225357187128624 	 1.0
5	10	1	100	0.1111111111111111 	 0.025384488933462873 	 0.16325220150146066 	 5 	 0.006230254369742023 	 0.999999977879459
5	10	1	1000	0.1111111111111111 	 0.02539770539499005 	 0.1632522014755272 	 5 	 0.006230254328006304 	 0.9999999770265746
5	10	1	10000	0.1111111111111111 	 0.025398880310495916 	 0.16325220147285993 	 5 	 0.0062302543237808435 	 0.9999999769361374
7	1	1	100	0.16666666666666666 	 0.049971401411203036 	 0.16881837525249735 	 7 	 0.005932076359709499 	 0.8435461610518282
7	1	1	1000	0.16666666666666666 	 0.04911807624238578 	 0.1687439068882509 	 7 	 0.005907378029820996 	 0.8411380738876992
7	1	1	10000	0.16666666666666666 	 0.049975462064057674 	 0.16873646001113046 	 7 	 0.005904908196831819 	 0.8408972651712544
7	2	1	100	0.07692307692307693 	 0.04581304118391917 	 0.10343605486230247 	 7 	 0.0031216033041978814 	 0.8839500434845888
7	2	1	1000	0.07692307692307693 	 0.04580638984487769 	 0.10360506622234729 	 7 	 0.003195396657776773 	 0.8839500422465
7	2	1	10000	0.16666666666666666 	 0.044111749594180814 	 0.09967556875548161 	 7 	 0.0029528880937655234 	 0.7129908141321819
7	3	1	100	0.16666666666666666 	 0.0902241427592017 	 0.21173248862903335 	 7 	 0.005561439421696848 	 0.8795981529625062
7	3	1	1000	0.16666666666666666 	 0.09022413619101083 	 0.2117423756584754 	 7 	 0.005561449739541625 	 0.8795982758591463
7	3	1	10000	0.16666666666666666 	 0.09022413575066313 	 0.21174336483603615 	 7 	 0.005561450807740444 	 0.8795982885477316
7	4	1	100	0.07692307692307693 	 0.06608714369317505 	 0.14633927919988451 	 7 	 0.0021230971230263903 	 1.0
7	4	1	1000	0.07692307692307693 	 0.06580743746737108 	 0.14623617557853227 	 7 	 0.002116865017068695 	 1.0
7	4	1	10000	0.07692307692307693 	 0.06676997920982705 	 0.14622586802386503 	 7 	 0.002116241806472888 	 1.0
7	5	1	100	0.07692307692307693 	 0.03503347421636231 	 0.11821017973857918 	 7 	 0.003331153610865936 	 0.9383070118054608
7	5	1	1000	0.07692307692307693 	 0.034507461532174634 	 0.11824645141493743 	 7 	 0.0033475043448282903 	 0.9383070118054608
7	5	1	10000	0.07692307692307693 	 0.03415848750619429 	 0.11825007863991627 	 7 	 0.003349139418224548 	 0.9383070118054608
7	6	1	100	0.0 	 0.06662950794160284 	 0.21063651687959442 	 7 	 0.00764135997453225 	 1.0
7	6	1	1000	0.0 	 0.0666285536481728 	 0.2106365174869605 	 7 	 0.0076413592009334326 	 1.0
7	6	1	10000	0.0 	 0.06662845851596504 	 0.21063651754780466 	 7 	 0.007641359123539786 	 1.0
7	7	1	100	0.0 	 0.05613410497481009 	 0.15883764703637698 	 7 	 0.0062272544099692875 	 1.0
7	7	1	1000	0.0 	 0.0561332831192892 	 0.1588376514903745 	 7 	 0.006227252678290449 	 1.0
7	7	1	10000	0.0 	 0.056133201423095046 	 0.1588376519357611 	 7 	 0.006227252505126495 	 1.0
7	8	1	100	0.07692307692307693 	 0.09641662471293531 	 0.20440012011095293 	 7 	 0.006021067888849261 	 0.8618021593458978
7	8	1	1000	0.07692307692307693 	 0.09264523485693679 	 0.2042777458464292 	 7 	 0.006056446963260208 	 0.8618021593458978
7	8	1	10000	0.07692307692307693 	 0.08788743049861222 	 0.20426550502248544 	 7 	 0.006059984870701286 	 0.8618021593458978
7	9	1	100	0.0 	 0.09496810608444593 	 0.2406908242646593 	 7 	 0.005412656167822871 	 1.0
7	9	1	1000	0.0 	 0.10127710920507145 	 0.24481276359304624 	 7 	 0.005558458762924257 	 1.0
7	9	1	10000	0.0 	 0.1012919423779601 	 0.24481802520641238 	 7 	 0.005561759090430498 	 1.0
7	10	1	100	0.07692307692307693 	 0.05367784440210441 	 0.18193810961711004 	 7 	 0.003794554345852375 	 0.9999818312755677
7	10	1	1000	0.07692307692307693 	 0.053451344327403894 	 0.18447430272556162 	 7 	 0.005464976768425619 	 1.000000454997164
7	10	1	10000	0.07692307692307693 	 0.05344895957851944 	 0.18447134357226205 	 7 	 0.005464977193062258 	 1.000000456868592
10	1	1	100	0.1111111111111111 	 0.09402283524317939 	 0.19769021766657335 	 10 	 0.007404889727703359 	 1.0000001403368868
10	1	1	1000	0.1111111111111111 	 0.09368786307017334 	 0.19760272649594415 	 10 	 0.0074048912496140415 	 1.000000258833999
10	1	1	10000	0.1111111111111111 	 0.09371313496480242 	 0.19759396804412996 	 10 	 0.007404891014804954 	 1.000000250863555
10	2	1	100	0.1111111111111111 	 0.07068264652519543 	 0.11961108606144548 	 10 	 0.0030648065643598234 	 0.857723129059847
10	2	1	1000	0.1111111111111111 	 0.07068144226341795 	 0.11976031180829401 	 10 	 0.003092167012322387 	 0.8613809896298121
10	2	1	10000	0.1111111111111111 	 0.07068267841286194 	 0.11977523286440744 	 10 	 0.0030949030675447783 	 0.8617467754516828
10	3	1	100	0.25 	 0.09033332002928904 	 0.16921826095236714 	 10 	 0.007034524058175129 	 0.9118268987410143
10	3	1	1000	0.25 	 0.09035813497335106 	 0.16922900392817655 	 10 	 0.007034523991974431 	 0.9118268937287344
10	3	1	10000	0.25 	 0.09035204530388158 	 0.1692300783293267 	 10 	 0.0070345239953586635 	 0.9118268935237919
10	4	1	100	0.05263157894736842 	 0.08789365742116598 	 0.17111239659685376 	 10 	 0.004812947626864172 	 1.0000002439288556
10	4	1	1000	0.05263157894736842 	 0.08774145003400959 	 0.17088560639044592 	 10 	 0.0048109502512021 	 1.0000002704656836
10	4	1	10000	0.05263157894736842 	 0.08772613350323909 	 0.1708629359798257 	 10 	 0.004810750451904647 	 1.0000002733814886
10	5	1	100	0.05263157894736842 	 0.0720530553958176 	 0.17149657035511465 	 10 	 0.006876979604261327 	 0.999992087681383
10	5	1	1000	0.05263157894736842 	 0.07206296311259665 	 0.17154885690998958 	 10 	 0.00687697528257501 	 0.9999920320505409
10	5	1	10000	0.05263157894736842 	 0.07206393626890352 	 0.1715540853627467 	 10 	 0.006876974850437352 	 0.9999920264841743
10	6	1	100	0.1111111111111111 	 0.06694405525990227 	 0.13792596705194382 	 10 	 0.006094817076436863 	 1.0
10	6	1	1000	0.1111111111111111 	 0.0663197467586794 	 0.13819203968388458 	 10 	 0.006089811941015184 	 1.0
10	6	1	10000	0.1111111111111111 	 0.06709515500097747 	 0.1382186528842234 	 10 	 0.006089311427473085 	 1.0
10	7	1	100	0.0 	 0.10006887039345866 	 0.2263084692581567 	 10 	 0.00599337279479688 	 1.0
10	7	1	1000	0.0 	 0.10119997195031175 	 0.22643970729824595 	 10 	 0.00599337279479688 	 1.0
10	7	1	10000	0.0 	 0.10084980358456226 	 0.22645282977621894 	 10 	 0.0059933727947968805 	 1.0
10	8	1	100	0.1111111111111111 	 0.08237106604401095 	 0.14844678822968158 	 10 	 0.004773534808749034 	 0.8485154656696701
10	8	1	1000	0.1111111111111111 	 0.0868400199259514 	 0.14870291144967446 	 10 	 0.004739515153628797 	 0.8485154211078517
10	8	1	10000	0.1111111111111111 	 0.09086315972798424 	 0.14880747903457844 	 10 	 0.004726783268795602 	 0.8485154211078517
10	9	1	100	0.0 	 0.11545966070168284 	 0.23345235192269956 	 10 	 0.0052845121750544205 	 1.0
10	9	1	1000	0.0 	 0.1113524282354901 	 0.23355621054839082 	 10 	 0.005282978428064304 	 1.0
10	9	1	10000	0.0 	 0.1113535805469812 	 0.2335670122831425 	 10 	 0.005282979670985652 	 1.0
2	1	2	100	0.0 	 0.009053957169138737 	 0.13047643880210535 	 2 	 0.0013008404790035614 	 1.0
2	1	2	1000	0.0 	 0.009053957169138737 	 0.13047643880210535 	 2 	 0.0012947648164242124 	 1.0
2	1	2	10000	0.0 	 0.009053957169138737 	 0.13047643880210535 	 2 	 0.001296393034413801 	 1.0
2	2	2	100	0.0 	 0.002056924478740712 	 0.014988397146095098 	 2 	 0.00417477936475535 	 1.0
2	2	2	1000	0.0 	 0.0020569244787407123 	 0.01499056510843542 	 2 	 0.004179464877827626 	 1.0
2	2	2	10000	0.0 	 0.002056924478740711 	 0.014990781901420476 	 2 	 0.004179933429134848 	 1.0
2	3	2	100	0.3333333333333333 	 0.017618791215582928 	 0.17964883574723653 	 2 	 0.00426832257604391 	 0.9999957640504091
2	3	2	1000	0.3333333333333333 	 0.01761879089732586 	 0.17964883348405525 	 2 	 0.004268322972359114 	 0.9999958049147772
2	3	2	10000	0.3333333333333333 	 0.01761879086559469 	 0.17964883325824724 	 2 	 0.0042683230117637645 	 0.9999958089778791
2	4	2	100	0.3333333333333333 	 0.018734865427736856 	 0.09478859588511396 	 2 	 0.0010056280143769941 	 0.3613854255771847
2	4	2	1000	0.3333333333333333 	 0.018734865427736856 	 0.09483602924007466 	 2 	 0.0010131670842508855 	 0.3613854255771848
2	4	2	10000	0.3333333333333333 	 0.018734865427736856 	 0.09484077223808406 	 2 	 0.0010139209912382759 	 0.36138542557718467
2	5	2	100	0.3333333333333333 	 0.031212946760691643 	 0.10496856301865065 	 2 	 0.0019820047029913126 	 0.20315548205660933
2	5	2	1000	0.3333333333333333 	 0.03173992712708902 	 0.10464022743942736 	 2 	 0.0019820047029913117 	 0.20315548205660927
2	5	2	10000	0.3333333333333333 	 0.0312567593750541 	 0.10460741085392548 	 2 	 0.0019820047029913126 	 0.20315548205660933
2	6	2	100	0.3333333333333333 	 0.01636387130477795 	 0.07045266706529268 	 2 	 0.0015177001825063517 	 0.2710393333228041
2	6	2	1000	0.3333333333333333 	 0.016353856488397843 	 0.07038404781837812 	 2 	 0.0013768834157127348 	 0.27103933332280405
2	6	2	10000	0.3333333333333333 	 0.016352836701741785 	 0.07037690593829662 	 2 	 0.001362801739034361 	 0.2710393333228041
2	7	2	100	0.3333333333333333 	 0.011075170756975521 	 0.02617920250667307 	 2 	 0.0039289217273854385 	 0.49183603255617264
2	7	2	1000	0.3333333333333333 	 0.011075170756975521 	 0.02617920250667307 	 2 	 0.003933033609595507 	 0.4922575004827046
2	7	2	10000	0.3333333333333333 	 0.011075170756975521 	 0.02617920250667297 	 2 	 0.003934549694304154 	 0.492412899165341
2	8	2	100	0.3333333333333333 	 0.01728329485753295 	 0.19234285550987223 	 2 	 0.00018826440748936143 	 0.5065207065140066
2	8	2	1000	0.3333333333333333 	 0.01728329485753295 	 0.19234285550987223 	 2 	 0.00018772764110743816 	 0.5065757250681537
2	8	2	10000	0.3333333333333333 	 0.017283294857532945 	 0.19234285550987223 	 2 	 0.00018463378193183126 	 0.5068928456336534
2	9	2	100	0.3333333333333333 	 0.02069661431717185 	 0.00660839701497275 	 2 	 0.00019757515346870323 	 0.020252182999750717
2	9	2	1000	0.3333333333333333 	 0.020704233009674732 	 0.00708912383213749 	 2 	 0.00019758224357993673 	 0.020252180148491325
2	9	2	10000	0.3333333333333333 	 0.020846903095553693 	 0.007137534682121045 	 2 	 0.0001974344858643349 	 0.020252236545788522
2	10	2	100	0.3333333333333333 	 0.010293671649310046 	 0.021065504696870324 	 2 	 0.004104834422559992 	 0.5530549168076657
2	10	2	1000	0.3333333333333333 	 0.010285560823200679 	 0.021014716482498197 	 2 	 0.004099462200353283 	 0.5536055695838534
2	10	2	10000	0.3333333333333333 	 0.01028398894545114 	 0.02100655228411783 	 2 	 0.004100826558695252 	 0.5534657228538016
3	1	2	100	0.0 	 0.03294049314446512 	 0.18200385778255937 	 3 	 0.004350744314814632 	 1.0
3	1	2	1000	0.0 	 0.03275778666904556 	 0.18200385778255937 	 3 	 0.004350744314814632 	 1.0
3	1	2	10000	0.0 	 0.03283074712258947 	 0.18200385778255937 	 3 	 0.004350744314814632 	 1.0
3	2	2	100	0.0 	 0.01158074386858506 	 0.1497782434550071 	 3 	 0.0044988240305083955 	 1.0
3	2	2	1000	0.0 	 0.011578444846659356 	 0.14977824341619678 	 3 	 0.004498824038779416 	 1.0
3	2	2	10000	0.0 	 0.011578218429659174 	 0.14977824341229662 	 3 	 0.00449882403964348 	 1.0
3	3	2	100	0.2 	 0.028900185699484007 	 0.1618806642638195 	 3 	 0.005350573589994745 	 0.9999991487749071
3	3	2	1000	0.2 	 0.0288982142885318 	 0.16188066386084085 	 3 	 0.005350573692547265 	 0.9999991513363877
3	3	2	10000	0.2 	 0.028897927438358218 	 0.16188066381999094 	 3 	 0.0053505737028496595 	 0.999999151602422
3	4	2	100	0.0 	 0.04246205668129131 	 0.20866819744440904 	 3 	 0.00437762709373506 	 1.0
3	4	2	1000	0.0 	 0.042334142794484796 	 0.2086956496062539 	 3 	 0.004371087548216082 	 1.0
3	4	2	10000	0.0 	 0.04232194985610681 	 0.2086983947112761 	 3 	 0.004370433595017785 	 1.0
3	5	2	100	0.2 	 0.007154227061332485 	 0.027858558547834145 	 3 	 0.0016490531472438774 	 0.33821585472762133
3	5	2	1000	0.2 	 0.006918267420911759 	 0.02657415032060829 	 3 	 0.0016310984322959875 	 0.3363934511604105
3	5	2	10000	0.2 	 0.007035108484713246 	 0.026445590387595762 	 3 	 0.0016293029608011969 	 0.33621121080368926
3	6	2	100	0.0 	 0.027994908215112788 	 0.17031366542231147 	 3 	 0.004858595430870971 	 1.0
3	6	2	1000	0.0 	 0.02795580384168468 	 0.17029391191806834 	 3 	 0.004877578295549387 	 1.0
3	6	2	10000	0.0 	 0.027981272581736143 	 0.17029193651591146 	 3 	 0.004879476582016763 	 1.0
3	7	2	100	0.2 	 0.0274726762738981 	 0.13661682481383092 	 3 	 0.003917014012599656 	 1.0
3	7	2	1000	0.2 	 0.028199244835764567 	 0.13661682481383092 	 3 	 0.003917014012599656 	 1.0
3	7	2	10000	0.2 	 0.027592533616140547 	 0.13661682481383092 	 3 	 0.003917014012599656 	 1.0
3	8	2	100	0.2 	 0.02877219916081682 	 0.10406196513932622 	 3 	 0.0031586031289393317 	 0.6794017824126575
3	8	2	1000	0.2 	 0.025642409946212776 	 0.10459211074052717 	 3 	 0.003158603128939331 	 0.6794017824126575
3	8	2	10000	0.2 	 0.028650555443641906 	 0.10464498030752145 	 3 	 0.0031586031289393317 	 0.6794017824126575
3	9	2	100	0.2 	 0.04015647881163219 	 0.2001196750204246 	 3 	 0.004946986945447851 	 0.9999998886460673
3	9	2	1000	0.2 	 0.038715312132135964 	 0.20011967561549077 	 3 	 0.004946990268828836 	 1.0000000425008626
3	9	2	10000	0.2 	 0.03859723993393511 	 0.20011968733440463 	 3 	 0.004946993898771575 	 1.0000002433247213
3	10	2	100	0.2 	 0.024487280385436096 	 0.1228906134777496 	 3 	 0.004522128267624997 	 1.0
3	10	2	1000	0.2 	 0.025213485051506498 	 0.1228906134777496 	 3 	 0.004522128267624997 	 1.0
3	10	2	10000	0.2 	 0.023877705482444656 	 0.1228906134777496 	 3 	 0.004522128267624997 	 1.0
5	1	2	100	0.25 	 0.03181296821502196 	 0.15101077837767365 	 5 	 0.006578370963381301 	 0.778450319840577
5	1	2	1000	0.25 	 0.03204978477873869 	 0.15101077837767365 	 5 	 0.006578370963381301 	 0.778450319840577
5	1	2	10000	0.25 	 0.032771066801406394 	 0.15101077837767365 	 5 	 0.006578370963381301 	 0.778450319840577
5	2	2	100	0.0 	 0.045628314438748374 	 0.1675162277950948 	 5 	 0.002458708683389901 	 1.0
5	2	2	1000	0.0 	 0.044995448185522584 	 0.16757669407770628 	 5 	 0.0024322505436050134 	 1.0
5	2	2	10000	0.0 	 0.04563457075972878 	 0.16758273961155878 	 5 	 0.0024296047296265334 	 1.0
5	3	2	100	0.0 	 0.0772413874336703 	 0.2453961824924751 	 5 	 0.00272790442817388 	 1.0
5	3	2	1000	0.0 	 0.07069988598934894 	 0.23612972337152793 	 5 	 0.003183032576521798 	 1.0
5	3	2	10000	0.0 	 0.0706999020632815 	 0.23612865928841426 	 5 	 0.0031842967061894425 	 1.0
5	4	2	100	0.0 	 0.045636378617626414 	 0.15411272420747996 	 5 	 0.004168749429117963 	 1.0
5	4	2	1000	0.0 	 0.0456832629836918 	 0.15417342219779157 	 5 	 0.0041725659384707885 	 1.0
5	4	2	10000	0.0 	 0.04563911420211843 	 0.1541794924746625 	 5 	 0.004172947589406072 	 1.0
5	5	2	100	0.0 	 0.043860626173229035 	 0.23492058030475865 	 5 	 0.0026167158153524404 	 1.0
5	5	2	1000	0.0 	 0.043854677531492 	 0.2349179985339342 	 5 	 0.00261950157352205 	 1.0
5	5	2	10000	0.0 	 0.04385430363032795 	 0.23491774036319718 	 5 	 0.002619780148713705 	 1.0
5	6	2	100	0.0 	 0.05205823216254737 	 0.16597555994323304 	 5 	 0.0017688631422640314 	 1.0
5	6	2	1000	0.0 	 0.051619804747776984 	 0.16595652472771172 	 5 	 0.001787883968289236 	 1.0
5	6	2	10000	0.0 	 0.05159875503675238 	 0.1659545194324301 	 5 	 0.0017897930516673599 	 1.0
5	7	2	100	0.1111111111111111 	 0.025854520231148103 	 0.11086550098857756 	 5 	 0.004153427653098141 	 1.0
5	7	2	1000	0.1111111111111111 	 0.02588524369040794 	 0.11071453435248883 	 5 	 0.00415342765309814 	 1.0
5	7	2	10000	0.1111111111111111 	 0.02451537253679049 	 0.11069944088181272 	 5 	 0.004153427653098141 	 1.0
5	8	2	100	0.1111111111111111 	 0.08497090041430891 	 0.24625365739419883 	 5 	 0.0047225962337424186 	 0.7498539796892567
5	8	2	1000	0.1111111111111111 	 0.08321909621407729 	 0.24615094420600997 	 5 	 0.0047225962337424186 	 0.7498539796892567
5	8	2	10000	0.1111111111111111 	 0.08428028075691472 	 0.2461406702675901 	 5 	 0.0047225962337424186 	 0.7498539796892566
5	9	2	100	0.1111111111111111 	 0.04401068180682334 	 0.07767174872295515 	 5 	 0.001632487595145631 	 0.7284502490710126
5	9	2	1000	0.1111111111111111 	 0.04401043500217066 	 0.07788326247976352 	 5 	 0.0016300981406883013 	 0.7271236002529999
5	9	2	10000	0.1111111111111111 	 0.04400955448344244 	 0.077927763113487 	 5 	 0.0016290131307108908 	 0.7272315587457524
5	10	2	100	0.25 	 0.012209538958421114 	 0.10735813970527763 	 5 	 0.0043347809544554364 	 0.7114435130698527
5	10	2	1000	0.25 	 0.011960446666187806 	 0.10736158232084013 	 5 	 0.004334780954455436 	 0.7114435130698527
5	10	2	10000	0.25 	 0.011701232777093945 	 0.1073619265809359 	 5 	 0.004334780954455436 	 0.7114435130698525
7	1	2	100	0.16666666666666666 	 0.03360214005616273 	 0.06046964383602162 	 7 	 0.0027621709888790624 	 0.5914412874987844
7	1	2	1000	0.16666666666666666 	 0.033839930140603616 	 0.062389296887670184 	 7 	 0.0027353926984184187 	 0.5914412874987844
7	1	2	10000	0.16666666666666666 	 0.03391949810208864 	 0.06258401441044517 	 7 	 0.0027327148693723317 	 0.5914412874987844
7	2	2	100	0.07692307692307693 	 0.04957214223319404 	 0.2086174225609034 	 7 	 0.007908916947987631 	 0.9999869906798369
7	2	2	1000	0.07692307692307693 	 0.04959342774061516 	 0.20861743362508126 	 7 	 0.00790889940424745 	 0.9999867130684075
7	2	2	10000	0.07692307692307693 	 0.04959548420563079 	 0.2086174347315076 	 7 	 0.007908897649842428 	 0.9999866853064772
7	3	2	100	0.16666666666666666 	 0.0877879395792123 	 0.19741049037761446 	 7 	 0.005640342679998377 	 0.7745466174588854
7	3	2	1000	0.16666666666666666 	 0.08783176580895567 	 0.1974043155551969 	 7 	 0.005640340684301884 	 0.7745466276467105
7	3	2	10000	0.16666666666666666 	 0.08783579535326494 	 0.1974036980861667 	 7 	 0.0056403404851101254 	 0.7745466286964022
7	4	2	100	0.07692307692307693 	 0.0705627485104894 	 0.14756928133614367 	 7 	 0.0036516807537370763 	 1.0
7	4	2	1000	0.07692307692307693 	 0.06959913022669381 	 0.1474761164918455 	 7 	 0.0036441452211569826 	 1.0
7	4	2	10000	0.07692307692307693 	 0.0709162625119072 	 0.14746680071944385 	 7 	 0.003643391667899005 	 1.0
7	5	2	100	0.07692307692307693 	 0.04645441743992593 	 0.166270620943734 	 7 	 0.007949568300891805 	 1.0000003202541496
7	5	2	1000	0.07692307692307693 	 0.04645042746841505 	 0.1662706230976524 	 7 	 0.007949568674978863 	 1.0000003240793196
7	5	2	10000	0.07692307692307693 	 0.04644966963298801 	 0.16627062342278728 	 7 	 0.007949568733185777 	 1.0000003247551892
7	6	2	100	0.0 	 0.06657224371408878 	 0.21233496281000014 	 7 	 0.007497788381027354 	 1.0
7	6	2	1000	0.0 	 0.06657296387836034 	 0.2123349626492628 	 7 	 0.007497788459984072 	 1.0
7	6	2	10000	0.0 	 0.06657303594061412 	 0.21233496263320858 	 7 	 0.007497788467916856 	 1.0
7	7	2	100	0.07692307692307693 	 0.04078968361148394 	 0.1295875171989626 	 7 	 0.0045509974771275625 	 0.9999999997054098
7	7	2	1000	0.07692307692307693 	 0.04386294564064716 	 0.12948435326303723 	 7 	 0.004540676203146468 	 1.0000001166627954
7	7	2	10000	0.07692307692307693 	 0.040786429036517614 	 0.12947401925380947 	 7 	 0.004539642963367107 	 0.9999999995702322
7	8	2	100	0.07692307692307693 	 0.0972374468149136 	 0.2274087706981349 	 7 	 0.0058092268916456 	 0.778075132922859
7	8	2	1000	0.07692307692307693 	 0.09140537476600899 	 0.22736553362177628 	 7 	 0.005822828119563316 	 0.778075132922859
7	8	2	10000	0.07692307692307693 	 0.09266299136356919 	 0.22736120946889685 	 7 	 0.005824188242355092 	 0.778075132922859
7	9	2	100	0.07692307692307693 	 0.08931628758438631 	 0.2337381403547774 	 7 	 0.004929950693382255 	 0.7821438044584307
7	9	2	1000	0.07692307692307693 	 0.08917666499606641 	 0.2337381403547774 	 7 	 0.004929950693382254 	 0.7821438044584307
7	9	2	10000	0.07692307692307693 	 0.08907443204515061 	 0.23373814035477758 	 7 	 0.004929950693382256 	 0.7821438044584308
7	10	2	100	0.16666666666666666 	 0.0433022515748461 	 0.11792714717328617 	 7 	 0.003368826861861659 	 0.7508571153632038
7	10	2	1000	0.16666666666666666 	 0.04335973767799087 	 0.11800186377931193 	 7 	 0.0033801309570104248 	 0.7508571060524754
7	10	2	10000	0.16666666666666666 	 0.043365539832549094 	 0.11800933474376793 	 7 	 0.003381261366498708 	 0.7508571051282102
10	1	2	100	0.1111111111111111 	 0.09461414301045454 	 0.2025720314837989 	 10 	 0.006642494581111401 	 0.9999996139338378
10	1	2	1000	0.1111111111111111 	 0.09462885307645652 	 0.20250922950481903 	 10 	 0.006642494825285807 	 0.9999996215942422
10	1	2	10000	0.1111111111111111 	 0.09463145576670014 	 0.20250294878012404 	 10 	 0.006642494853393706 	 0.9999996224472364
10	2	2	100	0.1111111111111111 	 0.08758949161593041 	 0.1566505471810305 	 10 	 0.004564761285114597 	 0.9079345659314172
10	2	2	1000	0.1111111111111111 	 0.08585548558896629 	 0.15674905061305117 	 10 	 0.004564737732849336 	 0.9079337742611752
10	2	2	10000	0.1111111111111111 	 0.08567085352935003 	 0.15675889864859843 	 10 	 0.004564735189139273 	 0.907933691183733
10	3	2	100	0.25 	 0.08882108342486675 	 0.19644656538645566 	 10 	 0.006532023273042817 	 0.808280087569813
10	3	2	1000	0.25 	 0.08884000319719147 	 0.1965390313497562 	 10 	 0.006532023210878614 	 0.8082800842074799
10	3	2	10000	0.25 	 0.08884168412488437 	 0.19654827808186448 	 10 	 0.0065320232046347845 	 0.8082800838686819
10	4	2	100	0.05263157894736842 	 0.08838456614715567 	 0.16067683580620679 	 10 	 0.004593935656292295 	 1.0000005604476778
10	4	2	1000	0.05263157894736842 	 0.08836570828489157 	 0.1608260221931182 	 10 	 0.004601050070706594 	 1.0000005436184
10	4	2	10000	0.05263157894736842 	 0.08836380858889817 	 0.16084094419338565 	 10 	 0.004601761470861088 	 1.0000005419693936
10	5	2	100	0.1111111111111111 	 0.07354881165193701 	 0.17998470602985137 	 10 	 0.006859849717000045 	 1.0
10	5	2	1000	0.1111111111111111 	 0.07244797639812554 	 0.1799828398248323 	 10 	 0.006859849717000045 	 1.0
10	5	2	10000	0.1111111111111111 	 0.0742214913006919 	 0.17998265320407056 	 10 	 0.006859849717000044 	 1.0
10	6	2	100	0.05263157894736842 	 0.07457657266548287 	 0.12785447058945537 	 10 	 0.004411708348940539 	 1.0
10	6	2	1000	0.05263157894736842 	 0.07290618946444796 	 0.12778356084123382 	 10 	 0.004439780815070045 	 1.0
10	6	2	10000	0.05263157894736842 	 0.07169046558146895 	 0.1277764689505021 	 10 	 0.004442588061682994 	 1.0
10	7	2	100	0.05263157894736842 	 0.09233752735118116 	 0.14923885119784433 	 10 	 0.005197042540802383 	 1.0000000701171858
10	7	2	1000	0.05263157894736842 	 0.09233287322598135 	 0.14897941040304763 	 10 	 0.005197041442937451 	 1.0000000688182655
10	7	2	10000	0.05263157894736842 	 0.09233248351395636 	 0.14895347375638462 	 10 	 0.00519704135462992 	 1.0000000687203514
10	8	2	100	0.1111111111111111 	 0.09386871824622775 	 0.17410960798537145 	 10 	 0.0075066896470726355 	 0.9260322102913604
10	8	2	1000	0.17647058823529413 	 0.08422457055952483 	 0.1754822568851596 	 10 	 0.007246625844472535 	 0.8000187474026091
10	8	2	10000	0.1111111111111111 	 0.08278523460430158 	 0.17427996953135896 	 10 	 0.007519353915034135 	 0.9254806375936938
10	9	2	100	0.05263157894736842 	 0.11804060188062973 	 0.25420732475914964 	 10 	 0.004815341830666314 	 0.8389541089961929
10	9	2	1000	0.05263157894736842 	 0.1152477611122141 	 0.254210028932986 	 10 	 0.004815341830666314 	 0.8389541089961929
10	9	2	10000	0.05263157894736842 	 0.11697450236101291 	 0.2542102993492911 	 10 	 0.004815341830666314 	 0.8389541089961929
