2	1	0	0	1.0 	 1.7230445398576445e-17 	 2.479269150648084e-16 	 2 	 1.353930517835558e-18 	 1.3877787807814454e-16
2	2	0	0	1.0 	 1.0530026641240672e-13 	 3.5338548655401703e-13 	 2 	 3.5119366764295916e-14 	 3.599735093340329e-12
2	3	0	0	1.0 	 7.819564402836051e-18 	 1.5134491633051895e-16 	 2 	 1.0831444142684464e-18 	 1.1102230246251563e-16
2	4	0	0	1.0 	 1.8654730360865272e-17 	 3.6359233419457083e-16 	 2 	 2.9786471392382275e-18 	 3.05311331771918e-16
2	5	0	0	1.0 	 5.6905958304876774e-18 	 1.1096369210353863e-16 	 2 	 2.707861035671116e-19 	 2.7755575615628914e-17
2	6	0	0	1.0 	 1.888531174760882e-17 	 2.6664521391960867e-16 	 2 	 1.6247166214026696e-18 	 1.6653345369377353e-16
2	7	0	0	1.0 	 1.2581873669348414e-17 	 1.5828576811801836e-16 	 2 	 1.5570200955108917e-18 	 1.5959455978986625e-16
2	8	0	0	1.0 	 8.718863289437954e-18 	 1.0547363904845983e-16 	 2 	 5.415722071342232e-19 	 5.551115123125784e-17
2	9	0	0	1.0 	 2.3061892428416536e-16 	 1.1111681792938917e-16 	 2 	 2.2001370914827817e-19 	 2.2551405187698492e-17
2	10	0	0	1.0 	 1.8432908325902098e-16 	 1.121315254874839e-16 	 2 	 8.969789680660571e-19 	 9.194034422677078e-17
3	1	0	0	1.0 	 1.994153335144289e-17 	 1.76489526118007e-16 	 3 	 9.570888143320303e-19 	 9.714451465470117e-17
3	2	0	0	1.0 	 9.825298119453231e-14 	 1.1209267439046538e-13 	 3 	 1.502798638130964e-14 	 1.52534061770293e-12
3	3	0	0	1.0 	 3.906017560754536e-17 	 1.8188634233548898e-16 	 3 	 2.050904602140065e-18 	 2.0816681711721688e-16
3	4	0	0	1.0 	 1.3300904702479934e-17 	 1.9902814124230285e-16 	 3 	 2.461085522568078e-18 	 2.498001805406602e-16
3	5	0	0	1.0 	 2.3519352938388735e-17 	 2.2001033249703718e-16 	 3 	 3.0079934164720953e-18 	 3.05311331771918e-16
3	6	0	0	1.0 	 8.592689379858e-18 	 1.6770410990521557e-16 	 3 	 3.554901310376113e-18 	 3.6082248300317592e-16
3	7	0	0	1.0 	 8.791540645093725e-17 	 1.494188601823991e-16 	 3 	 1.26472450465304e-18 	 1.2836953722228372e-16
3	8	0	0	1.0 	 1.9827264067838403e-17 	 1.8057759887805725e-16 	 3 	 8.20361840856026e-19 	 8.326672684688673e-17
3	9	0	0	1.0 	 5.196133387601904e-16 	 1.5267968222800392e-16 	 3 	 1.1707247103882871e-18 	 1.1882855810441129e-16
3	10	0	0	1.0 	 4.556602001482717e-17 	 1.1429353231141716e-16 	 3 	 2.050904602140065e-18 	 2.0816681711721685e-16
2	1	1	100	1.0 	 9.636217016240639e-05 	 0.000767676184850369 	 2 	 7.287512750744033e-06 	 0.0007469700569512627
2	1	1	1000	1.0 	 9.622324639014795e-06 	 7.679463328694023e-05 	 2 	 7.28751275074647e-07 	 7.469700569515125e-05
2	1	1	10000	1.0 	 9.620938158073003e-07 	 7.679733676981522e-06 	 2 	 7.287512750868323e-08 	 7.469700569640025e-06
2	2	1	100	0.3333333333333333 	 0.007501621995399407 	 0.009804524575613486 	 2 	 0.0010832080511740173 	 0.12517935784020093
2	2	1	1000	1.0 	 8.958353810660462e-06 	 0.00046702119525946823 	 2 	 6.505403130080336e-05 	 0.006668038208332339
2	2	1	10000	1.0 	 9.019760839252628e-07 	 4.686435138996984e-05 	 2 	 6.505403071622369e-06 	 0.0006668038148412923
2	3	1	100	1.0 	 0.00019807308243027568 	 0.0014837921105160495 	 2 	 2.2686749848239158e-05 	 0.0023253918594445117
2	3	1	1000	1.0 	 1.9619279521749825e-05 	 0.0001484702885793755 	 2 	 2.2686749848237127e-06 	 0.00023253918594443038
2	3	1	10000	1.0 	 1.9600742504898333e-06 	 1.4847943461150991e-05 	 2 	 2.268674984809632e-07 	 2.3253918594298706e-05
2	4	1	100	1.0 	 0.00047593415675433804 	 0.0027438593414735 	 2 	 1.473582748978565e-05 	 0.0015104223177030275
2	4	1	1000	1.0 	 4.7771781230906816e-05 	 0.00027409802079440246 	 2 	 1.4735827489781454e-06 	 0.00015104223177025974
2	4	1	10000	1.0 	 4.778978682985255e-06 	 2.7406926268789576e-05 	 2 	 1.4735827489694802e-07 	 1.5104223176937156e-05
2	5	1	100	1.0 	 2.3554442743938674e-05 	 0.0002326815015422087 	 2 	 3.43693753971391e-06 	 0.00035228609782067544
2	5	1	1000	1.0 	 2.3538782689461553e-06 	 2.3266871999120034e-05 	 2 	 3.436937539723658e-07 	 3.522860978216746e-05
2	5	1	10000	1.0 	 2.353721811950567e-07 	 2.3266744191441677e-06 	 2 	 3.436937539664085e-08 	 3.522860978155684e-06
2	6	1	100	1.0 	 8.2072436303915e-05 	 0.0004725567239661566 	 2 	 3.43435446610443e-06 	 0.0003520213327757038
2	6	1	1000	1.0 	 8.206287562963066e-06 	 4.7279078825672686e-05 	 2 	 3.4343544661068673e-07 	 3.520213327759537e-05
2	6	1	10000	1.0 	 8.206192348798773e-07 	 4.728142088914996e-06 	 2 	 3.434354466071665e-08 	 3.5202133277234537e-06
2	7	1	100	0.3333333333333333 	 0.0008907657043090212 	 0.005965323421851334 	 2 	 0.00012008782764507414 	 0.16551379316818016
2	7	1	1000	1.0 	 4.312827833688237e-05 	 0.00035443988367545156 	 2 	 7.548621970902199e-06 	 0.0007737337520174747
2	7	1	10000	1.0 	 4.328144742723327e-06 	 3.550778064360811e-05 	 2 	 7.548621970943088e-07 	 7.737337520216658e-05
2	8	1	100	1.0 	 0.0004645710219935579 	 0.0018632098341517008 	 2 	 2.8192844097901548e-05 	 0.002889766520034906
2	8	1	1000	1.0 	 4.7297324153247184e-05 	 0.0001884526546673337 	 2 	 2.8192844097896e-06 	 0.0002889766520034337
2	8	1	10000	1.0 	 4.73831035330048e-06 	 1.886703451000663e-05 	 2 	 2.819284409782424e-07 	 2.8897665200269818e-05
2	9	1	100	1.0 	 0.00010207612713098832 	 0.0007753586498262723 	 2 	 1.0948323644726261e-05 	 0.0011222031735844409
2	9	1	1000	1.0 	 1.0215787567553428e-05 	 7.765245896150108e-05 	 2 	 1.0948323644734111e-06 	 0.00011222031735852456
2	9	1	10000	1.0 	 1.0216609293309018e-06 	 7.766414273669155e-06 	 2 	 1.0948323644723281e-07 	 1.1222031735841355e-05
2	10	1	100	1.0 	 9.205950167205299e-05 	 0.0010138838891065023 	 2 	 1.0608297867109334e-05 	 0.0010873505313787057
2	10	1	1000	1.0 	 9.20761889466079e-06 	 0.00010151923693596578 	 2 	 1.0608297867110417e-06 	 0.00010873505313788169
2	10	1	10000	1.0 	 9.207789823098922e-07 	 1.0153235112405447e-05 	 2 	 1.0608297867026473e-07 	 1.0873505313702125e-05
3	1	1	100	1.0 	 0.00023919128224084586 	 0.001188598881603516 	 3 	 1.184095359137535e-05 	 0.0012018567895245996
3	1	1	1000	1.0 	 2.38374150614345e-05 	 0.00011892257179850263 	 3 	 1.1840953591382053e-06 	 0.00012018567895252796
3	1	1	10000	1.0 	 2.3829292228663237e-06 	 1.1892884379931648e-05 	 3 	 1.1840953591499636e-07 	 1.2018567895372145e-05
3	2	1	100	0.5 	 0.007752812154181165 	 0.00858402197616879 	 3 	 0.0007926661074969012 	 0.08965236319533494
3	2	1	1000	1.0 	 5.981871140928944e-05 	 0.0008688405220022852 	 3 	 6.815476267295817e-05 	 0.006917708411305262
3	2	1	10000	1.0 	 5.98840584978729e-06 	 8.723933051157688e-05 	 3 	 6.8154762297553885e-06 	 0.0006917708373201727
3	3	1	100	1.0 	 0.0001665009441207741 	 0.0019172297494706703 	 3 	 8.883252925943443e-05 	 0.009016501719832606
3	3	1	1000	1.0 	 1.708409513428642e-05 	 0.00019222342611384822 	 3 	 8.88325292594352e-06 	 0.0009016501719832683
3	3	1	10000	1.0 	 1.7141621985177098e-06 	 1.9228464434451627e-05 	 3 	 8.883252925944099e-07 	 9.016501719833273e-05
3	4	1	100	1.0 	 0.0017557988110505347 	 0.006495594022786358 	 3 	 5.7316970797253056e-05 	 0.005817672535921192
3	4	1	1000	1.0 	 0.0001729037056882572 	 0.0006548334347803865 	 3 	 5.7316970797213136e-06 	 0.0005817672535917139
3	4	1	10000	1.0 	 1.72653087308882e-05 	 6.553702962919442e-05 	 3 	 5.731697079738814e-07 	 5.8176725359349035e-05
3	5	1	100	1.0 	 6.084752565367217e-05 	 0.000753144232617249 	 3 	 2.550934448402452e-05 	 0.0025891984651284917
3	5	1	1000	1.0 	 6.0832531490396446e-06 	 7.533570901711991e-05 	 3 	 2.550934448403478e-06 	 0.0002589198465129533
3	5	1	10000	1.0 	 6.083127886488031e-07 	 7.5337838255165654e-06 	 3 	 2.5509344484317804e-07 	 2.58919846515826e-05
3	6	1	100	1.0 	 0.0004267422254880257 	 0.0015397383645900796 	 3 	 5.940227242315115e-06 	 0.0006029330650949849
3	6	1	1000	1.0 	 4.265199677732144e-05 	 0.00015417268708738487 	 3 	 5.940227242312654e-07 	 6.029330650947351e-05
3	6	1	10000	1.0 	 4.264977862000871e-06 	 1.5419260057468076e-05 	 3 	 5.9402272422798394e-08 	 6.029330650914044e-06
3	7	1	100	0.5 	 0.0017623456614116514 	 0.008641929554268988 	 3 	 0.00017341732091813588 	 0.11154764971926512
3	7	1	1000	1.0 	 0.00011001944174623568 	 0.0006354276832027853 	 3 	 1.2155291043920485e-05 	 0.0012337620409579309
3	7	1	10000	1.0 	 1.1064497695219748e-05 	 6.370881221471368e-05 	 3 	 1.2155291043956446e-06 	 0.00012337620409615807
3	8	1	100	1.0 	 0.0015700399343545792 	 0.004905703629850444 	 3 	 8.591095580118337e-05 	 0.008719962013820122
3	8	1	1000	1.0 	 0.00016582892076177032 	 0.0005092493363639892 	 3 	 8.591095580117408e-06 	 0.0008719962013819178
3	8	1	10000	1.0 	 1.667920571162052e-05 	 5.1127163625663305e-05 	 3 	 8.591095580107358e-07 	 8.71996201380898e-05
3	9	1	100	1.0 	 0.0002493100292142148 	 0.0011437543155971037 	 3 	 1.4841183949513556e-05 	 0.0015063801708756278
3	9	1	1000	1.0 	 2.497537103605385e-05 	 0.00011456802082945068 	 3 	 1.4841183949495029e-06 	 0.00015063801708737476
3	9	1	10000	1.0 	 2.4979831833032574e-06 	 1.1458733711328689e-05 	 3 	 1.4841183949384963e-07 	 1.506380170862576e-05
3	10	1	100	1.0 	 0.0001560618132022769 	 0.0011144050646696283 	 3 	 1.61998704977174e-05 	 0.0016442868555183177
3	10	1	1000	1.0 	 1.5551965760449748e-05 	 0.00011155943736793527 	 3 	 1.6199870497736537e-06 	 0.00016442868555202603
3	10	1	10000	1.0 	 1.5546584034346333e-06 	 1.1157135444970569e-05 	 3 	 1.6199870497971706e-07 	 1.6442868555441303e-05
2	1	2	100	1.0 	 7.215700826091475e-05 	 0.0012018675876970693 	 2 	 2.154604608447521e-05 	 0.0022084697236587065
2	1	2	1000	1.0 	 7.21412830129083e-06 	 0.00012039728369231666 	 2 	 2.15460460844679e-06 	 0.0002208469723657957
2	1	2	10000	1.0 	 7.213984947398218e-07 	 1.2041840536984987e-05 	 2 	 2.1546046084386663e-07 	 2.208469723649631e-05
2	2	2	100	0.3333333333333333 	 0.0029161543486507613 	 0.008316245135570487 	 2 	 0.00040565097222461903 	 0.056126966101492634
2	2	2	1000	1.0 	 0.00010196730296030335 	 0.0003230221705423635 	 2 	 3.258397271137241e-05 	 0.0033398572029156694
2	2	2	10000	1.0 	 1.0739584518381117e-05 	 3.326094788992743e-05 	 2 	 3.2583973027328103e-06 	 0.0003339857235301128
2	3	2	100	1.0 	 0.00012120973213161222 	 0.0007401472692440822 	 2 	 3.606212097864379e-06 	 0.00036963674003109837
2	3	2	1000	1.0 	 1.2115864396720693e-05 	 7.399767734938634e-05 	 2 	 3.6062120978557134e-07 	 3.696367400302102e-05
2	3	2	10000	1.0 	 1.211535420975226e-06 	 7.3995974730501536e-06 	 2 	 3.606212097747399e-08 	 3.69636740019108e-06
2	4	2	100	1.0 	 0.00018407268886300727 	 0.000926481891933962 	 2 	 3.3856899864481193e-06 	 0.00034703322361093186
2	4	2	1000	1.0 	 1.8393249849601682e-05 	 9.27197810944255e-05 	 2 	 3.3856899864630124e-07 	 3.470332236124585e-05
2	4	2	10000	1.0 	 1.8391849380406448e-06 	 9.27269463712703e-06 	 2 	 3.38568998657945e-08 	 3.4703322362439337e-06
2	5	2	100	1.0 	 0.00040070830265495297 	 0.0037957363912035267 	 2 	 4.687916287239509e-05 	 0.004805114194420492
2	5	2	1000	1.0 	 3.962209181190416e-05 	 0.00038071270824894485 	 2 	 4.687916287239144e-06 	 0.0004805114194420118
2	5	2	10000	1.0 	 3.9578510987278115e-06 	 3.808274180510683e-05 	 2 	 4.68791628724984e-07 	 4.8051141944310816e-05
2	6	2	100	1.0 	 6.407182635721154e-05 	 0.00041168949137298947 	 2 	 7.918159071096394e-06 	 0.0008116113047873799
2	6	2	1000	1.0 	 6.419498598724239e-06 	 4.124417198099238e-05 	 2 	 7.91815907109883e-07 	 8.116113047876296e-05
2	6	2	10000	1.0 	 6.420734391085156e-07 	 4.125171654234264e-06 	 2 	 7.918159071182774e-08 	 8.116113047962338e-06
2	7	2	100	1.0 	 0.0009250602415642905 	 0.0028327604567030817 	 2 	 4.636238106778468e-05 	 0.0047521440594479256
2	7	2	1000	1.0 	 9.66903037683127e-05 	 0.00029344433058046466 	 2 	 4.636238106774412e-06 	 0.0004752144059443769
2	7	2	10000	1.0 	 9.713092844059079e-06 	 2.9451495195236744e-05 	 2 	 4.6362381067676436e-07 	 4.75214405943683e-05
2	8	2	100	1.0 	 0.00013494547342521846 	 0.00165982839823369 	 2 	 2.2699760990611476e-05 	 0.0023267255015376746
2	8	2	1000	1.0 	 1.349533516959988e-05 	 0.00016602339431693732 	 2 	 2.2699760990603893e-06 	 0.00023267255015368973
2	8	2	10000	1.0 	 1.349544002110151e-06 	 1.6602745085722153e-05 	 2 	 2.26997609905714e-07 	 2.3267255015335664e-05
2	9	2	100	1.0 	 6.6287824911633e-05 	 0.000706730749323252 	 2 	 8.432799177214355e-06 	 0.0008643619156644706
2	9	2	1000	1.0 	 6.5598849800792524e-06 	 7.069719487356067e-05 	 2 	 8.432799177221311e-07 	 8.643619156651836e-05
2	9	2	10000	1.0 	 6.553302718286883e-07 	 7.069960777328427e-06 	 2 	 8.432799177238574e-08 	 8.64361915666953e-06
2	10	2	100	1.0 	 0.001135178954023035 	 0.001251367340125055 	 2 	 1.9052397936507266e-05 	 0.0019528707884919928
2	10	2	1000	1.0 	 0.00010608029655630451 	 0.00012528112244271497 	 2 	 1.905239793652192e-06 	 0.0001952870788493495
2	10	2	10000	1.0 	 1.0539150815651187e-05 	 1.2529558765830985e-05 	 2 	 1.9052397936434929e-07 	 1.9528707884845786e-05
3	1	2	100	1.0 	 0.0001986453905030188 	 0.0008182286232247132 	 3 	 7.196575911621157e-06 	 0.0007304524550295481
3	1	2	1000	1.0 	 1.9863892580583334e-05 	 8.197217984571695e-05 	 3 	 7.196575911631137e-07 	 7.304524550305612e-05
3	1	2	10000	1.0 	 1.986383965490074e-06 	 8.198715081707794e-06 	 3 	 7.19657591174052e-08 	 7.304524550416634e-06
3	2	2	100	0.5 	 0.03366207417578765 	 0.0034039693678919263 	 3 	 0.00024278793769454392 	 0.02709124556542441
3	2	2	1000	1.0 	 0.00029993461658209605 	 0.0005056315749214535 	 3 	 5.516521466270522e-05 	 0.005599269288264586
3	2	2	10000	1.0 	 3.521595698217941e-05 	 5.3710049987731604e-05 	 3 	 5.516521479816305e-06 	 0.0005599269302013557
3	3	2	100	1.0 	 0.00016120020159656284 	 0.0008568650464520019 	 3 	 8.155966713390201e-06 	 0.0008278306214091065
3	3	2	1000	1.0 	 1.6120527408868085e-05 	 8.573752634767891e-05 	 3 	 8.155966713396627e-07 	 8.278306214097587e-05
3	3	2	10000	1.0 	 1.6120581696615954e-06 	 8.574263269246794e-06 	 3 	 8.155966713422605e-08 	 8.278306214123956e-06
3	4	2	100	1.0 	 0.0007079046988086063 	 0.0028313541339274727 	 3 	 1.9434229416279082e-05 	 0.0019725742857523293
3	4	2	1000	1.0 	 7.038914926085114e-05 	 0.0002834260512658475 	 3 	 1.94342294162918e-06 	 0.00019725742857536194
3	4	2	10000	1.0 	 7.034939172616412e-06 	 2.834551871506078e-05 	 3 	 1.943422941618378e-07 	 1.972574285742656e-05
3	5	2	100	1.0 	 0.0002737531355320916 	 0.001835124286846496 	 3 	 2.2734231729249917e-05 	 0.0023075245205188694
3	5	2	1000	1.0 	 2.741265115563018e-05 	 0.000183654530737502 	 3 	 2.2734231729249506e-06 	 0.00023075245205188277
3	5	2	10000	1.0 	 2.7416507043957773e-06 	 1.836687530469438e-05 	 3 	 2.2734231728919993e-07 	 2.3075245204853816e-05
3	6	2	100	1.0 	 0.00014170234791659617 	 0.0010701016906688725 	 3 	 1.8134656929203926e-05 	 0.0018406676783142006
3	6	2	1000	1.0 	 1.417295258445839e-05 	 0.00010714813047351177 	 3 	 1.8134656929194354e-06 	 0.00018406676783132292
3	6	2	10000	1.0 	 1.4173236708757142e-06 	 1.0716198765229255e-05 	 3 	 1.8134656928971488e-07 	 1.8406676782906087e-05
3	7	2	100	1.0 	 0.00018300423040216066 	 0.0014928654669440627 	 3 	 3.343343973275007e-05 	 0.0033934941328741357
3	7	2	1000	1.0 	 1.803272826852257e-05 	 0.00014943221926603454 	 3 	 3.343343973278257e-06 	 0.0003393494132877435
3	7	2	10000	1.0 	 1.8007554988095101e-06 	 1.4944684395566549e-05 	 3 	 3.343343973288546e-07 	 3.393494132887878e-05
3	8	2	100	1.0 	 0.0002519447788264321 	 0.002443223316273959 	 3 	 2.903411397077425e-05 	 0.004508971222467545
3	8	2	1000	1.0 	 2.5298334654992175e-05 	 0.0002452795552148304 	 3 	 4.442336179770619e-06 	 0.0004508971222467184
3	8	2	10000	1.0 	 2.530900521505409e-06 	 2.453768803619639e-05 	 3 	 4.4423361797755415e-07 	 4.50897122247218e-05
3	9	2	100	0.5 	 0.0009507714334485814 	 0.0025405483482114025 	 3 	 3.608451934572086e-05 	 0.013954173026604446
3	9	2	1000	1.0 	 0.00010406661766389913 	 0.0002537502122248921 	 3 	 3.6049849255313154e-06 	 0.00036590596994142896
3	9	2	10000	1.0 	 1.0496520585233757e-05 	 2.5377261680111154e-05 	 3 	 3.604984925524223e-07 	 3.659059699407091e-05
3	10	2	100	1.0 	 0.0026481894742416594 	 0.002096572517474512 	 3 	 4.8621558476293755e-05 	 0.0049350881853438226
3	10	2	1000	1.0 	 0.0002938840804220657 	 0.0002176368565602275 	 3 	 4.862155847626886e-06 	 0.0004935088185341294
3	10	2	10000	1.0 	 2.9715796336722698e-05 	 2.1853388162036156e-05 	 3 	 4.862155847609487e-07 	 4.935088185323634e-05
