2	1	0	0	0.0 	 0.0010032706363032984 	 0.046024334267221134 	 2 	 0.0010814268690785742 	 1.0
2	2	0	0	0.0 	 0.002056924478740711 	 0.017012909690191525 	 2 	 5.4352374947701824e-05 	 1.0
2	3	0	0	0.3333333333333333 	 0.004369365482615854 	 0.14389561429352501 	 2 	 0.0017076830731127257 	 0.5624927337592124
2	4	0	0	0.3333333333333333 	 0.01639129682601294 	 0.09831750488039591 	 2 	 0.0021356984306841716 	 0.3613854255771848
2	5	0	0	0.3333333333333333 	 0.008165551881583088 	 0.15226694733947632 	 2 	 0.0019820047029913135 	 0.20315548205660938
2	6	0	0	1.0 	 0.004427846702944813 	 0.07901618542864076 	 2 	 0.001834948680625185 	 0.18808223976408134
2	7	0	0	0.3333333333333333 	 0.011075170756975521 	 0.02617920250667307 	 2 	 0.003931239364527602 	 0.49207359036324433
2	8	0	0	1.0 	 9.17775083098732e-18 	 1.0793080935281002e-16 	 2 	 5.415722071342232e-19 	 5.551115123125784e-17
2	9	0	0	0.3333333333333333 	 0.02088909925112519 	 0.008307055504783422 	 2 	 0.0001976028990948472 	 0.020254254278795472
2	10	0	0	0.3333333333333333 	 0.010286590656522224 	 0.021016907264254845 	 2 	 0.004094035933359013 	 0.5541617619507662
3	1	0	0	0.0 	 0.009922381949521527 	 0.08386926254833857 	 3 	 0.001969475602338737 	 1.0
3	2	0	0	0.0 	 0.00813381154729866 	 0.1713972801629443 	 3 	 0.0034797029274995775 	 1.0
3	3	0	0	0.5 	 0.006197400084368257 	 0.15721990077665124 	 3 	 0.0026281258150987687 	 0.6392387731861963
3	4	0	0	0.2 	 0.02643286905336406 	 0.08218642095960457 	 3 	 0.0021678558035427287 	 0.611157756527383
3	5	0	0	0.2 	 0.005885392052118033 	 0.14235761812763092 	 3 	 0.0032504399624757466 	 0.3299196561912887
3	6	0	0	0.2 	 0.01780856311207523 	 0.09326046863879697 	 3 	 0.001865511947624484 	 0.6257272148964722
3	7	0	0	0.5 	 0.015664721232454694 	 0.1139726436954743 	 3 	 0.0005807328732424676 	 0.31854865132157306
3	8	0	0	0.5 	 0.0008683610989381448 	 0.004526176560561807 	 3 	 2.828254163381647e-05 	 0.36011223414671334
3	9	0	0	0.2 	 0.025252984823775925 	 0.007364671857075133 	 3 	 0.00010139501786220466 	 0.5021194253226009
5	1	0	0	0.25 	 0.021192500287452426 	 0.10851899278310849 	 5 	 0.0040217889426071695 	 0.778450319840577
5	2	0	0	0.0 	 0.024544229125692832 	 0.09693292805491566 	 5 	 0.003839598802769594 	 1.0
5	3	0	0	0.25 	 0.04306229216086636 	 0.1388161186677979 	 5 	 0.003021933943737033 	 0.6030048099647676
5	4	0	0	0.1111111111111111 	 0.03395969602075524 	 0.1329294494145195 	 5 	 0.0032758359190447764 	 0.7520112822563112
5	5	0	0	0.1111111111111111 	 0.019499126696838898 	 0.1497103561776261 	 5 	 0.0035254052375867807 	 0.6782771069238522
5	6	0	0	0.25 	 0.04304048026472285 	 0.07490708118760694 	 5 	 0.0016488236330694651 	 0.219243978416497
5	7	0	0	0.1111111111111111 	 0.02713180406026293 	 0.09973879919138014 	 5 	 0.0019594713181844865 	 1.0
5	8	0	0	0.25 	 0.021897061131131542 	 0.1108452797716241 	 5 	 0.002887201047518267 	 0.5660134050076767
5	9	0	0	0.1111111111111111 	 0.042772852288367094 	 0.16424153429362587 	 5 	 0.00361960626071457 	 1.0
5	10	0	0	0.0 	 0.02439047884965508 	 0.1376498972729042 	 5 	 0.002939335285633571 	 1.0
7	1	0	0	0.16666666666666666 	 0.038312291706295444 	 0.1039650897089641 	 7 	 0.003923119976948782 	 0.5914412877835725
7	2	0	0	0.2727272727272727 	 0.023482663548926443 	 0.1473654902151023 	 7 	 0.0051479946089891876 	 0.9158819314807263
7	3	0	0	0.16666666666666666 	 0.07604131008841317 	 0.1286025618646635 	 7 	 0.003813393662953689 	 0.6460521990816972
7	4	0	0	0.16666666666666666 	 0.0511074864931169 	 0.15011546816138446 	 7 	 0.004602948545161631 	 0.8100830055366877
7	5	0	0	0.07692307692307693 	 0.033374876488378453 	 0.1149465729516513 	 7 	 0.00378321075684902 	 0.7868004277765765
7	6	0	0	0.16666666666666666 	 0.06646730563264037 	 0.10777460817991216 	 7 	 0.0031659312843950564 	 0.571520349555191
7	7	0	0	0.16666666666666666 	 0.043667002523648114 	 0.10716495130872301 	 7 	 0.005788834375396176 	 0.8913674370223511
7	8	0	0	0.2727272727272727 	 0.03274980634438503 	 0.1267399143272638 	 7 	 0.0037888519913250444 	 0.4626213156876004
7	9	0	0	0.16666666666666666 	 0.05340370461922159 	 0.1247986879237732 	 7 	 0.0018510486722088182 	 0.7387470678562511
7	10	0	0	0.0 	 0.06141289147451586 	 0.16324184099842115 	 7 	 0.0052203756587458315 	 1.0
10	1	0	0	0.05263157894736842 	 0.0555979639636002 	 0.12737500682619216 	 10 	 0.0038131453404383763 	 0.8403394405708187
10	2	0	0	0.25 	 0.06675947349234339 	 0.16345059787288554 	 10 	 0.0065108219240483465 	 0.8575458894945698
10	3	0	0	0.42857142857142855 	 0.06934160269267156 	 0.12333233705821522 	 10 	 0.00287768327792944 	 0.6276486239173321
10	4	0	0	0.05263157894736842 	 0.09005178224449763 	 0.14446686104286174 	 10 	 0.004304636140212642 	 0.8328632692212765
10	5	0	0	0.1111111111111111 	 0.08121491814099259 	 0.12917591695699918 	 10 	 0.0039940823924025995 	 0.8288338215091581
10	6	0	0	0.05263157894736842 	 0.08466027498187678 	 0.21155643135345042 	 10 	 0.007283546864068189 	 0.8872015635910925
10	7	0	0	0.05263157894736842 	 0.08024991394733079 	 0.12054641939125878 	 10 	 0.005469020105539977 	 0.9999998157155545
10	8	0	0	0.3333333333333333 	 0.019524084470508293 	 0.12504644220599423 	 10 	 0.003992033037018833 	 0.5062780116220161
10	9	0	0	0.17647058823529413 	 0.08590587893104773 	 0.2346071535092022 	 10 	 0.003773340241773494 	 0.9495690357567158
2	1	1	100	0.0 	 0.0010032706363032984 	 0.08811575275729734 	 2 	 0.0003626021633060757 	 1.0
2	1	1	1000	0.0 	 0.0010032706363032984 	 0.08875968011843773 	 2 	 0.0003799715630037116 	 1.0
2	1	1	10000	0.0 	 0.0010032706363032984 	 0.08882404830439151 	 2 	 0.0003817085029734706 	 1.0
2	2	1	100	0.0 	 0.006744038497969299 	 0.04428696530737636 	 2 	 0.001221262027709278 	 1.0
2	2	1	1000	0.0 	 0.0051333742738805255 	 0.04316059217294269 	 2 	 0.001221262027709278 	 1.0
2	2	1	10000	0.0 	 0.0030223969743497702 	 0.042640885080016636 	 2 	 0.001221262027709278 	 1.0
2	3	1	100	0.3333333333333333 	 0.01761875363595398 	 0.0814008497065788 	 2 	 0.001681497775867857 	 0.9999990266301567
2	3	1	1000	0.3333333333333333 	 0.01761875266793816 	 0.0814008411302962 	 2 	 0.0016814983810603012 	 0.9999990891996184
2	3	1	10000	0.3333333333333333 	 0.01761875257390186 	 0.08140084029611631 	 2 	 0.0016814984390893077 	 0.9999990951996776
2	4	1	100	0.3333333333333333 	 0.023815374616098877 	 0.11345202507878505 	 2 	 0.0018653188290953622 	 0.1911951799822744
2	4	1	1000	0.3333333333333333 	 0.024396753743083397 	 0.11919380781869292 	 2 	 0.0018653188290953622 	 0.1911951799822744
2	4	1	10000	0.3333333333333333 	 0.02446948735783522 	 0.1197638981690756 	 2 	 0.0018653188290953622 	 0.1911951799822744
2	5	1	100	1.0 	 2.35544427439389e-05 	 0.00023268150154221015 	 2 	 3.43693753971391e-06 	 0.00035228609782067544
2	5	1	1000	1.0 	 2.3538782689446755e-06 	 2.326687199911026e-05 	 2 	 3.436937539723658e-07 	 3.522860978216746e-05
2	5	1	10000	1.0 	 2.3537218119926772e-07 	 2.3266744191652436e-06 	 2 	 3.436937539664085e-08 	 3.522860978155684e-06
2	6	1	100	1.0 	 8.2072436303915e-05 	 0.0004725567239661566 	 2 	 3.43435446610443e-06 	 0.0003520213327757038
2	6	1	1000	1.0 	 8.206287562963066e-06 	 4.7279078825672686e-05 	 2 	 3.4343544661068673e-07 	 3.520213327759537e-05
2	6	1	10000	1.0 	 8.206192348798773e-07 	 4.728142088914996e-06 	 2 	 3.434354466071665e-08 	 3.5202133277234537e-06
2	7	1	100	1.0 	 0.004045859198212318 	 0.08162004440413859 	 2 	 0.0014946808861908305 	 0.15320479083456004
2	7	1	1000	1.0 	 0.004319771744822705 	 0.08344274959958245 	 2 	 0.0014946808861908305 	 0.15320479083456004
2	7	1	10000	1.0 	 0.004178162399605743 	 0.08363986489078862 	 2 	 0.0014946808861908305 	 0.15320479083456004
2	8	1	100	0.3333333333333333 	 0.01728329485753295 	 0.05959002391601284 	 2 	 0.003474897253587652 	 0.5061320392422144
2	8	1	1000	0.3333333333333333 	 0.01728329485753295 	 0.05959002391601285 	 2 	 0.0034705435435521755 	 0.5065782945208508
2	8	1	10000	0.3333333333333333 	 0.01728329485753295 	 0.05959002391601284 	 2 	 0.003472830572299489 	 0.5063438740742512
2	9	1	100	0.0 	 0.0028351427281233174 	 0.1261073199937784 	 2 	 0.004355008276518241 	 1.0
2	9	1	1000	0.0 	 0.002810468544235247 	 0.1261073199937784 	 2 	 0.004355008276518241 	 1.0
2	9	1	10000	0.0 	 0.0028861562977820746 	 0.1261073199937784 	 2 	 0.004355008276518241 	 1.0
2	10	1	100	1.0 	 9.205950167205299e-05 	 0.0010138838891065023 	 2 	 1.0608297867109334e-05 	 0.0010873505313787057
2	10	1	1000	1.0 	 9.20761889466079e-06 	 0.00010151923693596578 	 2 	 1.0608297867110417e-06 	 0.00010873505313788169
2	10	1	10000	1.0 	 9.207789823098922e-07 	 1.0153235112405447e-05 	 2 	 1.0608297867026473e-07 	 1.0873505313702125e-05
3	1	1	100	0.2 	 0.0018161449247775868 	 0.030297569885919882 	 3 	 0.001053900478266223 	 0.5193400224222525
3	1	1	1000	0.2 	 0.0018161449247775883 	 0.030629254946368107 	 3 	 0.001060052323513896 	 0.5193400224222524
3	1	1	10000	0.2 	 0.0018161449247775868 	 0.030662409196380327 	 3 	 0.0010606675080386601 	 0.5193400224222524
3	2	1	100	0.0 	 0.008093383507055395 	 0.062190368399618765 	 3 	 0.001670969492087988 	 1.0
3	2	1	1000	0.0 	 0.008753532219114124 	 0.058720315006371225 	 3 	 0.0015868976757921626 	 1.0
3	2	1	10000	0.0 	 0.00779322653466131 	 0.058374581437237935 	 3 	 0.0015784310328867865 	 1.0
3	3	1	100	0.2 	 0.029686009507250543 	 0.08161396261832787 	 3 	 0.0020269552997823656 	 0.9999997084841243
3	3	1	1000	0.2 	 0.02969264867716313 	 0.08161396410937725 	 3 	 0.002026955088603059 	 0.9999997050999277
3	3	1	10000	0.2 	 0.02970388262821771 	 0.08161396115547345 	 3 	 0.002026955621078912 	 0.9999997177224291
3	4	1	100	0.2 	 0.02556092441204358 	 0.05495107626984396 	 3 	 0.0013827243144398159 	 0.4377047364438693
3	4	1	1000	0.2 	 0.02545595409709775 	 0.053421470261117966 	 3 	 0.0013769880832295738 	 0.4371225089760297
3	4	1	10000	0.2 	 0.02485755686072183 	 0.053268745354129614 	 3 	 0.0013764144601085464 	 0.4370642862292454
3	5	1	100	0.2 	 0.007301267162470372 	 0.09396297149075156 	 3 	 0.0020984657841977886 	 0.6704314217859506
3	5	1	1000	0.2 	 0.007325218597051492 	 0.09498590339357535 	 3 	 0.0020984657841977895 	 0.6704314217859507
3	5	1	10000	0.2 	 0.007327637753170884 	 0.09508820000904082 	 3 	 0.002098465784197789 	 0.6704314217859506
3	6	1	100	0.0 	 0.016166529564169144 	 0.11218895263216955 	 3 	 0.0029020407388245075 	 1.0
3	6	1	1000	0.0 	 0.01640291747485033 	 0.1133798373550121 	 3 	 0.002902040738824507 	 1.0
3	6	1	10000	0.0 	 0.013630359128451041 	 0.11301865950701752 	 3 	 0.002902040738824506 	 1.0
3	7	1	100	1.0 	 0.016338153945824357 	 0.12908210939108106 	 3 	 0.0009255743019317643 	 0.15805834067157595
3	7	1	1000	1.0 	 0.016024640392185596 	 0.12766572961717887 	 3 	 0.0009255743019317645 	 0.1574248752784674
3	7	1	10000	1.0 	 0.016153074706646786 	 0.1275286384544259 	 3 	 0.0009255743019317642 	 0.15739858395959624
3	8	1	100	0.5 	 0.019286950432151284 	 0.03884870699085931 	 3 	 0.0013657643208922743 	 0.41582430940811604
3	8	1	1000	0.5 	 0.01937510957018521 	 0.03839906025972554 	 3 	 0.0013570756621569444 	 0.4167062082697519
3	8	1	10000	0.5 	 0.019385990540659218 	 0.038357596088466415 	 3 	 0.0013536929026751153 	 0.4170495583571577
3	9	1	100	0.0 	 0.02498621008767123 	 0.13495726965939017 	 3 	 0.004185070863778352 	 1.0
3	9	1	1000	0.0 	 0.02494249464714794 	 0.13414276761338825 	 3 	 0.004154977089028294 	 1.0
3	9	1	10000	0.0 	 0.0249393013937318 	 0.13406134894543878 	 3 	 0.00415196790717139 	 1.0
3	10	1	100	0.2 	 0.028215872186385233 	 0.11081597283044504 	 3 	 0.0019851593734191973 	 0.7339183607440884
3	10	1	1000	0.2 	 0.028225023758778188 	 0.11116293827108273 	 3 	 0.001988477720928904 	 0.7339183607440886
3	10	1	10000	0.2 	 0.02822832173892827 	 0.11128583618875233 	 3 	 0.001991992762696185 	 0.7339183607440887
5	1	1	100	0.1111111111111111 	 0.02565367272605017 	 0.06764743546433882 	 5 	 0.004331118427042383 	 0.6644786914522882
5	1	1	1000	0.1111111111111111 	 0.01287051932881847 	 0.08382259539217056 	 5 	 0.0033327146659388658 	 0.6644768542441584
5	1	1	10000	0.25 	 0.023753838729748143 	 0.0672244678602599 	 5 	 0.004331063395058288 	 0.6644768542441581
5	2	1	100	0.0 	 0.03213163561342783 	 0.05133500412182213 	 5 	 0.001463405429642772 	 1.0
5	2	1	1000	0.1111111111111111 	 0.02741190703565088 	 0.04118553025818099 	 5 	 0.0014685529574385652 	 0.7492980170975071
5	2	1	10000	0.1111111111111111 	 0.02810096727584186 	 0.04099191775899521 	 5 	 0.0014645921546389208 	 0.7490889017954594
5	3	1	100	0.25 	 0.028316894900353592 	 0.10763130001706962 	 5 	 0.0026594690773041447 	 0.4495550703263027
5	3	1	1000	0.25 	 0.029861345129750104 	 0.10764793553908646 	 5 	 0.0026557381188046254 	 0.4469303617665271
5	3	1	10000	0.25 	 0.02658985904441218 	 0.10764433058112703 	 5 	 0.0026553652067265385 	 0.44666784658609415
5	4	1	100	0.1111111111111111 	 0.03880180674527806 	 0.14192323912092725 	 5 	 0.0033848540742884518 	 0.6202676646095634
5	4	1	1000	0.1111111111111111 	 0.039628170758461846 	 0.14292192393951533 	 5 	 0.0033313511119594528 	 0.6202676646095634
5	4	1	10000	0.1111111111111111 	 0.03940617029827724 	 0.14302339627070607 	 5 	 0.0033260008157267058 	 0.6202676646095635
5	5	1	100	0.1111111111111111 	 0.03218432500916104 	 0.16293052689793483 	 5 	 0.0038921338750174464 	 0.8154542994619505
5	5	1	1000	0.1111111111111111 	 0.03215821350616599 	 0.16364988054259125 	 5 	 0.003922543938705971 	 0.8154542994619507
5	5	1	10000	0.1111111111111111 	 0.03191964770375006 	 0.16372152354522712 	 5 	 0.003925524411101708 	 0.8154542994619506
5	6	1	100	0.1111111111111111 	 0.03411626467672092 	 0.09839728108576881 	 5 	 0.0018742642414250935 	 0.68836290844846
5	6	1	1000	0.1111111111111111 	 0.036785288115330404 	 0.11608003539685066 	 5 	 0.0035978191492400304 	 0.6340418410620505
5	6	1	10000	0.1111111111111111 	 0.03390828833777202 	 0.11606379376377551 	 5 	 0.00359687293318094 	 0.6340411350042642
5	7	1	100	0.0 	 0.04209009028700724 	 0.14776325411680732 	 5 	 0.0022558584536723587 	 1.0
5	7	1	1000	0.1111111111111111 	 0.038158087121824544 	 0.14471015542719384 	 5 	 0.0009047181039621081 	 0.970342994335212
5	7	1	10000	0.1111111111111111 	 0.038158087121824544 	 0.1447033870927248 	 5 	 0.000906866397989545 	 0.970342994335212
5	8	1	100	0.1111111111111111 	 0.037239124476610826 	 0.09342001121733814 	 5 	 0.0019164637731766895 	 0.9543828865555937
5	8	1	1000	0.1111111111111111 	 0.03799928049648555 	 0.08908394059365683 	 5 	 0.001881007230663408 	 0.9508549605755222
5	8	1	10000	0.1111111111111111 	 0.037325772583044356 	 0.08882175910886402 	 5 	 0.0018717816501946896 	 0.9499370153188849
5	9	1	100	0.1111111111111111 	 0.04682925796627476 	 0.16769295264079104 	 5 	 0.004210867897966047 	 0.8369804500580804
5	9	1	1000	0.1111111111111111 	 0.04777092848179356 	 0.1642734521345861 	 5 	 0.004152815906294578 	 0.8393277761896771
5	9	1	10000	0.1111111111111111 	 0.04707692880644768 	 0.16402684478454527 	 5 	 0.0041475910048003 	 0.8393086404738723
5	10	1	100	0.1111111111111111 	 0.03209506935292578 	 0.13590802367261284 	 5 	 0.00424494657569471 	 0.8100485358964917
5	10	1	1000	0.1111111111111111 	 0.03334092663767567 	 0.13728381997618044 	 5 	 0.00424494657569471 	 0.8100485358964917
5	10	1	10000	0.1111111111111111 	 0.03387769352634076 	 0.13742139909753232 	 5 	 0.00424494657569471 	 0.8100485358964917
7	1	1	100	0.07692307692307693 	 0.0310775567269106 	 0.08179373787120194 	 7 	 0.002705198398795668 	 0.7348312840198488
7	1	1	1000	0.07692307692307693 	 0.044532853610425444 	 0.08980584947040879 	 7 	 0.003906813391317729 	 0.7348313012728089
7	1	1	10000	0.16666666666666666 	 0.04006300337811206 	 0.09014843585335011 	 7 	 0.003906813011950692 	 0.7348312916926789
7	2	1	100	0.16666666666666666 	 0.03614318922629307 	 0.09717329465955102 	 7 	 0.002882416613464194 	 0.7937965050219159
7	2	1	1000	0.16666666666666666 	 0.0400386004177673 	 0.105072914381429 	 7 	 0.0028824166134641923 	 0.8074839250440317
7	2	1	10000	0.16666666666666666 	 0.04028545184624851 	 0.1050430269943843 	 7 	 0.0028824166134641927 	 0.8070780823348764
7	3	1	100	0.2727272727272727 	 0.046115618901363176 	 0.14319938913817923 	 7 	 0.003485469948366782 	 0.7460570775352796
7	3	1	1000	0.4 	 0.04451982714917313 	 0.13900153228440024 	 7 	 0.0034383786700736877 	 0.5601293829601226
7	3	1	10000	0.4 	 0.04452618285965695 	 0.13892112639914442 	 7 	 0.0034363174565972482 	 0.5599284188824893
7	4	1	100	0.16666666666666666 	 0.05112158349389507 	 0.13725982829965977 	 7 	 0.003131909100515692 	 0.7416111234207023
7	4	1	1000	0.16666666666666666 	 0.05235632743928126 	 0.13578811128625265 	 7 	 0.002993748197922032 	 0.7416111234207023
7	4	1	10000	0.16666666666666666 	 0.05131670409610451 	 0.13591905921826686 	 7 	 0.002979932107662716 	 0.7416111234207023
7	5	1	100	0.16666666666666666 	 0.0285309486655821 	 0.1552587594224431 	 7 	 0.003802815328145076 	 0.8356927364728852
7	5	1	1000	0.07692307692307693 	 0.03182831212321162 	 0.16024077620590638 	 7 	 0.003881969534720638 	 0.8356886648526289
7	5	1	10000	0.07692307692307693 	 0.03168039069251297 	 0.16031787950089044 	 7 	 0.0038848422915367608 	 0.8356886214449126
7	6	1	100	0.16666666666666666 	 0.055006111885771376 	 0.108716122155539 	 7 	 0.0031592719803048043 	 0.6406391335145213
7	6	1	1000	0.16666666666666666 	 0.05521403919702521 	 0.110484499332705 	 7 	 0.003208024453866017 	 0.6406390741339761
7	6	1	10000	0.16666666666666666 	 0.04623168325903017 	 0.12026271228531012 	 7 	 0.004820619928316828 	 0.6406391088960977
7	7	1	100	0.07692307692307693 	 0.048173663926167114 	 0.15427313903716944 	 7 	 0.0032820097851535327 	 0.9758530065904567
7	7	1	1000	0.07692307692307693 	 0.04819054939002729 	 0.15353056444795235 	 7 	 0.0032119819270703402 	 0.9758532478601186
7	7	1	10000	0.07692307692307693 	 0.04808152801514452 	 0.15345414810269306 	 7 	 0.003204955419985201 	 0.9758529272682697
7	8	1	100	0.07692307692307693 	 0.044184892085715306 	 0.11095026256898864 	 7 	 0.002605847873512087 	 0.8618021593458978
7	8	1	1000	0.07692307692307693 	 0.04142392391197831 	 0.10368667356144043 	 7 	 0.0025625913889357438 	 0.8618021593458977
7	8	1	10000	0.07692307692307693 	 0.047078257564927437 	 0.1148723957282046 	 7 	 0.003998366588242428 	 0.8618022486609435
7	9	1	100	0.07692307692307693 	 0.06320673161622734 	 0.11669025748788628 	 7 	 0.0034726559556965343 	 0.7879694855916503
7	9	1	1000	0.07692307692307693 	 0.0611415692310118 	 0.11564020620074605 	 7 	 0.003472655955696533 	 0.7876099613630201
7	9	1	10000	0.07692307692307693 	 0.05864476095150392 	 0.11561360225305468 	 7 	 0.003472655955696534 	 0.7875740090404186
7	10	1	100	0.0 	 0.07015346397132015 	 0.17378655416837235 	 7 	 0.004469776275716721 	 1.0
7	10	1	1000	0.0 	 0.07116202251463498 	 0.1749193566581647 	 7 	 0.00445823089452023 	 1.0
7	10	1	10000	0.07692307692307693 	 0.056166958388183204 	 0.1554959641401856 	 7 	 0.004977445566412636 	 0.8820918937270551
10	1	1	100	0.05263157894736842 	 0.05350640731905253 	 0.10648128203233916 	 10 	 0.0038013817087710006 	 1.000001074115534
10	1	1	1000	0.1111111111111111 	 0.05297659815942573 	 0.13720488049608065 	 10 	 0.005599216517209016 	 0.859290563149617
10	1	1	10000	0.1111111111111111 	 0.053025899568944004 	 0.1370870115800079 	 10 	 0.005588933139784162 	 0.8592905008588937
10	2	1	100	0.17647058823529413 	 0.06378517089590226 	 0.15166452919348858 	 10 	 0.004768426427650983 	 0.8721129093791511
10	2	1	1000	0.1111111111111111 	 0.06281497968158427 	 0.14689124616182725 	 10 	 0.003251234655063827 	 0.9526083430355478
10	2	1	10000	0.1111111111111111 	 0.06070741611687873 	 0.14707292973094768 	 10 	 0.0032504969716804807 	 0.9515643239176315
10	3	1	100	0.42857142857142855 	 0.04598866755335422 	 0.13190809166124012 	 10 	 0.003988062775373306 	 0.40788572074031487
10	3	1	1000	0.3333333333333333 	 0.04334974295177837 	 0.13000970350539445 	 10 	 0.0038410109794301582 	 0.5415448537060782
10	3	1	10000	0.3333333333333333 	 0.04337820193494003 	 0.12998290261505976 	 10 	 0.003831408949941398 	 0.5415448544316738
10	4	1	100	0.05263157894736842 	 0.07876950851684365 	 0.15201530837755883 	 10 	 0.0031507393699353285 	 0.8105731375975036
10	4	1	1000	0.05263157894736842 	 0.08228859493032796 	 0.1500028561225309 	 10 	 0.0031116175968121853 	 0.8105731375975034
10	4	1	10000	0.05263157894736842 	 0.08170603662671944 	 0.14980142727184742 	 10 	 0.0031077054194254485 	 0.8105731375975036
10	5	1	100	0.17647058823529413 	 0.07092908152536723 	 0.13340712771096766 	 10 	 0.003966375994301058 	 0.723607141679787
10	5	1	1000	0.17647058823529413 	 0.06481881504053075 	 0.1245497734179106 	 10 	 0.003984990404052319 	 0.7236044889724699
10	5	1	10000	0.17647058823529413 	 0.0648546490586527 	 0.12446879704330321 	 10 	 0.0039849904264039225 	 0.7236044910393231
10	6	1	100	0.17647058823529413 	 0.0656675699026328 	 0.16147511136466808 	 10 	 0.007184442196905169 	 0.7764955069540932
10	6	1	1000	0.17647058823529413 	 0.0701647245787957 	 0.16069977987462358 	 10 	 0.007183247896117758 	 0.7764701607241484
10	6	1	10000	0.17647058823529413 	 0.06913096854254236 	 0.16069898397364726 	 10 	 0.007183247896117758 	 0.7764701607241487
10	7	1	100	0.05263157894736842 	 0.09994023742013315 	 0.13815302164262516 	 10 	 0.0059839872652230185 	 0.8194311831930493
10	7	1	1000	0.0 	 0.07702590505200928 	 0.12385533980692374 	 10 	 0.003254541053085983 	 1.0
10	7	1	10000	0.0 	 0.07702141431843629 	 0.12361184441623019 	 10 	 0.003265328726644012 	 1.0
10	8	1	100	0.17647058823529413 	 0.05363065790387018 	 0.09983119928511366 	 10 	 0.0021919607349444948 	 0.7260785242521693
10	8	1	1000	0.17647058823529413 	 0.05567325852326198 	 0.09547910595134437 	 10 	 0.003110640584599204 	 0.7322961230534809
10	8	1	10000	0.17647058823529413 	 0.04718452883455155 	 0.09555148243327348 	 10 	 0.0031238704215755383 	 0.7339677200136697
10	9	1	100	0.05263157894736842 	 0.09076042616473237 	 0.19653118051595206 	 10 	 0.003032523650791464 	 0.8667170015494056
10	9	1	1000	0.1111111111111111 	 0.09032460619573388 	 0.20579476509356345 	 10 	 0.0031341292244980072 	 0.7645233177416901
10	9	1	10000	0.05263157894736842 	 0.09196175741467866 	 0.2074894431574298 	 10 	 0.003023870356267616 	 0.8701865645210134
2	1	2	100	0.0 	 0.0010032706363032986 	 0.04314306178528083 	 2 	 0.001004671360917136 	 1.0
2	1	2	1000	0.0 	 0.0010032706363032984 	 0.0457358181664882 	 2 	 0.0010737513182624318 	 1.0
2	1	2	10000	0.0 	 0.0010032706363032984 	 0.04599547876284893 	 2 	 0.0010806593139969587 	 1.0
2	2	2	100	0.0 	 0.002056924478740711 	 0.017003517223560517 	 2 	 7.51768774911681e-05 	 1.0
2	2	2	1000	0.0 	 0.002056924478740712 	 0.01701197049406281 	 2 	 5.6434825202048026e-05 	 1.0
2	2	2	10000	0.0 	 0.002056924478740711 	 0.017012815771083944 	 2 	 5.456061997320386e-05 	 1.0
2	3	2	100	0.3333333333333333 	 0.004154836334230198 	 0.14193455872953184 	 2 	 0.0016945470920570079 	 0.5624927337592124
2	3	2	1000	0.3333333333333333 	 0.004347947822297329 	 0.14369979429890004 	 2 	 0.001706369475002969 	 0.5624927337592125
2	3	2	10000	0.3333333333333333 	 0.004367224068492094 	 0.1438760351451062 	 2 	 0.001707551713301682 	 0.5624927337592124
2	4	2	100	0.3333333333333333 	 0.016391296826012945 	 0.09805163110209071 	 2 	 0.0021053695660488226 	 0.3613854255771847
2	4	2	1000	0.3333333333333333 	 0.016391296826012945 	 0.09829092573627815 	 2 	 0.002132665544220645 	 0.3613854255771847
2	4	2	10000	0.3333333333333333 	 0.01639129682601294 	 0.09831484704829319 	 2 	 0.002135395142037818 	 0.3613854255771848
2	5	2	100	0.3333333333333333 	 0.00817017006099354 	 0.15226694733947632 	 2 	 0.0019820047029913135 	 0.20315548205660938
2	5	2	1000	0.3333333333333333 	 0.008163942805039955 	 0.15226694733947632 	 2 	 0.0019820047029913135 	 0.20315548205660938
2	5	2	10000	0.3333333333333333 	 0.008163849442996595 	 0.15226694733947632 	 2 	 0.0019820047029913135 	 0.20315548205660938
2	6	2	100	1.0 	 0.0044406724719045125 	 0.07843117424439118 	 2 	 0.0018118467264917077 	 0.1857142894653999
2	6	2	1000	1.0 	 0.004423778146594345 	 0.07895338197283025 	 2 	 0.0018326426783305916 	 0.18784587452888551
2	6	2	10000	1.0 	 0.004427439818183519 	 0.07900990695229991 	 2 	 0.0018347181230933332 	 0.18805860761706653
2	7	2	100	0.3333333333333333 	 0.011075170756975521 	 0.02617920250667307 	 2 	 0.0039315378692010225 	 0.49210418709226983
2	7	2	1000	0.3333333333333333 	 0.011075170756975521 	 0.02617920250667307 	 2 	 0.00393675205184464 	 0.4926386408132408
2	7	2	10000	0.3333333333333333 	 0.011075170756975521 	 0.02617920250667307 	 2 	 0.00393055026097742 	 0.49200295724935056
2	8	2	100	1.0 	 0.00013494547342521022 	 0.0016598283982336497 	 2 	 2.2699760990611476e-05 	 0.0023267255015376746
2	8	2	1000	1.0 	 1.349533516959988e-05 	 0.00016602339431693732 	 2 	 2.2699760990603893e-06 	 0.00023267255015368973
2	8	2	10000	1.0 	 1.349544002113822e-06 	 1.6602745085693564e-05 	 2 	 2.2699760990463086e-07 	 2.3267255015224645e-05
2	9	2	100	0.3333333333333333 	 0.020981693740431163 	 0.009396948738452848 	 2 	 0.00019760038356984232 	 0.02025400166033565
2	9	2	1000	0.3333333333333333 	 0.02089860017939913 	 0.008416356008614548 	 2 	 0.00019760265405581183 	 0.020254229671061826
2	9	2	10000	0.3333333333333333 	 0.02089003516034387 	 0.008317968901271539 	 2 	 0.00019760287463734037 	 0.020254251822681493
2	10	2	100	0.3333333333333333 	 0.010293671649310046 	 0.021065504696870324 	 2 	 0.004104834422559992 	 0.5530549168076657
2	10	2	1000	0.3333333333333333 	 0.010285560823200679 	 0.021014716482498197 	 2 	 0.004099462200353283 	 0.5536055695838534
2	10	2	10000	0.3333333333333333 	 0.01028398894545114 	 0.02100655228411783 	 2 	 0.004100826558695252 	 0.5534657228538016
3	1	2	100	0.0 	 0.009930246705144054 	 0.08370209976761914 	 3 	 0.0019651434895828204 	 1.0
3	1	2	1000	0.0 	 0.009931080805054882 	 0.08385254453044068 	 3 	 0.0019690423910631435 	 1.0
3	1	2	10000	0.0 	 0.009931880387615166 	 0.08386759072914858 	 3 	 0.00196943228121118 	 1.0
3	2	2	100	0.0 	 0.0032051958985235152 	 0.04338677597513424 	 3 	 0.0009807817009055766 	 1.0
3	2	2	1000	0.0 	 0.007988350692818329 	 0.17127299902430868 	 3 	 0.0034807363123904324 	 1.0
3	2	2	10000	0.0 	 0.008119176623314043 	 0.17138458218141278 	 3 	 0.0034798021782565343 	 1.0
3	3	2	100	0.5 	 0.006339694893487209 	 0.15866522752596393 	 3 	 0.0026420164542327127 	 0.6382328357630732
3	3	2	1000	0.5 	 0.00621165451097567 	 0.1573645658858534 	 3 	 0.00262951487901215 	 0.639138179443938
3	3	2	10000	0.5 	 0.006198825776967254 	 0.15723436861325424 	 3 	 0.0026282647214900356 	 0.6392287138124192
3	4	2	100	0.2 	 0.026840664288836327 	 0.08249537173573095 	 3 	 0.0021678998093411363 	 0.6111577554348347
3	4	2	1000	0.2 	 0.026433241654813838 	 0.0822174738446988 	 3 	 0.00216785513769228 	 0.6111577565435351
3	4	2	10000	0.2 	 0.026432906597564955 	 0.08218952769230102 	 3 	 0.0021678557373858735 	 0.6111577565289874
3	5	2	100	0.2 	 0.005866573084429513 	 0.14222731911247954 	 3 	 0.0032504399624757466 	 0.3299196561912887
3	5	2	1000	0.2 	 0.005874894257528577 	 0.1423448759489675 	 3 	 0.0032504399624757466 	 0.3299196561912887
3	5	2	10000	0.2 	 0.005873908592772941 	 0.14235634677447587 	 3 	 0.0032504399624757466 	 0.3299196561912887
3	6	2	100	0.2 	 0.01765204574647909 	 0.09042008780214157 	 3 	 0.0018030645108445837 	 0.6193888564331559
3	6	2	1000	0.2 	 0.017792586419138987 	 0.09297630653885504 	 3 	 0.0018592672039365826 	 0.6250933790203049
3	6	2	10000	0.2 	 0.0178069644294246 	 0.09323205118805204 	 3 	 0.0018648874732546952 	 0.6256638313061662
3	7	2	100	0.5 	 0.013349371664187707 	 0.11476240519329868 	 3 	 0.0005806990332572308 	 0.3175397218719818
3	7	2	1000	0.2 	 0.011173687549188294 	 0.11086632355748885 	 3 	 0.0005806343710668684 	 0.6613649734879725
3	7	2	10000	0.5 	 0.015655680944257958 	 0.11402029463996104 	 3 	 0.0005806391536193841 	 0.3187645961784679
3	8	2	100	0.5 	 0.0009155721494497034 	 0.004255383172103977 	 3 	 6.680079831886045e-06 	 0.35945287627271105
3	8	2	1000	0.5 	 0.0008594843159722111 	 0.004405345622276735 	 3 	 2.5425995198967914e-05 	 0.3598222946835762
3	8	2	10000	0.5 	 0.0008674711811331555 	 0.004514094674420602 	 3 	 2.799688699033175e-05 	 0.3600832402003996
3	9	2	100	0.2 	 0.024463399360559683 	 0.0077451256456259445 	 3 	 0.00011984895340913312 	 0.5021194253226009
3	9	2	1000	0.2 	 0.025631762699370307 	 0.007287393086439252 	 3 	 0.00010139501786220439 	 0.5021194253226008
3	9	2	10000	0.2 	 0.02502598933813191 	 0.0073569440251003496 	 3 	 0.00010139501786220439 	 0.5021194253226008
5	1	2	100	0.25 	 0.02483518353642022 	 0.10393076646814632 	 5 	 0.003382011248411522 	 0.7147924392681098
5	1	2	1000	0.25 	 0.02223444381283151 	 0.10823607492638657 	 5 	 0.0040217889426071695 	 0.778450319840577
5	1	2	10000	0.25 	 0.01955118020525835 	 0.10796707341389274 	 5 	 0.00402178894260717 	 0.778450319840577
5	2	2	100	0.0 	 0.026433732809035635 	 0.09692321137074743 	 5 	 0.003848461282527856 	 1.0
5	2	2	1000	0.0 	 0.025571115785497877 	 0.09693195691791105 	 5 	 0.0038404850507477275 	 1.0
5	2	2	10000	0.0 	 0.026107863522015513 	 0.09693283094653168 	 5 	 0.003839687427567616 	 1.0
5	3	2	100	0.25 	 0.04329592669907648 	 0.13975500935869403 	 5 	 0.0030364949216672424 	 0.6044536272688235
5	3	2	1000	0.25 	 0.040911760689897624 	 0.13891007828666022 	 5 	 0.0030233900415300476 	 0.6031496916951726
5	3	2	10000	0.25 	 0.04228153964278644 	 0.13882551533576273 	 5 	 0.0030220795535163313 	 0.6030192981378079
5	4	2	100	0.1111111111111111 	 0.035314795998943584 	 0.13294071692123616 	 5 	 0.0032658828188256556 	 0.7520112822563114
5	4	2	1000	0.1111111111111111 	 0.03509046637549731 	 0.1329305771357954 	 5 	 0.0032748406090243967 	 0.7520112822563112
5	4	2	10000	0.1111111111111111 	 0.034735755250522284 	 0.13292956219592203 	 5 	 0.003275736388042752 	 0.7520112822563112
5	5	2	100	0.1111111111111111 	 0.019588416175515575 	 0.14973073973669676 	 5 	 0.003463513749225237 	 0.6782771069238523
5	5	2	1000	0.1111111111111111 	 0.019441637922493222 	 0.14971271412864384 	 5 	 0.003519216065235126 	 0.6782771069238523
5	5	2	10000	0.1111111111111111 	 0.0194863890159151 	 0.14971059132393008 	 5 	 0.0035247862098783476 	 0.6782771069238523
5	6	2	100	0.1111111111111111 	 0.03272755749093094 	 0.1497308591490234 	 5 	 0.003408316558589469 	 0.8487854512642272
5	6	2	1000	0.25 	 0.04303231566880154 	 0.07481963474210443 	 5 	 0.0016656970948622674 	 0.21924397845419455
5	6	2	10000	0.25 	 0.04303966047561193 	 0.07489833803425916 	 5 	 0.001650510979322643 	 0.21924397842005014
5	7	2	100	0.1111111111111111 	 0.02714932970800949 	 0.09724141344884345 	 5 	 0.001883566818243952 	 1.0
5	7	2	1000	0.1111111111111111 	 0.027026740437085587 	 0.09948916273974595 	 5 	 0.001951880868190716 	 1.0
5	7	2	10000	0.1111111111111111 	 0.027048210065494033 	 0.09971383656698367 	 5 	 0.0019587122731851247 	 1.0
5	8	2	100	0.25 	 0.023267278432731676 	 0.10915346945252863 	 5 	 0.0028253979494788344 	 0.5598639967527531
5	8	2	1000	0.25 	 0.023883450547378574 	 0.11066475219419027 	 5 	 0.002881020737714325 	 0.5653984641821845
5	8	2	10000	0.25 	 0.025650850187425876 	 0.1108272285052024 	 5 	 0.002886583016537874 	 0.5659519109251276
5	9	2	100	0.1111111111111111 	 0.04328063103924702 	 0.16190573589197946 	 5 	 0.0036347680334443107 	 1.0
5	9	2	1000	0.1111111111111111 	 0.0474644284656689 	 0.1640074212745696 	 5 	 0.0036211224380280687 	 1.0
5	9	2	10000	0.1111111111111111 	 0.045172807686843154 	 0.1642181176465056 	 5 	 0.0036197578784459184 	 1.0
5	10	2	100	0.0 	 0.02428979385936228 	 0.13772422728767084 	 5 	 0.002959731000043299 	 1.0
5	10	2	1000	0.0 	 0.02437648959475106 	 0.13765733049385148 	 5 	 0.0029413748571092218 	 1.0
5	10	2	10000	0.0 	 0.024387119425874636 	 0.13765064059710946 	 5 	 0.002939539242770967 	 1.0
7	1	2	100	0.16666666666666666 	 0.04022741933822605 	 0.09829119071648444 	 7 	 0.0034009884743268323 	 0.5914412892887557
7	1	2	1000	0.16666666666666666 	 0.038542559953759076 	 0.10340948292976085 	 7 	 0.003870907403383271 	 0.591441287926078
7	1	2	10000	0.16666666666666666 	 0.038330210493249625 	 0.10390964715959047 	 7 	 0.00391789872267565 	 0.5914412877969065
7	2	2	100	0.2727272727272727 	 0.02353533128927149 	 0.14573220915604257 	 7 	 0.005142923071182052 	 0.9119088487140528
7	2	2	1000	0.2727272727272727 	 0.024781556503247922 	 0.14720212061022867 	 7 	 0.005147487488106992 	 0.91548462453441
7	2	2	10000	0.2727272727272727 	 0.024250482731734697 	 0.14734915281903338 	 7 	 0.00514794389689924 	 0.9158422007860252
7	3	2	100	0.16666666666666666 	 0.07645688375663105 	 0.11400639798263654 	 7 	 0.0029488281075925288 	 0.6450024179777102
7	3	2	1000	0.16666666666666666 	 0.07621474671548831 	 0.11288260407039413 	 7 	 0.0029962587894003076 	 0.647267565748374
7	3	2	10000	0.16666666666666666 	 0.07642194101010542 	 0.11277016465587729 	 7 	 0.0030010018575806546 	 0.6475010874231278
7	4	2	100	0.16666666666666666 	 0.04908909515901877 	 0.15125340360509565 	 7 	 0.004622525080479785 	 0.8100830055366879
7	4	2	1000	0.16666666666666666 	 0.05121594939668716 	 0.1502304768639555 	 7 	 0.004604906192699251 	 0.8100830055366877
7	4	2	10000	0.16666666666666666 	 0.04919498407304713 	 0.15012698137379527 	 7 	 0.004603144309877426 	 0.8100830055366878
7	5	2	100	0.07692307692307693 	 0.033300903509572766 	 0.11791776833809407 	 7 	 0.0038268587850576407 	 0.7868004277765765
7	5	2	1000	0.07692307692307693 	 0.033294131036336064 	 0.11493952972569826 	 7 	 0.0037834768789253934 	 0.7868004277765765
7	5	2	10000	0.07692307692307693 	 0.03418800340197538 	 0.11494586885766059 	 7 	 0.0037832374177724053 	 0.7868004277765767
7	6	2	100	0.16666666666666666 	 0.06640435555678657 	 0.10668867365844588 	 7 	 0.003123451677554515 	 0.571520349428905
7	6	2	1000	0.16666666666666666 	 0.06646102118947582 	 0.10766657412214482 	 7 	 0.0031581562460837385 	 0.5715203495428176
7	6	2	10000	0.16666666666666666 	 0.06646685724301048 	 0.10776384226107251 	 7 	 0.0031651537822935715 	 0.5715203495536642
7	7	2	100	0.16666666666666666 	 0.04199004210652192 	 0.1087347554802392 	 7 	 0.005788834375396176 	 0.8913674370223511
7	7	2	1000	0.16666666666666666 	 0.04311618768837171 	 0.10722945392881479 	 7 	 0.005788834375396176 	 0.8913674370223511
7	7	2	10000	0.16666666666666666 	 0.043212105311025886 	 0.1071714037978741 	 7 	 0.005788834375396176 	 0.891367437022351
7	8	2	100	0.2727272727272727 	 0.031442370292122226 	 0.12510022570277635 	 7 	 0.003749255929161347 	 0.46175159634191904
7	8	2	1000	0.2727272727272727 	 0.032646744614450586 	 0.12662744943725268 	 7 	 0.003786241874377284 	 0.4625585093472673
7	8	2	10000	0.2727272727272727 	 0.030091479281534717 	 0.12435395707258916 	 7 	 0.0029115481361292684 	 0.4747512808276824
7	9	2	100	0.16666666666666666 	 0.05556981120655872 	 0.18572742500605355 	 7 	 0.0034020365440993036 	 0.8930245485009263
7	9	2	1000	0.07692307692307693 	 0.05130547477312217 	 0.14411383301084918 	 7 	 0.0037171320561494026 	 1.0
7	9	2	10000	0.16666666666666666 	 0.05340427514171729 	 0.12481111659509415 	 7 	 0.0018590269844980661 	 0.7387470678562511
7	10	2	100	0.07692307692307693 	 0.045369948291115764 	 0.1399141566914411 	 7 	 0.0025755084055729934 	 0.9999999927036463
7	10	2	1000	0.0 	 0.06142350715473732 	 0.16328727403054377 	 7 	 0.005220375707337624 	 1.0
7	10	2	10000	0.0 	 0.0614138890073777 	 0.16324638432799649 	 7 	 0.005220375663002662 	 1.0
10	1	2	100	0.05263157894736842 	 0.0664203482573193 	 0.14864428143176123 	 10 	 0.005556245966399315 	 0.8403394813957216
10	1	2	1000	0.05263157894736842 	 0.05556992274929603 	 0.12742392509628392 	 10 	 0.0038113774457249386 	 0.8403394416791307
10	1	2	10000	0.05263157894736842 	 0.05559515733822515 	 0.12737990067058616 	 10 	 0.003812968558199361 	 0.8403394406821516
10	2	2	100	0.25 	 0.07001876722300054 	 0.1650828642258553 	 10 	 0.006593694482633575 	 0.8653773462808738
10	2	2	1000	0.25 	 0.06852427248203183 	 0.16361281646698583 	 10 	 0.00651906311016836 	 0.858324681582911
10	2	2	10000	0.25 	 0.06363610917464094 	 0.16346681885426748 	 10 	 0.006511646042709115 	 0.8576237687080124
10	3	2	100	0.3333333333333333 	 0.07853436184021344 	 0.14030032996975617 	 10 	 0.0037890754280676276 	 0.5770698938808204
10	3	2	1000	0.42857142857142855 	 0.06933227674507864 	 0.12325725862199394 	 10 	 0.00287538535982816 	 0.6277290118980534
10	3	2	10000	0.42857142857142855 	 0.06934239811350608 	 0.12332680252033065 	 10 	 0.002877469489675918 	 0.6276551512379442
10	4	2	100	0.05263157894736842 	 0.09006559193531809 	 0.14376209493170092 	 10 	 0.00427034209563379 	 0.8328632653368452
10	4	2	1000	0.05263157894736842 	 0.09005310084223682 	 0.1443914672633339 	 10 	 0.0043012258403612984 	 0.8328632688269827
10	4	2	10000	0.05263157894736842 	 0.0900518713229316 	 0.14445932086838292 	 10 	 0.004304295142697063 	 0.8328632691813536
10	5	2	100	0.1111111111111111 	 0.06561175123591675 	 0.15099819510176385 	 10 	 0.004600768509176958 	 0.828833821509158
10	5	2	1000	0.1111111111111111 	 0.06721379169043784 	 0.14911106242760838 	 10 	 0.004541242528019283 	 0.8288338215091581
10	5	2	10000	0.1111111111111111 	 0.07516330528921106 	 0.12781850853834806 	 10 	 0.003994112865906077 	 0.8288351967767628
10	6	2	100	0.05263157894736842 	 0.07427223703554653 	 0.1719139639594015 	 10 	 0.005931449615043935 	 0.8872015464493187
10	6	2	1000	0.1111111111111111 	 0.08725707627882967 	 0.21154608899999283 	 10 	 0.007288800116689537 	 0.8872016394873812
10	6	2	10000	0.05263157894736842 	 0.08539139114278667 	 0.21178879563416553 	 10 	 0.0073003968692834376 	 0.8872015579506565
10	7	2	100	0.05263157894736842 	 0.08024993916395752 	 0.12056415649674604 	 10 	 0.0054142294011776775 	 0.9999998118134951
10	7	2	1000	0.05263157894736842 	 0.08024991955024795 	 0.12054818974167945 	 10 	 0.005463540793275849 	 0.9999998153255037
10	7	2	10000	0.05263157894736842 	 0.08024991998467217 	 0.12054659638674545 	 10 	 0.005468472171336901 	 0.9999998156754776
10	8	2	100	0.25 	 0.04061638340845414 	 0.14088400198821177 	 10 	 0.0044974256916440495 	 0.7326048304108188
10	8	2	1000	0.3333333333333333 	 0.01919389705240822 	 0.11803953325169134 	 10 	 0.003957558429825334 	 0.49758887767157867
10	8	2	10000	0.3333333333333333 	 0.022500353003530763 	 0.12509800821005976 	 10 	 0.003993756294939169 	 0.506492325753623
10	9	2	100	0.17647058823529413 	 0.08828849447600544 	 0.23535795136504384 	 10 	 0.003789608166729222 	 0.9472139515490616
10	9	2	1000	0.17647058823529413 	 0.08792725710425968 	 0.2346822158808045 	 10 	 0.0037749671024107268 	 0.9493339946778498
10	9	2	10000	0.17647058823529413 	 0.08667822574773622 	 0.23461466167462913 	 10 	 0.0037735029634771767 	 0.9495455003880905
