2	1	0	0	0.3333333333333333 	 0.02497422362967118 	 0.18874655320557424 	 2 	 0.003648229126863643 	 0.36666222361903167
2	2	0	0	0.3333333333333333 	 0.014018937341346046 	 0.011505267598695182 	 2 	 0.0005583403365976027 	 0.05612783107091798
2	3	0	0	0.0 	 0.023547421270095466 	 0.2119789828557549 	 2 	 0.004353306131749111 	 1.0
2	4	0	0	0.0 	 0.008317736181551105 	 0.09165133391687792 	 2 	 0.0013562996757052292 	 1.0
2	5	0	0	0.3333333333333333 	 0.014835754783357585 	 0.09186270251138234 	 2 	 0.0020214223247666295 	 0.20315547824359914
2	6	0	0	0.3333333333333333 	 0.008499402715392254 	 0.6173726619051285 	 2 	 0.002696911056160532 	 0.7289607284257235
2	7	0	0	0.3333333333333333 	 0.013557242908526584 	 0.04523105656012411 	 2 	 0.00016681935227727174 	 0.8941130995969683
2	8	0	0	0.0 	 0.013528327665129701 	 0.10520627990025631 	 2 	 0.004718230763366485 	 1.0
2	9	0	0	0.3333333333333333 	 0.018122968438726076 	 0.008051784914042799 	 2 	 0.0002015142303365818 	 0.020252180148826567
2	10	0	0	0.0 	 0.03390998720128304 	 0.02712940744716486 	 2 	 0.00026068086091418245 	 1.0
3	1	0	0	0.0 	 0.024993059125910166 	 0.2634523040685042 	 3 	 0.00443819504483311 	 1.0
3	2	0	0	0.0 	 0.027940092462774464 	 0.1264681893792216 	 3 	 0.004589263213250518 	 1.0
3	3	0	0	0.0 	 0.026761845111637053 	 0.1843651927891894 	 3 	 0.005458154335493888 	 1.0
3	4	0	0	0.0 	 0.013441877109027838 	 0.08086486956771186 	 3 	 0.005744512653606636 	 1.0
3	5	0	0	0.2 	 0.021506218160280952 	 0.1558205531122584 	 3 	 0.003315795051049967 	 0.32992096377560187
3	6	0	0	0.0 	 0.04226775214939398 	 0.49261735667874784 	 3 	 0.005664539675344807 	 1.0
3	7	0	0	0.2 	 0.01399992032354136 	 0.10822561270889525 	 3 	 0.003995747962601675 	 1.0
3	8	0	0	0.2 	 0.016091829820186226 	 0.07821069260681454 	 3 	 0.0032220926390687478 	 0.6794017824126575
3	9	0	0	0.0 	 0.021541695406632137 	 0.16303428755366312 	 3 	 0.005046426385151789 	 1.0
3	10	0	0	0.2 	 0.03956500358250796 	 0.16024391128708626 	 3 	 0.004612958776139212 	 0.4589960176484718
5	1	0	0	0.0 	 0.05003467544611874 	 0.46548788089304033 	 5 	 0.006713311906219878 	 1.0
5	2	0	0	0.0 	 0.02844286507348074 	 0.16241431015489205 	 5 	 0.0048424702946901575 	 1.0
5	3	0	0	0.0 	 0.0455689264072928 	 0.2198139647871974 	 5 	 0.0071556678711493914 	 1.0
5	4	0	0	0.1111111111111111 	 0.02252989543936829 	 0.13346395740439518 	 5 	 0.005154589725050883 	 1.0
5	5	0	0	0.0 	 0.04851934481701748 	 0.2684171770539119 	 5 	 0.006775247811038203 	 1.0
5	6	0	0	0.0 	 0.0622288115783353 	 0.5036380456428682 	 5 	 0.006085212916256853 	 1.0
5	7	0	0	0.1111111111111111 	 0.02532160226230697 	 0.18701648792343206 	 5 	 0.004238626106964115 	 0.9999999984705963
5	8	0	0	0.1111111111111111 	 0.01189141173050212 	 0.03903086170006463 	 5 	 0.002452145878987611 	 0.7732491461769838
5	9	0	0	0.0 	 0.04075256278140912 	 0.1714981992724881 	 5 	 0.006247390445760672 	 1.0
5	10	0	0	0.1111111111111111 	 0.0441539790529053 	 0.17088879856185646 	 5 	 0.005222121959276001 	 0.9532317786495808
7	1	0	0	0.07692307692307693 	 0.04697663354266175 	 0.27667159850456685 	 7 	 0.007819933736186203 	 1.0
7	2	0	0	0.0 	 0.05776984711686511 	 0.24530305312086073 	 7 	 0.008075279267105554 	 1.0
7	3	0	0	0.0 	 0.03716220619836515 	 0.13296222063213778 	 7 	 0.0044836198088479134 	 1.0
7	4	0	0	0.0 	 0.03863659449000721 	 0.11335160186330419 	 7 	 0.005101888978344492 	 1.0
7	5	0	0	0.0 	 0.06953712636671336 	 0.33959777105573025 	 7 	 0.008115992774426335 	 1.0
7	6	0	0	0.07692307692307693 	 0.077869348799226 	 0.3130942154227261 	 7 	 0.007655391155403422 	 1.0
7	7	0	0	0.07692307692307693 	 0.049923946850456626 	 0.19079129937031425 	 7 	 0.00793367432834017 	 1.0
7	8	0	0	0.07692307692307693 	 0.02642198796127414 	 0.045548134052760814 	 7 	 0.0012783198958556273 	 0.8083584373173607
7	9	0	0	0.0 	 0.06619119207121513 	 0.26162925965937 	 7 	 0.007735568835438109 	 1.0
7	10	0	0	0.16666666666666666 	 0.05265428854884828 	 0.14471178869962067 	 7 	 0.0012504588224647277 	 0.7747606145584545
10	1	0	0	0.1111111111111111 	 0.09383344670126391 	 0.27156399898694283 	 10 	 0.00506006389177295 	 0.8669571310082153
10	2	0	0	0.05263157894736842 	 0.06154508372463599 	 0.17661819867436712 	 10 	 0.007288769987746311 	 1.0
10	3	0	0	0.0 	 0.052780050939325855 	 0.06368865628512953 	 10 	 0.004970528316062935 	 1.0
10	4	0	0	0.0 	 0.06085367026081935 	 0.1083287372753228 	 10 	 0.00536231998795395 	 1.0
10	5	0	0	0.0 	 0.10736930446784375 	 0.3322123079385765 	 10 	 0.008858615964836117 	 1.0
10	6	0	0	0.05263157894736842 	 0.0849758109837254 	 0.29439493969202013 	 10 	 0.0068656138286208 	 1.0
10	7	0	0	0.05263157894736842 	 0.057742866337713736 	 0.2019217497145089 	 10 	 0.006913332859280636 	 1.0
10	8	0	0	0.1111111111111111 	 0.050262127078347645 	 0.08150603715345917 	 10 	 0.004084522543866113 	 0.8393210787399661
10	9	0	0	0.05263157894736842 	 0.06920632287702029 	 0.2645719979398969 	 10 	 0.00872205737533776 	 0.99998808109342
10	10	0	0	0.0 	 0.09079232779358977 	 0.17982110104098664 	 10 	 0.0067858106046966744 	 1.0
2	1	1	100	0.3333333333333333 	 0.0250105168762099 	 0.24399362525564117 	 2 	 0.004795001183141549 	 0.4818972143254504
2	1	1	1000	0.3333333333333333 	 0.025010970931155035 	 0.24399362514865525 	 2 	 0.004795001064211091 	 0.4818972081328263
2	1	1	10000	0.3333333333333333 	 0.025011017027099264 	 0.24399362513796102 	 2 	 0.004795001052323347 	 0.48189720751383996
2	2	1	100	0.3333333333333333 	 0.007103117391104376 	 0.056477077692935244 	 2 	 0.0005645794308093161 	 0.6706618559798567
2	2	1	1000	0.3333333333333333 	 0.007103117391104377 	 0.05637734847206527 	 2 	 0.0005910220824588883 	 0.6680043694890747
2	2	1	10000	0.3333333333333333 	 0.007103117391104376 	 0.056367378122294365 	 2 	 0.0005936663476238382 	 0.6677386208399974
2	3	1	100	0.0 	 0.015260034909682637 	 0.20662688119083486 	 2 	 0.0003455571452617082 	 1.0
2	3	1	1000	0.0 	 0.017396284342139075 	 0.20662697669479627 	 2 	 0.004600472372838536 	 1.0
2	3	1	10000	0.0 	 0.01739690806479669 	 0.20662697679612432 	 2 	 0.004600472354613439 	 1.0
2	4	1	100	0.3333333333333333 	 0.014053623723804901 	 0.10806560770798439 	 2 	 0.0034766343238045983 	 0.9999975762611162
2	4	1	1000	0.3333333333333333 	 0.012856823404982967 	 0.1080656712945691 	 2 	 0.003476644006695886 	 0.9999985672353777
2	4	1	10000	0.3333333333333333 	 0.01406703272252464 	 0.10806534283555976 	 2 	 0.003476574796358798 	 0.9999915753192494
2	5	1	100	0.3333333333333333 	 0.016074685567055432 	 0.1611611983370927 	 2 	 0.0036403001157035643 	 0.365850695153832
2	5	1	1000	0.3333333333333333 	 0.0160718986646581 	 0.16116119835561668 	 2 	 0.0036403001855252475 	 0.3658506951580655
2	5	1	10000	0.3333333333333333 	 0.016071614837005796 	 0.16116119835748113 	 2 	 0.003640300192502506 	 0.3658506951584889
2	6	1	100	0.3333333333333333 	 0.008329486980435452 	 0.43624010868046215 	 2 	 0.004350106818156062 	 0.5627990010047705
2	6	1	1000	0.3333333333333333 	 0.008329785639542887 	 0.43624010899926774 	 2 	 0.004350109963471188 	 0.5627990011988189
2	6	1	10000	0.3333333333333333 	 0.008329816199488272 	 0.43624010903113525 	 2 	 0.004350110278013495 	 0.562799001218221
2	7	1	100	0.0 	 0.02173196705317821 	 0.1289903756631776 	 2 	 0.002269016630891657 	 1.0
2	7	1	1000	0.0 	 0.021731967053178213 	 0.12899037566317767 	 2 	 0.0022687331705950995 	 1.0
2	7	1	10000	0.0 	 0.02173196705317821 	 0.12899037566317767 	 2 	 0.002268174340731219 	 1.0
2	8	1	100	0.0 	 0.0135363497474206 	 0.07494606554067319 	 2 	 0.002914364441288241 	 1.0
2	8	1	1000	0.0 	 0.013505653670197326 	 0.07494606554067319 	 2 	 0.002914364441288241 	 1.0
2	8	1	10000	0.0 	 0.013524735534263936 	 0.07494606554067319 	 2 	 0.002914364441288241 	 1.0
2	9	1	100	0.3333333333333333 	 0.006655286984466381 	 0.08213796255395561 	 2 	 0.0009585910019083428 	 0.3497916070641446
2	9	1	1000	0.0 	 0.006561125641606039 	 0.07830680444751915 	 2 	 0.0023742456424673247 	 1.0
2	9	1	10000	0.0 	 0.0065611256416060375 	 0.07830680444751915 	 2 	 0.0023749463160134014 	 1.0
2	10	1	100	0.3333333333333333 	 0.01807525050088568 	 0.2298520505546145 	 2 	 0.00465999968383375 	 0.4683216446147045
2	10	1	1000	0.3333333333333333 	 0.018085699703587355 	 0.2298520604543854 	 2 	 0.004660003804696213 	 0.46832186480352433
2	10	1	10000	0.3333333333333333 	 0.018086665144846577 	 0.22985206139978362 	 2 	 0.0046600042014102614 	 0.46832188600101865
3	1	1	100	0.2 	 0.029468897855816852 	 0.3989180966863611 	 3 	 0.006593580518980993 	 0.656054070134653
3	1	1	1000	0.2 	 0.029468783471233124 	 0.3989180972728412 	 3 	 0.0065935809595123705 	 0.656054085210625
3	1	1	10000	0.2 	 0.02946877210878456 	 0.3989180973314692 	 3 	 0.006593581003550112 	 0.6560540867176954
3	2	1	100	0.0 	 0.028279067350533836 	 0.15220274874848233 	 3 	 0.0049507370457201215 	 1.0
3	2	1	1000	0.0 	 0.02804299076737671 	 0.15220274874848233 	 3 	 0.0049507370457201215 	 1.0
3	2	1	10000	0.0 	 0.028595627502290423 	 0.15220274874848233 	 3 	 0.0049507370457201215 	 1.0
3	3	1	100	0.2 	 0.02642484573529145 	 0.20585784381392033 	 3 	 0.006018730646931342 	 1.0000103967362843
3	3	1	1000	0.2 	 0.026434744434486308 	 0.20585783354717546 	 3 	 0.006018743147792963 	 1.0000108440760385
3	3	1	10000	0.2 	 0.026435961390951626 	 0.20585783239621883 	 3 	 0.006018744592476063 	 1.000010896481323
3	4	1	100	0.2 	 0.011769997545806182 	 0.04127575416978881 	 3 	 0.0022926003966537156 	 0.5415390231444948
3	4	1	1000	0.2 	 0.011742659100445894 	 0.04226735248824231 	 3 	 0.002292600396653715 	 0.5444665671846821
3	4	1	10000	0.2 	 0.011682603912045446 	 0.04236644631821491 	 3 	 0.002292600396653715 	 0.544759321588701
3	5	1	100	0.2 	 0.021001953774024966 	 0.30230837358627183 	 3 	 0.004593430455272739 	 0.9176585939739691
3	5	1	1000	0.2 	 0.02103879591078121 	 0.3024014827767757 	 3 	 0.004594958974918267 	 0.9178106816786992
3	5	1	10000	0.2 	 0.022960866786565854 	 0.3024107943326677 	 3 	 0.004595111826882815 	 0.9178258904491716
3	6	1	100	0.2 	 0.03876843666235328 	 0.46502754252443196 	 3 	 0.00618011966348193 	 0.7008550293017752
3	6	1	1000	0.2 	 0.03903795864563958 	 0.46502761194398423 	 3 	 0.006180164361072055 	 0.700856359706526
3	6	1	10000	0.2 	 0.03903808011314551 	 0.465027611157015 	 3 	 0.0061801637809032126 	 0.7008563424381232
3	7	1	100	0.0 	 0.023485569334084095 	 0.0865046017466696 	 3 	 0.005009038011745109 	 1.0
3	7	1	1000	0.0 	 0.02348706744854916 	 0.08637925062770416 	 3 	 0.004925100199063329 	 1.0
3	7	1	10000	0.0 	 0.023489282765229366 	 0.08636672031363841 	 3 	 0.004916706417795161 	 1.0
3	8	1	100	0.2 	 0.016159102276830675 	 0.052724608242097265 	 3 	 0.001747381209936921 	 0.5936094702903378
3	8	1	1000	0.2 	 0.016279295926541402 	 0.052724608242097265 	 3 	 0.0017473812099369208 	 0.5936094702903378
3	8	1	10000	0.2 	 0.016041640883697233 	 0.052724608242097265 	 3 	 0.001747381209936921 	 0.5936094702903378
3	9	1	100	0.0 	 0.009936905658278329 	 0.06115502780935619 	 3 	 0.0017408214717888454 	 1.0
3	9	1	1000	0.0 	 0.009936838946912914 	 0.05967686763662774 	 3 	 0.001689257062820626 	 1.0
3	9	1	10000	0.0 	 0.009918257746769476 	 0.059529096097940964 	 3 	 0.0016841006219238041 	 1.0
3	10	1	100	0.2 	 0.04277053052786618 	 0.2209394924560753 	 3 	 0.00021023540436337524 	 0.6924676411803096
3	10	1	1000	0.2 	 0.04277053052786618 	 0.2208920808686383 	 3 	 0.00021307765771726766 	 0.6921848369715973
3	10	1	10000	0.2 	 0.04277053052786618 	 0.2208873393925046 	 3 	 0.0002134897911544434 	 0.6921438296945982
5	1	1	100	0.0 	 0.04143339243716677 	 0.3770544282126692 	 5 	 0.006336792248901354 	 1.0
5	1	1	1000	0.0 	 0.04143204437777855 	 0.3771636169113038 	 5 	 0.0063430824538224795 	 1.0
5	1	1	10000	0.0 	 0.04143190346709407 	 0.37717453676313234 	 5 	 0.00634371147689429 	 1.0
5	2	1	100	0.0 	 0.04289607294865832 	 0.24304061818174805 	 5 	 0.006869167329266739 	 1.0
5	2	1	1000	0.0 	 0.042611252529702534 	 0.24304061818174805 	 5 	 0.006869167329266739 	 1.0
5	2	1	10000	0.0 	 0.043533836355878715 	 0.24304061818174805 	 5 	 0.006869167329266739 	 1.0
5	3	1	100	0.0 	 0.035267991721747535 	 0.19929941423567732 	 5 	 0.007186727925207002 	 1.0
5	3	1	1000	0.0 	 0.03128857130198698 	 0.19929941423567732 	 5 	 0.007186727925207002 	 1.0
5	3	1	10000	0.0 	 0.032860364441202425 	 0.19929941423567732 	 5 	 0.007186727925207002 	 1.0
5	4	1	100	0.1111111111111111 	 0.03394868098340308 	 0.09877143136761257 	 5 	 0.006136281481656914 	 1.0
5	4	1	1000	0.1111111111111111 	 0.034123787390951475 	 0.09877143136761257 	 5 	 0.006136281481656914 	 1.0
5	4	1	10000	0.1111111111111111 	 0.033456111813289086 	 0.09877143136761257 	 5 	 0.006136281481656914 	 1.0
5	5	1	100	0.0 	 0.04855764169269995 	 0.3282087422591868 	 5 	 0.00750717680694411 	 1.0
5	5	1	1000	0.0 	 0.04879151237638438 	 0.3282087422591868 	 5 	 0.00750717680694411 	 1.0
5	5	1	10000	0.0 	 0.04841260703243461 	 0.3282087422591868 	 5 	 0.00750717680694411 	 1.0
5	6	1	100	0.1111111111111111 	 0.061898772260923426 	 0.5080505814153143 	 5 	 0.0076962001527911385 	 1.0
5	6	1	1000	0.25 	 0.05077480849685481 	 0.4630886929416874 	 5 	 0.005944546403439503 	 0.8665643034770119
5	6	1	10000	0.25 	 0.05071641566124888 	 0.463250385043668 	 5 	 0.0059487676082308795 	 0.8665643034770119
5	7	1	100	0.0 	 0.040894813299169525 	 0.17020063500294985 	 5 	 0.007282414123560556 	 1.0
5	7	1	1000	0.0 	 0.04111980534166707 	 0.17020063500294985 	 5 	 0.007282414123560556 	 1.0
5	7	1	10000	0.0 	 0.04064007422202431 	 0.17020063500294985 	 5 	 0.007282414123560556 	 1.0
5	8	1	100	0.1111111111111111 	 0.007824168278318003 	 0.022260917053060915 	 5 	 0.0021191086268359458 	 0.7581846735890153
5	8	1	1000	0.1111111111111111 	 0.008949384572668294 	 0.021951594749392716 	 5 	 0.0020737964380260323 	 0.7581846735890153
5	8	1	10000	0.1111111111111111 	 0.00894986378575163 	 0.021859202732090854 	 5 	 0.0020735710790823004 	 0.7581846735890152
5	9	1	100	0.0 	 0.04110990875920226 	 0.19153303362253293 	 5 	 0.007589052927956117 	 1.0
5	9	1	1000	0.0 	 0.04059778986160029 	 0.19153303362253293 	 5 	 0.007589052927956117 	 1.0
5	9	1	10000	0.0 	 0.04052942924254973 	 0.19153303362253293 	 5 	 0.007589052927956117 	 1.0
5	10	1	100	0.1111111111111111 	 0.04745479413101442 	 0.1594033957466048 	 5 	 0.0012269360393389575 	 0.829221009215469
5	10	1	1000	0.1111111111111111 	 0.04745666977289425 	 0.1589896864329712 	 5 	 0.0012269360393389577 	 0.8280534882981914
5	10	1	10000	0.1111111111111111 	 0.047455010589580425 	 0.15894831666480755 	 5 	 0.0012269360393389582 	 0.8282259985907462
7	1	1	100	0.16666666666666666 	 0.04504337405135249 	 0.22344628781662632 	 7 	 0.007588981591491315 	 0.8783899810972177
7	1	1	1000	0.16666666666666666 	 0.045000132493149006 	 0.22344630415975913 	 7 	 0.007588984608592845 	 0.8783900447179968
7	1	1	10000	0.16666666666666666 	 0.04499410110723563 	 0.22344630638895066 	 7 	 0.007588985025068559 	 0.8783900534202186
7	2	1	100	0.0 	 0.06006241378575484 	 0.2774135055677487 	 7 	 0.007805344090348061 	 1.0
7	2	1	1000	0.0 	 0.057944127406828555 	 0.2774135055677487 	 7 	 0.007805344090348061 	 1.0
7	2	1	10000	0.0 	 0.05797083558369119 	 0.2774135055677487 	 7 	 0.007805344090348061 	 1.0
7	3	1	100	0.07692307692307693 	 0.04635587603185595 	 0.2472525573668377 	 7 	 0.008067827349858857 	 1.0
7	3	1	1000	0.07692307692307693 	 0.04496382423173991 	 0.2472525573668377 	 7 	 0.008067827349858857 	 1.0
7	3	1	10000	0.07692307692307693 	 0.04465862215380998 	 0.2472525573668377 	 7 	 0.008067827349858857 	 1.0
7	4	1	100	0.07692307692307693 	 0.03503481666214856 	 0.08505415080243216 	 7 	 0.005023650185217323 	 1.0
7	4	1	1000	0.07692307692307693 	 0.0323132080025881 	 0.08466161413777946 	 7 	 0.005023650185217323 	 1.0
7	4	1	10000	0.07692307692307693 	 0.03623207753195598 	 0.08463666627188356 	 7 	 0.005023650185217323 	 1.0
7	5	1	100	0.0 	 0.06802579441314421 	 0.35615157128958236 	 7 	 0.008152919092128012 	 1.0
7	5	1	1000	0.0 	 0.06853453389405617 	 0.35615157128958236 	 7 	 0.008152919092128012 	 1.0
7	5	1	10000	0.0 	 0.06890297183662848 	 0.35615157128958236 	 7 	 0.008152919092128012 	 1.0
7	6	1	100	0.07692307692307693 	 0.08109444035868518 	 0.3770830844205818 	 7 	 0.0067211025143343005 	 1.0
7	6	1	1000	0.07692307692307693 	 0.08453121111157456 	 0.3769541425240171 	 7 	 0.006713853459445576 	 1.0
7	6	1	10000	0.07692307692307693 	 0.08016500130358684 	 0.3769412491090668 	 7 	 0.006713128553956704 	 1.0
7	7	1	100	0.0 	 0.06337080255448173 	 0.18735184169732622 	 7 	 0.007709359392921286 	 1.0
7	7	1	1000	0.0 	 0.06176660370066161 	 0.18735184169732622 	 7 	 0.007709359392921286 	 1.0
7	7	1	10000	0.0 	 0.062338778902909106 	 0.18735184169732622 	 7 	 0.007709359392921286 	 1.0
7	8	1	100	0.07692307692307693 	 0.035161772194447063 	 0.1975477797464333 	 7 	 0.003650107911988029 	 0.877876591985898
7	8	1	1000	0.07692307692307693 	 0.03698474841575918 	 0.19824778763785147 	 7 	 0.0036501079119880286 	 0.877876591985898
7	8	1	10000	0.07692307692307693 	 0.035206489211009356 	 0.1983178038949952 	 7 	 0.003650107911988029 	 0.877876591985898
7	9	1	100	0.0 	 0.044002976108969694 	 0.14377370825834992 	 7 	 0.006394393249033198 	 1.0
7	9	1	1000	0.0 	 0.04334800733447334 	 0.14384812305442327 	 7 	 0.0063943932490331985 	 1.0
7	9	1	10000	0.0 	 0.046962349976323904 	 0.14385556382262232 	 7 	 0.0063943932490331985 	 1.0
7	10	1	100	0.16666666666666666 	 0.05130344565714527 	 0.1515271539103284 	 7 	 0.002359605334637489 	 0.8793379029915271
7	10	1	1000	0.16666666666666666 	 0.051530929326357305 	 0.15157551174831485 	 7 	 0.00232908033213903 	 0.8741839794712734
7	10	1	10000	0.16666666666666666 	 0.051577806337079195 	 0.15158034851110258 	 7 	 0.002320597807821696 	 0.8742691564753274
10	1	1	100	0.05263157894736842 	 0.09879250580687039 	 0.276645320054996 	 10 	 0.007122350156007441 	 1.0
10	1	1	1000	0.05263157894736842 	 0.10378257086429916 	 0.2766643971255252 	 10 	 0.007122350156007441 	 1.0
10	1	1	10000	0.05263157894736842 	 0.09763710291675083 	 0.2766663048471776 	 10 	 0.007122350156007442 	 1.0
10	2	1	100	0.05263157894736842 	 0.06388717688157307 	 0.23278427749160233 	 10 	 0.007309571877217215 	 0.9999999567524825
10	2	1	1000	0.05263157894736842 	 0.06390020766290819 	 0.23270584851881695 	 10 	 0.007305539887629243 	 0.9999999562444851
10	2	1	10000	0.05263157894736842 	 0.06389863882629021 	 0.23269800977291874 	 10 	 0.007305137191932991 	 0.9999999560969925
10	3	1	100	0.0 	 0.06752011487701925 	 0.24019339245785384 	 10 	 0.00755411344850038 	 1.0
10	3	1	1000	0.0 	 0.0671466528809817 	 0.24037709006029798 	 10 	 0.00755411344850038 	 1.0
10	3	1	10000	0.0 	 0.06878966765107468 	 0.24039545996534345 	 10 	 0.00755411344850038 	 1.0
10	4	1	100	0.0 	 0.06578662765633679 	 0.07442677200144379 	 10 	 0.004082862487555487 	 1.0
10	4	1	1000	0.0 	 0.06542902785743294 	 0.07397047430734766 	 10 	 0.00426409855476934 	 1.0
10	4	1	10000	0.0 	 0.06538543759838211 	 0.07392488313770244 	 10 	 0.004282222158569904 	 1.0
10	5	1	100	0.05263157894736842 	 0.08839468664307687 	 0.33924240221135304 	 10 	 0.00895796870743791 	 1.0
10	5	1	1000	0.05263157894736842 	 0.09097995331521508 	 0.33924240221135304 	 10 	 0.00895796870743791 	 1.0
10	5	1	10000	0.05263157894736842 	 0.09233252722093256 	 0.33924240221135304 	 10 	 0.00895796870743791 	 1.0
10	6	1	100	0.05263157894736842 	 0.09736028652247382 	 0.3803584775084228 	 10 	 0.007573431093174374 	 1.0
10	6	1	1000	0.05263157894736842 	 0.09926463398558177 	 0.3801062300504889 	 10 	 0.007573431093174375 	 1.0
10	6	1	10000	0.05263157894736842 	 0.10483717656514212 	 0.38008100776413684 	 10 	 0.007573431093174375 	 1.0
10	7	1	100	0.0 	 0.057767000341269754 	 0.15619036174471404 	 10 	 0.006716364065260655 	 1.0
10	7	1	1000	0.0 	 0.0590785882294656 	 0.15617482358416745 	 10 	 0.006716364065260657 	 1.0
10	7	1	10000	0.0 	 0.05750607829104535 	 0.1561732697857211 	 10 	 0.006716364065260656 	 1.0
10	8	1	100	0.05263157894736842 	 0.059061602343909884 	 0.20752725995079196 	 10 	 0.008868305579819593 	 1.0
10	8	1	1000	0.05263157894736842 	 0.05869943334164619 	 0.20752725995079196 	 10 	 0.008868305579819593 	 1.0
10	8	1	10000	0.05263157894736842 	 0.05786480899611641 	 0.20752725995079196 	 10 	 0.008868305579819593 	 1.0
10	9	1	100	0.0 	 0.06769905301679534 	 0.13497140449631048 	 10 	 0.007461965328182453 	 1.0
10	9	1	1000	0.0 	 0.06636865188130758 	 0.1350533895613094 	 10 	 0.007461965328182452 	 1.0
10	9	1	10000	0.0 	 0.06628986236546824 	 0.135061587213082 	 10 	 0.007461965328182453 	 1.0
10	10	1	100	0.0 	 0.08980005300750356 	 0.22249803174325197 	 10 	 0.007165568814233099 	 1.0
10	10	1	1000	0.0 	 0.09272330316206844 	 0.22242181598299596 	 10 	 0.007165568814233098 	 1.0
10	10	1	10000	0.0 	 0.0881599529943174 	 0.2224141946446871 	 10 	 0.007165568814233099 	 1.0
2	1	2	100	0.3333333333333333 	 0.0249742265938093 	 0.1887465532109122 	 2 	 0.0036482291719572703 	 0.3666622236232744
2	1	2	1000	0.3333333333333333 	 0.02497422392845429 	 0.18874655320610664 	 2 	 0.0036482291313798877 	 0.36666222361945466
2	1	2	10000	0.3333333333333333 	 0.02497422366253079 	 0.18874655320562655 	 2 	 0.0036482291273234172 	 0.3666622236190708
2	2	2	100	0.3333333333333333 	 0.01103111118792317 	 0.011518533119645171 	 2 	 0.0005584772389977327 	 0.056126966070918716
2	2	2	1000	0.3333333333333333 	 0.012499123239594116 	 0.011505277907618601 	 2 	 0.0005584542817770239 	 0.05612699074475374
2	2	2	10000	0.3333333333333333 	 0.013671595839027398 	 0.011505506249030838 	 2 	 0.0005582982185850444 	 0.05612787200692029
2	3	2	100	0.0 	 0.02509614111611154 	 0.21799048884004163 	 2 	 0.004353306131749112 	 1.0
2	3	2	1000	0.0 	 0.023851504454283325 	 0.2119789828557549 	 2 	 0.004353306131749111 	 1.0
2	3	2	10000	0.0 	 0.02377928976493592 	 0.2119789828557549 	 2 	 0.004353306131749111 	 1.0
2	4	2	100	0.0 	 0.008317736181551107 	 0.09165133391687792 	 2 	 0.001354900509705586 	 1.0
2	4	2	1000	0.0 	 0.008317736181551105 	 0.09165133391687795 	 2 	 0.001353780514807884 	 1.0
2	4	2	10000	0.0 	 0.008317736181551107 	 0.09165133391687792 	 2 	 0.0013593786924021997 	 1.0
2	5	2	100	0.3333333333333333 	 0.014823591242966679 	 0.09186270026742345 	 2 	 0.00202141913185404 	 0.20315547734343173
2	5	2	1000	0.3333333333333333 	 0.014834621472964226 	 0.09186270228693852 	 2 	 0.002021422005737105 	 0.2031554781540965
2	5	2	10000	0.3333333333333333 	 0.014835642688242046 	 0.09186270248890588 	 2 	 0.0020214222928928664 	 0.20315547823465657
2	6	2	100	0.3333333333333333 	 0.00840464029266043 	 0.6173726672890814 	 2 	 0.0026969140255598727 	 0.7289608093104762
2	6	2	1000	0.3333333333333333 	 0.008480126949549643 	 0.6173726624435314 	 2 	 0.0026969113531052757 	 0.7289607365143319
2	6	2	10000	0.3333333333333333 	 0.008497252544945808 	 0.6173726619589783 	 2 	 0.00269691108586022 	 0.7289607292347264
2	7	2	100	0.3333333333333333 	 0.013557242908526584 	 0.04532821680072744 	 2 	 0.00020100333281763998 	 0.8906776095526614
2	7	2	1000	0.3333333333333333 	 0.013557242908526584 	 0.045240774913319876 	 2 	 0.00017023775033132193 	 0.8937695505925365
2	7	2	10000	0.3333333333333333 	 0.013557242908526584 	 0.04523202841874122 	 2 	 0.00016716119208270758 	 0.8940787446965222
2	8	2	100	0.0 	 0.0135273540862376 	 0.10520627990025631 	 2 	 0.004718230763366485 	 1.0
2	8	2	1000	0.0 	 0.01353530974963267 	 0.10520627990025631 	 2 	 0.004718230763366485 	 1.0
2	8	2	10000	0.0 	 0.013529494769660933 	 0.10520627990025631 	 2 	 0.004718230763366485 	 1.0
2	9	2	100	0.3333333333333333 	 0.019703161449917794 	 0.007554091511348124 	 2 	 0.0001785981034772202 	 0.020252180148826553
2	9	2	1000	0.3333333333333333 	 0.019703161449917794 	 0.008001946516261278 	 2 	 0.0001992226176506455 	 0.02025218014882651
2	9	2	10000	0.3333333333333333 	 0.019703161449917787 	 0.008046800382936368 	 2 	 0.00020128506906799074 	 0.02025218014882653
2	10	2	100	0.0 	 0.03399100042115041 	 0.027093975398378323 	 2 	 0.0002606892791128757 	 1.0
2	10	2	1000	0.0 	 0.03398406039412129 	 0.027125858127793594 	 2 	 0.00026068908133207685 	 1.0
2	10	2	10000	0.0 	 0.033980171226540686 	 0.027129046480904178 	 2 	 0.0002606890180028822 	 1.0
3	1	2	100	0.0 	 0.024993343227384297 	 0.2634523040650604 	 3 	 0.004438195057259634 	 1.0
3	1	2	1000	0.0 	 0.024993074687513325 	 0.26345230406808023 	 3 	 0.004438195046063015 	 1.0
3	1	2	10000	0.0 	 0.024993044898931265 	 0.2634523040684298 	 3 	 0.0044381950449455185 	 1.0
3	2	2	100	0.0 	 0.028538528645932242 	 0.1264681893792216 	 3 	 0.004589263213250518 	 1.0
3	2	2	1000	0.0 	 0.029714201348790714 	 0.1264681893792216 	 3 	 0.004589263213250518 	 1.0
3	2	2	10000	0.0 	 0.02882427306850376 	 0.1264681893792216 	 3 	 0.004589263213250518 	 1.0
3	3	2	100	0.0 	 0.026771836546226953 	 0.1843651927891894 	 3 	 0.005458154335493888 	 1.0
3	3	2	1000	0.0 	 0.026763840540896765 	 0.1843651927891894 	 3 	 0.005458154335493888 	 1.0
3	3	2	10000	0.0 	 0.026917706364316174 	 0.1843651927891894 	 3 	 0.005458154335493888 	 1.0
3	4	2	100	0.0 	 0.013441642038753195 	 0.08087085895663101 	 3 	 0.005767839903883346 	 1.0
3	4	2	1000	0.0 	 0.013442351946519618 	 0.08086546849487247 	 3 	 0.005746845378634492 	 1.0
3	4	2	10000	0.0 	 0.013441691358136387 	 0.08086492946031057 	 3 	 0.00574474592610922 	 1.0
3	5	2	100	0.2 	 0.0212375917643372 	 0.1558205413054596 	 3 	 0.003315793128018097 	 0.329920835561785
3	5	2	1000	0.2 	 0.021480606484222974 	 0.15582055193214092 	 3 	 0.003315794858738789 	 0.32992095095368956
3	5	2	10000	0.2 	 0.02150367015241189 	 0.1558205529942851 	 3 	 0.0033157950318107626 	 0.3299209624928715
3	6	2	100	0.0 	 0.03898523138479298 	 0.49261735667874784 	 3 	 0.005664539675344807 	 1.0
3	6	2	1000	0.0 	 0.042093725039867455 	 0.49261735667874784 	 3 	 0.005664539675344807 	 1.0
3	6	2	10000	0.0 	 0.043325729951723596 	 0.49261735667874784 	 3 	 0.005664539675344807 	 1.0
3	7	2	100	0.2 	 0.01766487495679015 	 0.10822561270889525 	 3 	 0.003995747962601675 	 1.0
3	7	2	1000	0.2 	 0.01636412327998689 	 0.10822561270889525 	 3 	 0.003995747962601675 	 1.0
3	7	2	10000	0.2 	 0.015953121243681763 	 0.10822561270889525 	 3 	 0.003995747962601675 	 1.0
3	8	2	100	0.2 	 0.01616405948144018 	 0.07821069260681465 	 3 	 0.003222092639068749 	 0.6794017824126575
3	8	2	1000	0.2 	 0.016120183527240588 	 0.07821069260681454 	 3 	 0.0032220926390687478 	 0.6794017824126575
3	8	2	10000	0.2 	 0.016180446406047218 	 0.07821069260681454 	 3 	 0.003222092639068748 	 0.6794017824126575
3	9	2	100	0.0 	 0.021715479152566743 	 0.16303428755366312 	 3 	 0.005046426385151789 	 1.0
3	9	2	1000	0.0 	 0.021370682723063632 	 0.16303428755366312 	 3 	 0.005046426385151789 	 1.0
3	9	2	10000	0.0 	 0.021680722079310686 	 0.16303428755366312 	 3 	 0.005046426385151789 	 1.0
3	10	2	100	0.2 	 0.0395658339463354 	 0.1602439113505673 	 3 	 0.004612958669271323 	 0.4589960176809096
3	10	2	1000	0.2 	 0.03956508735612457 	 0.16024391128966167 	 3 	 0.0046129587719717455 	 0.4589960176518961
3	10	2	10000	0.2 	 0.039565011894057665 	 0.16024391128731225 	 3 	 0.004612958775781882 	 0.4589960176488143
5	1	2	100	0.0 	 0.0490111821207757 	 0.46548788089304033 	 5 	 0.006713311906219878 	 1.0
5	1	2	1000	0.0 	 0.048203847607062034 	 0.46548788089304033 	 5 	 0.006713311906219878 	 1.0
5	1	2	10000	0.0 	 0.0454627892498045 	 0.46548788089304033 	 5 	 0.006713311906219878 	 1.0
5	2	2	100	0.0 	 0.028434459479190686 	 0.1620517293251669 	 5 	 0.004842470286286682 	 1.0
5	2	2	1000	0.0 	 0.02844203158539392 	 0.1623780449937321 	 5 	 0.004842470293839001 	 1.0
5	2	2	10000	0.0 	 0.028442787712386508 	 0.16241068356791458 	 5 	 0.004842470294583813 	 1.0
5	3	2	100	0.0 	 0.04594846915181065 	 0.2198139647871974 	 5 	 0.0071556678711493914 	 1.0
5	3	2	1000	0.0 	 0.04550418921166811 	 0.2198139647871974 	 5 	 0.0071556678711493914 	 1.0
5	3	2	10000	0.0 	 0.04532490415363539 	 0.2198139647871974 	 5 	 0.0071556678711493914 	 1.0
5	4	2	100	0.0 	 0.02340224452049878 	 0.13353996964900688 	 5 	 0.005154590383495035 	 1.0
5	4	2	1000	0.1111111111111111 	 0.02111598566461204 	 0.1334715578710348 	 5 	 0.005154589725050884 	 1.0
5	4	2	10000	0.1111111111111111 	 0.021655419306204637 	 0.13346471744806596 	 5 	 0.005154589725050883 	 1.0
5	5	2	100	0.0 	 0.04933911609250584 	 0.2684171770539119 	 5 	 0.006775247811038203 	 1.0
5	5	2	1000	0.0 	 0.04954694922413967 	 0.2684171770539119 	 5 	 0.006775247811038203 	 1.0
5	5	2	10000	0.0 	 0.04869227028740314 	 0.2684171770539119 	 5 	 0.006775247811038203 	 1.0
5	6	2	100	0.0 	 0.06748427285939178 	 0.5036380456428682 	 5 	 0.006085212916256853 	 1.0
5	6	2	1000	0.0 	 0.0666121101202816 	 0.5036380456428682 	 5 	 0.006085212916256853 	 1.0
5	6	2	10000	0.0 	 0.06459961277563638 	 0.5036380456428682 	 5 	 0.006085212916256853 	 1.0
5	7	2	100	0.1111111111111111 	 0.025304485773798426 	 0.18701648796281792 	 5 	 0.004238626105790928 	 0.9999999984564105
5	7	2	1000	0.1111111111111111 	 0.02532021504791337 	 0.18701648792733544 	 5 	 0.004238626106821179 	 0.9999999984678045
5	7	2	10000	0.1111111111111111 	 0.02532135069187557 	 0.18701648792377093 	 5 	 0.004238626106940203 	 0.9999999984704262
5	8	2	100	0.1111111111111111 	 0.01191454945886126 	 0.03888841799117304 	 5 	 0.0024330005638886743 	 0.7737766450502573
5	8	2	1000	0.1111111111111111 	 0.011892750141000677 	 0.039016619853231606 	 5 	 0.0024502313474777182 	 0.7735113275478607
5	8	2	10000	0.1111111111111111 	 0.011890350542810492 	 0.03902943754061698 	 5 	 0.002451954425836623 	 0.7735326564799828
5	9	2	100	0.0 	 0.041000645772512896 	 0.1714981992724881 	 5 	 0.006247390445760672 	 1.0
5	9	2	1000	0.0 	 0.03965600560864802 	 0.1714981992724881 	 5 	 0.006247390445760672 	 1.0
5	9	2	10000	0.0 	 0.03915234487221243 	 0.1714981992724881 	 5 	 0.006247390445760672 	 1.0
5	10	2	100	0.1111111111111111 	 0.04417767930043296 	 0.1708107801726217 	 5 	 0.005220727151172805 	 0.9502486964389306
5	10	2	1000	0.1111111111111111 	 0.044176471411881205 	 0.17088099669599507 	 5 	 0.0052219824784656916 	 0.9529334704288498
5	10	2	10000	0.1111111111111111 	 0.04421626163956721 	 0.17088801837499695 	 5 	 0.005222108011194961 	 0.9532019478269911
7	1	2	100	0.07692307692307693 	 0.05099066184802984 	 0.27667159850456685 	 7 	 0.007819933736186203 	 1.0
7	1	2	1000	0.07692307692307693 	 0.04730755203727808 	 0.27667159850456685 	 7 	 0.007819933736186203 	 1.0
7	1	2	10000	0.07692307692307693 	 0.04996358675255081 	 0.27667159850456685 	 7 	 0.007819933736186203 	 1.0
7	2	2	100	0.0 	 0.05927532194389714 	 0.24530305312086073 	 7 	 0.008075279267105554 	 1.0
7	2	2	1000	0.0 	 0.05677196147842154 	 0.24530305312086073 	 7 	 0.008075279267105554 	 1.0
7	2	2	10000	0.0 	 0.05808498331808186 	 0.24530305312086073 	 7 	 0.008075279267105554 	 1.0
7	3	2	100	0.0 	 0.03787369782530133 	 0.1345284502381829 	 7 	 0.004781111488012158 	 1.0
7	3	2	1000	0.0 	 0.037217604697718114 	 0.13311900842581698 	 7 	 0.004513368976763268 	 1.0
7	3	2	10000	0.0 	 0.037159324582601634 	 0.13297790106174143 	 7 	 0.004486594725638388 	 1.0
7	4	2	100	0.0 	 0.038469029774388805 	 0.11366817082239435 	 7 	 0.0050777259150745595 	 1.0
7	4	2	1000	0.0 	 0.039334556546250295 	 0.11338325182554226 	 7 	 0.005099472672017575 	 1.0
7	4	2	10000	0.0 	 0.04185761702592436 	 0.11335476679020798 	 7 	 0.005101647347711819 	 1.0
7	5	2	100	0.0 	 0.06897751099694156 	 0.33959777105573025 	 7 	 0.008115992774426335 	 1.0
7	5	2	1000	0.0 	 0.06510129066002053 	 0.33959777105573025 	 7 	 0.008115992774426335 	 1.0
7	5	2	10000	0.0 	 0.0695438192789407 	 0.33959777105573025 	 7 	 0.008115992774426335 	 1.0
7	6	2	100	0.07692307692307693 	 0.07451969198134453 	 0.3130942154227261 	 7 	 0.007655391155403422 	 1.0
7	6	2	1000	0.07692307692307693 	 0.07589788955044613 	 0.3130942154227261 	 7 	 0.007655391155403422 	 1.0
7	6	2	10000	0.07692307692307693 	 0.07674519649614991 	 0.3130942154227261 	 7 	 0.007655391155403422 	 1.0
7	7	2	100	0.07692307692307693 	 0.050545120667712405 	 0.19079129937031425 	 7 	 0.00793367432834017 	 1.0
7	7	2	1000	0.07692307692307693 	 0.049891433148301446 	 0.19079129937031425 	 7 	 0.00793367432834017 	 1.0
7	7	2	10000	0.07692307692307693 	 0.04582641185872338 	 0.19079129937031425 	 7 	 0.00793367432834017 	 1.0
7	8	2	100	0.07692307692307693 	 0.02682697915862356 	 0.04708108812131117 	 7 	 0.0012662900782911303 	 0.8138995955561026
7	8	2	1000	0.07692307692307693 	 0.02639237922325561 	 0.04553266473574538 	 7 	 0.0012740552134002706 	 0.8084932757362888
7	8	2	10000	0.07692307692307693 	 0.026416097191797536 	 0.04554658696965914 	 7 	 0.0012817328121139736 	 0.8087385823793752
7	9	2	100	0.0 	 0.06619053527833604 	 0.2616292666349721 	 7 	 0.007735569472291432 	 1.0
7	9	2	1000	0.0 	 0.06624373181132986 	 0.2616292603551142 	 7 	 0.007735568895365819 	 1.0
7	9	2	10000	0.0 	 0.06619681837960414 	 0.261629259730387 	 7 	 0.007735568841572537 	 1.0
7	10	2	100	0.16666666666666666 	 0.0526536690277738 	 0.14479667663195672 	 7 	 0.0012638385137882947 	 0.7773995427108356
7	10	2	1000	0.16666666666666666 	 0.05265422231506489 	 0.14472027696519502 	 7 	 0.0012517967888262618 	 0.7750245131367203
7	10	2	10000	0.16666666666666666 	 0.0526542836244997 	 0.14471263752242738 	 7 	 0.0012505926190474518 	 0.7747870045575547
10	1	2	100	0.1111111111111111 	 0.0956110202494575 	 0.27172783984455445 	 10 	 0.00506006389177295 	 0.8669571310082154
10	1	2	1000	0.1111111111111111 	 0.0925472865667338 	 0.2715803811372227 	 10 	 0.005060063891772949 	 0.8669571310082154
10	1	2	10000	0.1111111111111111 	 0.09571262716849269 	 0.27156563718261845 	 10 	 0.00506006389177295 	 0.8669571310082154
10	2	2	100	0.05263157894736842 	 0.06559299448382977 	 0.17693297999185856 	 10 	 0.0072887699877463115 	 1.0
10	2	2	1000	0.05263157894736842 	 0.05811839499517687 	 0.17664967267847695 	 10 	 0.007288769987746311 	 1.0
10	2	2	10000	0.05263157894736842 	 0.06230148359604315 	 0.1766213460335077 	 10 	 0.007288769987746311 	 1.0
10	3	2	100	0.0 	 0.05091891400737956 	 0.06374452869293654 	 10 	 0.004983940189327362 	 1.0
10	3	2	1000	0.0 	 0.05264405927460847 	 0.06369425746334127 	 10 	 0.004971869577602807 	 1.0
10	3	2	10000	0.0 	 0.05276790790003456 	 0.06368921649037872 	 10 	 0.004970662443365951 	 1.0
10	4	2	100	0.0 	 0.06185892331451487 	 0.10838828022138261 	 10 	 0.00536231998795395 	 1.0
10	4	2	1000	0.0 	 0.06175221169307042 	 0.10833469153209112 	 10 	 0.005362319987953951 	 1.0
10	4	2	10000	0.0 	 0.05818917389716982 	 0.1083293327006213 	 10 	 0.005362319987953951 	 1.0
10	5	2	100	0.0 	 0.10587748323907786 	 0.3322123079385765 	 10 	 0.008858615964836117 	 1.0
10	5	2	1000	0.0 	 0.1070761460601519 	 0.3322123079385765 	 10 	 0.008858615964836117 	 1.0
10	5	2	10000	0.0 	 0.10338831789368375 	 0.3322123079385765 	 10 	 0.008858615964836117 	 1.0
10	6	2	100	0.05263157894736842 	 0.09325232687613931 	 0.2945534213366789 	 10 	 0.006865613828620802 	 1.0
10	6	2	1000	0.05263157894736842 	 0.0918243472730153 	 0.29441078703746887 	 10 	 0.0068656138286208 	 1.0
10	6	2	10000	0.05263157894736842 	 0.09313784989927168 	 0.29439652441837527 	 10 	 0.0068656138286208 	 1.0
10	7	2	100	0.05263157894736842 	 0.058114194048200646 	 0.20202345244682088 	 10 	 0.006913332859280636 	 1.0
10	7	2	1000	0.05263157894736842 	 0.05576652893607566 	 0.20193191956181783 	 10 	 0.006913332859280636 	 1.0
10	7	2	10000	0.05263157894736842 	 0.054785401772865325 	 0.2019227666949808 	 10 	 0.006913332859280636 	 1.0
10	8	2	100	0.1111111111111111 	 0.04885650983589459 	 0.08151014758808023 	 10 	 0.00404648880122487 	 0.8389090293667534
10	8	2	1000	0.1111111111111111 	 0.04998572681635331 	 0.0815064282423995 	 10 	 0.00408071924632349 	 0.8392798434958458
10	8	2	10000	0.1111111111111111 	 0.050240538781357064 	 0.08150607624993551 	 10 	 0.004084142212458389 	 0.8393169551645543
10	9	2	100	0.05263157894736842 	 0.06857584925097054 	 0.2645721767117979 	 10 	 0.008722023159252084 	 0.9999901588626212
10	9	2	1000	0.05263157894736842 	 0.0692007455076213 	 0.26457221229572675 	 10 	 0.008722100361822811 	 0.9999886872276489
10	9	2	10000	0.05263157894736842 	 0.06920565487761549 	 0.26457202093489884 	 10 	 0.008722061956269355 	 0.9999881464564735
10	10	2	100	0.0 	 0.09121183699249716 	 0.18018284909222834 	 10 	 0.006785334088480743 	 1.0
10	10	2	1000	0.0 	 0.09106973150606898 	 0.1798576554975949 	 10 	 0.006785788241042962 	 1.0
10	10	2	10000	0.0 	 0.0912108294713316 	 0.17982488468095376 	 10 	 0.006785826151990325 	 1.0
