2	1	0	0	0.3333333333333333 	 0.00044596650124252395 	 0.002765730611249623 	 2 	 1.2918343227315736e-05 	 0.3679605247341923
2	2	0	0	0.3333333333333333 	 0.01435448756471419 	 0.011503746084047957 	 2 	 0.0005584772746417149 	 0.056126966101492606
2	3	0	0	1.0 	 5.987420302394418e-18 	 7.158378336177357e-17 	 2 	 8.285246452426504e-19 	 8.326672684688674e-17
2	4	0	0	0.0 	 0.006885278231578726 	 0.058640294994986776 	 2 	 0.0012099208623195844 	 1.0
2	6	0	0	0.3333333333333333 	 0.005279422257694299 	 0.6140578374432106 	 2 	 0.0026969087892816206 	 1.0
2	7	0	0	0.3333333333333333 	 0.013557242908526584 	 0.043257223252025204 	 2 	 0.000523715724221599 	 0.9635118747851052
2	8	0	0	0.0 	 0.0032729074751825286 	 0.0915721667265792 	 2 	 0.004200150576433378 	 1.0
2	9	0	0	0.3333333333333333 	 0.02077325686621444 	 0.008051784914043283 	 2 	 0.00020151423033658511 	 0.020252180148826886
2	10	0	0	0.0 	 0.03397975033421861 	 0.027129400743709023 	 2 	 0.0002606890109797897 	 1.0
3	1	0	0	0.2 	 0.008520734383919577 	 0.1917181632279413 	 3 	 0.0017140371246557296 	 0.7289461459495604
3	2	0	0	0.2 	 0.015576412537536576 	 0.08578794482560126 	 3 	 0.002188673571049216 	 0.5689976616512687
3	3	0	0	0.0 	 0.005478442238277092 	 0.06402232087013905 	 3 	 0.0014428559036318205 	 1.0
3	4	0	0	0.0 	 0.012226915639933734 	 0.088860105004019 	 3 	 0.006119305859714609 	 1.0
3	5	0	0	0.5 	 0.01697253535011563 	 0.1070618379582195 	 3 	 0.0021430645432221392 	 0.21323492205060368
3	6	0	0	0.2 	 0.020379578206485234 	 0.38217060581993917 	 3 	 0.0028294513915893653 	 0.8377475088307198
3	7	0	0	0.2 	 0.013075712798820846 	 0.0846303391354592 	 3 	 0.0005923806349410904 	 0.6587441219236352
3	8	0	0	0.2 	 0.003137469180938174 	 0.02639572479115893 	 3 	 2.6021659358741513e-05 	 0.6808048454701081
3	9	0	0	0.0 	 0.017322960756435676 	 0.13652069623373864 	 3 	 0.0029691921262409208 	 1.0
3	10	0	0	0.5 	 0.03184745517629933 	 0.15059935866835858 	 3 	 0.0029839641888121625 	 0.39346780717455654
5	1	0	0	0.1111111111111111 	 0.03593705332078032 	 0.6412438730135293 	 5 	 0.006047903176018243 	 0.7456200889329749
5	2	0	0	0.1111111111111111 	 0.026021472507916116 	 0.22832439158925277 	 5 	 0.007236894978324903 	 0.9999877317185764
5	3	0	0	0.0 	 0.017242951645466718 	 0.07884317133750467 	 5 	 0.0046966371774098325 	 1.0
5	4	0	0	0.0 	 0.02898850208384059 	 0.19647465204892145 	 5 	 0.007321976280610346 	 1.0
5	5	0	0	0.25 	 0.03738600670837557 	 0.29785471324522483 	 5 	 0.005057465091089973 	 0.750492944436623
5	6	0	0	0.0 	 0.04535170943744265 	 0.5485431328369732 	 5 	 0.004359048971061462 	 1.0
5	7	0	0	0.1111111111111111 	 0.028976573094903223 	 0.23649024510038713 	 5 	 0.0069084940376260996 	 1.0
5	8	0	0	0.1111111111111111 	 0.010476212194224175 	 0.03347129837481426 	 5 	 0.0027026317975889216 	 0.7498539796892565
5	9	0	0	0.0 	 0.02968857558827572 	 0.12239498875582212 	 5 	 0.0022871083656176004 	 1.0
5	10	0	0	0.1111111111111111 	 0.038551306879694026 	 0.16171631000739353 	 5 	 0.0030278054953818165 	 0.9257797312802485
7	1	0	0	0.07692307692307693 	 0.0398766696441105 	 0.33967193644307303 	 7 	 0.005751073536569631 	 1.0
7	2	0	0	0.0 	 0.04991678780249795 	 0.2893214466257064 	 7 	 0.00671956514719186 	 1.0
7	3	0	0	0.07692307692307693 	 0.02739084847237418 	 0.08815491990964633 	 7 	 0.003420717828714547 	 0.9394665953176042
7	4	0	0	0.0 	 0.038366756121836605 	 0.2098197089055712 	 7 	 0.008313726800492674 	 1.0
7	5	0	0	0.07692307692307693 	 0.04551265937603585 	 0.27514259069427527 	 7 	 0.0061528899197025805 	 0.999999888311529
7	6	0	0	0.16666666666666666 	 0.048785284301850786 	 0.3730676998288397 	 7 	 0.004566490877335041 	 0.8972238143886717
7	7	0	0	0.07692307692307693 	 0.03518424479214315 	 0.20434806251040497 	 7 	 0.003401967859201783 	 0.852208951943427
7	8	0	0	0.07692307692307693 	 0.03535371508069466 	 0.04799016558161887 	 7 	 0.0018034705682436715 	 0.7780760420862503
7	9	0	0	0.07692307692307693 	 0.03952731412352235 	 0.18655071290741723 	 7 	 0.003801129101449495 	 0.7821438044584307
7	10	0	0	0.07692307692307693 	 0.03530312977688508 	 0.10164120520499491 	 7 	 0.0025910060939984734 	 1.0
10	1	0	0	0.17647058823529413 	 0.06781318703459824 	 0.23953684284504542 	 10 	 0.0036217626053752835 	 0.8197824929219661
10	2	0	0	0.05263157894736842 	 0.05578504819480662 	 0.21972642157827352 	 10 	 0.00677342262436656 	 0.9522880140270531
10	3	0	0	0.05263157894736842 	 0.05798210377674477 	 0.1222791834680713 	 10 	 0.006673262361829567 	 1.0
10	4	0	0	0.05263157894736842 	 0.05508495672056993 	 0.1770310979423305 	 10 	 0.0069459219363564835 	 1.0
10	5	0	0	0.05263157894736842 	 0.07794262979698201 	 0.2335353647032191 	 10 	 0.007008181232529715 	 1.000000133253778
10	6	0	0	0.05263157894736842 	 0.09476584922060287 	 0.3931852662462921 	 10 	 0.006865613828620777 	 1.0
10	7	0	0	0.05263157894736842 	 0.041218143282325835 	 0.12655860876136138 	 10 	 0.004115253198458023 	 0.818118754239442
10	8	0	0	0.17647058823529413 	 0.045348248686330334 	 0.09780980358589941 	 10 	 0.004516769196915027 	 0.7640342542417453
10	9	0	0	0.0 	 0.05901062116303175 	 0.20339871838015036 	 10 	 0.004554548671827475 	 1.0
10	10	0	0	0.1111111111111111 	 0.05488153133846781 	 0.08868617761838002 	 10 	 0.0018424136045708892 	 0.6304915507438933
2	1	1	100	0.3333333333333333 	 0.0004494400251850668 	 0.0031773493056963544 	 2 	 1.1274002892932697e-05 	 0.4830298166392646
2	1	1	1000	0.3333333333333333 	 0.0004636545875089214 	 0.00351061941559375 	 2 	 1.6407886575651883e-05 	 0.48354577194937787
2	1	1	10000	0.3333333333333333 	 0.00046507760598872436 	 0.0035439412601890484 	 2 	 1.692127494392358e-05 	 0.4835973674803892
2	2	1	100	0.3333333333333333 	 0.007103117391104377 	 0.056783764398756306 	 2 	 0.00048334079434421824 	 0.6788263389445992
2	2	1	1000	0.3333333333333333 	 0.007103117391104376 	 0.056516181342736 	 2 	 0.0005542146983613782 	 0.6717035115908745
2	2	1	10000	0.3333333333333333 	 0.007103117391104376 	 0.056167936142184544 	 2 	 0.0006465869924216915 	 0.662420096037813
2	3	1	100	0.0 	 0.003413009128712693 	 0.1817998546019398 	 2 	 0.0028712331469550236 	 1.0
2	3	1	1000	0.0 	 0.003413009128712693 	 0.1827417913943393 	 2 	 0.0028919079843045597 	 1.0
2	3	1	10000	0.0 	 0.003413009128712693 	 0.1828360053197397 	 2 	 0.0028939754495728477 	 1.0
2	4	1	100	0.0 	 0.006885278231578726 	 0.054905373646676116 	 2 	 0.0003954873206804721 	 1.0
2	4	1	1000	0.0 	 0.006885278231578726 	 0.05217324735026138 	 2 	 0.00023130875849455162 	 1.0
2	4	1	10000	0.0 	 0.006885278231578726 	 0.05190057400976465 	 2 	 0.00021489090227595357 	 1.0
2	5	1	100	0.3333333333333333 	 0.0007663080488506114 	 0.006351417401366562 	 2 	 5.8523861462039295e-06 	 0.634737469192187
2	5	1	1000	0.3333333333333333 	 0.0007591389328623794 	 0.006354270768136443 	 2 	 6.670413470764724e-06 	 0.6348196809383053
2	5	1	10000	0.3333333333333333 	 0.0007584218437242255 	 0.0063545561126706375 	 2 	 6.752216203221273e-06 	 0.6348279021129173
2	6	1	100	0.3333333333333333 	 0.003053923642813972 	 0.7292340230253739 	 2 	 0.004350258653334012 	 1.0
2	6	1	1000	0.3333333333333333 	 0.0030479304426833083 	 0.7297980752506932 	 2 	 0.004350258653334012 	 1.0
2	6	1	10000	0.3333333333333333 	 0.0031054207933601495 	 0.7297628387640213 	 2 	 0.004350258653334012 	 1.0
2	7	1	100	0.3333333333333333 	 0.02149913225875555 	 0.10195489868749488 	 2 	 0.0027052528621906 	 0.27187791265015654
2	7	1	1000	0.3333333333333333 	 0.021461872213235623 	 0.10179339467956469 	 2 	 0.0027052528621906 	 0.27187791265015654
2	7	1	10000	0.0 	 0.018754615183991043 	 0.10224901444081565 	 2 	 0.0014208978114718888 	 1.0
2	8	1	100	0.0 	 0.0032729074751825286 	 0.027973287555451375 	 2 	 0.00033138630813654696 	 1.0
2	8	1	1000	0.0 	 0.0032729074751825286 	 0.033325610641589155 	 2 	 0.0006319267350378488 	 1.0
2	8	1	10000	0.0 	 0.0032729074751825286 	 0.03386244846809544 	 2 	 0.0006619807777279833 	 1.0
2	9	1	100	0.3333333333333333 	 0.006655286984466381 	 0.08213796255395561 	 2 	 0.0009585910019083428 	 0.3497916070641446
2	9	1	1000	0.3333333333333333 	 0.006570593063816882 	 0.08154663885813505 	 2 	 0.0009397359946259562 	 0.3478966788322647
2	9	1	10000	0.0 	 0.006561125641606039 	 0.07830680444751915 	 2 	 0.002377887987062075 	 1.0
2	10	1	100	1.0 	 0.0017134073759723116 	 0.23023539621905906 	 2 	 0.0033290623121321914 	 0.3979463724738714
2	10	1	1000	1.0 	 0.0016943345522351261 	 0.2299405346538541 	 2 	 0.0033266330824482542 	 0.39770223489063566
2	10	1	10000	1.0 	 0.0016924265990777812 	 0.2299110433919214 	 2 	 0.003326390159643924 	 0.3976778211488005
3	1	1	100	0.2 	 0.014132298406295568 	 0.36625097752381575 	 3 	 0.004520912432029902 	 0.7937804871033258
3	1	1	1000	0.2 	 0.012873083017377364 	 0.3665501302833121 	 3 	 0.00452789362486269 	 0.7944751157901881
3	1	1	10000	0.2 	 0.014610332391673265 	 0.366580048562064 	 3 	 0.004528591744145969 	 0.7945445786588745
3	2	1	100	0.2 	 0.00837662230915072 	 0.0475097602251895 	 3 	 0.0013495605776816127 	 0.6416829414301702
3	2	1	1000	0.2 	 0.010735989310908516 	 0.04803514224587709 	 3 	 0.0013495605776816127 	 0.6416829414301701
3	2	1	10000	0.2 	 0.010522268152394402 	 0.048087343351255515 	 3 	 0.0013495605776816131 	 0.6416829414301702
3	3	1	100	0.2 	 0.003354530089231446 	 0.10954252585905955 	 3 	 0.0021657156554502717 	 0.7460837797089577
3	3	1	1000	0.2 	 0.003354530089231446 	 0.10850574771065408 	 3 	 0.002136719186930048 	 0.7460837797089577
3	3	1	10000	0.2 	 0.003354530089231446 	 0.10840205460185379 	 3 	 0.002133819540078137 	 0.7460837797089577
3	4	1	100	0.2 	 0.012375088395285283 	 0.07011224188962513 	 3 	 0.0022926003966537156 	 0.6683798921946641
3	4	1	1000	0.2 	 0.012661895825807902 	 0.07180382791433929 	 3 	 0.002292600396653715 	 0.6777380527153086
3	4	1	10000	0.2 	 0.012655335007588593 	 0.07197290817491762 	 3 	 0.0022926003966537156 	 0.6786738687673732
3	5	1	100	0.5 	 0.01858386127379406 	 0.22736378672729396 	 3 	 0.0029204706186945024 	 0.48546463951569135
3	5	1	1000	0.5 	 0.01689138862291485 	 0.22722916119705364 	 3 	 0.002916962926328312 	 0.48511562412525544
3	5	1	10000	0.5 	 0.0179863474455747 	 0.22721567596856126 	 3 	 0.002916612157091693 	 0.4850807225862117
3	6	1	100	0.2 	 0.015144971091700318 	 0.3563913301532583 	 3 	 0.0030065041087083836 	 1.0
3	6	1	1000	0.2 	 0.013334028992277728 	 0.34742534804385067 	 3 	 0.003006504108708385 	 1.0
3	6	1	10000	0.2 	 0.013329728653180379 	 0.34726639026006545 	 3 	 0.0030065041087083853 	 1.0
3	7	1	100	0.0 	 0.024711688377553907 	 0.08666541687345823 	 3 	 0.0048104280201472175 	 1.0
3	7	1	1000	0.0 	 0.02471567155576321 	 0.08656446850768819 	 3 	 0.004710210318439377 	 1.0
3	7	1	10000	0.0 	 0.024717219721898154 	 0.08655439298618114 	 3 	 0.004700188548268644 	 1.0
3	8	1	100	0.2 	 0.016201473821988204 	 0.052724608242097265 	 3 	 0.001747381209936921 	 0.5936094702903378
3	8	1	1000	0.2 	 0.016221363238010055 	 0.052724608242097265 	 3 	 0.001747381209936921 	 0.5936094702903378
3	8	1	10000	0.2 	 0.01621580813010218 	 0.052724608242097265 	 3 	 0.001747381209936921 	 0.5936094702903378
3	9	1	100	0.0 	 0.009984487089088308 	 0.15780751377473867 	 3 	 0.005052309128337766 	 1.0
3	9	1	1000	0.0 	 0.009983803461539344 	 0.15397598369043705 	 3 	 0.004923250993967445 	 1.0
3	9	1	10000	0.0 	 0.009984263456574514 	 0.1535931242674188 	 3 	 0.004910345180530415 	 1.0
3	10	1	100	0.5 	 0.010390125093133695 	 0.12323670968202606 	 3 	 0.002880542071211384 	 0.3879853243677793
3	10	1	1000	0.5 	 0.010090094003607825 	 0.1233003724008106 	 3 	 0.002880542071211384 	 0.3879853243677793
3	10	1	10000	0.5 	 0.010286272303549598 	 0.1233067377631118 	 3 	 0.002880542071211384 	 0.3879853243677794
5	1	1	100	0.1111111111111111 	 0.024129091065813766 	 0.382310478051703 	 5 	 0.0047908390817426975 	 0.8512516322316946
5	1	1	1000	0.1111111111111111 	 0.02518424668027139 	 0.3846129680959147 	 5 	 0.0049188459589576 	 0.8512516322316946
5	1	1	10000	0.1111111111111111 	 0.02403610632771391 	 0.3848432572927786 	 5 	 0.004931647896129868 	 0.8512516322316945
5	2	1	100	0.0 	 0.026147918184867756 	 0.24304061818174777 	 5 	 0.006869167329266736 	 1.0
5	2	1	1000	0.0 	 0.02803086644197939 	 0.24304061818174777 	 5 	 0.006869167329266736 	 1.0
5	2	1	10000	0.0 	 0.030014551255749273 	 0.24304061818174777 	 5 	 0.006869167329266736 	 1.0
5	3	1	100	0.1111111111111111 	 0.016745545141373545 	 0.053921800635718574 	 5 	 0.002051298077479003 	 0.837376486565559
5	3	1	1000	0.0 	 0.017549189270832065 	 0.05037789831609583 	 5 	 0.0022858274681036173 	 1.0
5	3	1	10000	0.0 	 0.01859016811359096 	 0.05041455815860257 	 5 	 0.002285864491766505 	 1.0
5	4	1	100	0.0 	 0.030199227676088104 	 0.04999085628760926 	 5 	 0.0032809300169500425 	 1.0
5	4	1	1000	0.0 	 0.02733487941757954 	 0.08840610255353046 	 5 	 0.003130307356137155 	 1.0
5	4	1	10000	0.1111111111111111 	 0.02277976259664322 	 0.08723893703343352 	 5 	 0.0020388985592115225 	 1.000000108593618
5	5	1	100	0.25 	 0.020090866886219767 	 0.314448436459477 	 5 	 0.005041615441525594 	 0.8407492798092693
5	5	1	1000	0.25 	 0.024519141335435687 	 0.3159602783626426 	 5 	 0.005041615441525595 	 0.8407492798092691
5	5	1	10000	0.25 	 0.022430527362627566 	 0.31609345248156023 	 5 	 0.005041615441525594 	 0.8407492798092691
5	6	1	100	0.1111111111111111 	 0.03862354843544599 	 0.5074542618384266 	 5 	 0.005934893013236223 	 0.7816567921014715
5	6	1	1000	0.25 	 0.031729239675931706 	 0.49298574507554344 	 5 	 0.005831937663735119 	 0.7816567921014714
5	6	1	10000	0.25 	 0.03120398983252191 	 0.49229644999394356 	 5 	 0.005826956254368585 	 0.7816567921014714
5	7	1	100	0.0 	 0.031221252500328246 	 0.1702006350029497 	 5 	 0.007282414123560553 	 1.0
5	7	1	1000	0.0 	 0.030509282234638273 	 0.1702006350029497 	 5 	 0.007282414123560553 	 1.0
5	7	1	10000	0.0 	 0.026267415933124965 	 0.1702006350029497 	 5 	 0.007282414123560553 	 1.0
5	8	1	100	0.1111111111111111 	 0.010189583886959787 	 0.024275633930739088 	 5 	 0.0023040268223478134 	 0.761800370508609
5	8	1	1000	0.1111111111111111 	 0.012590960112362961 	 0.044065676173206295 	 5 	 0.003266333349454401 	 0.7704776345624164
5	8	1	10000	0.1111111111111111 	 0.01142709576214381 	 0.04355215334126201 	 5 	 0.0032491461969285087 	 0.7710011728219166
5	9	1	100	0.0 	 0.03307459630911782 	 0.1718216420756727 	 5 	 0.005135604312169941 	 1.0
5	9	1	1000	0.0 	 0.02687044090040142 	 0.1694967812125562 	 5 	 0.005115656676016796 	 1.0
5	9	1	10000	0.0 	 0.031307454770337105 	 0.16926471432130408 	 5 	 0.005115656676016797 	 1.0
5	10	1	100	0.25 	 0.025928277115380132 	 0.13324095311335554 	 5 	 0.002770327451799246 	 0.47381052007382773
5	10	1	1000	0.25 	 0.024837984162499827 	 0.1332428286566009 	 5 	 0.002770327451799246 	 0.47381052007382773
5	10	1	10000	0.25 	 0.02321189105063097 	 0.1332430136374325 	 5 	 0.0027703274517992455 	 0.4738105200738276
7	1	1	100	0.07692307692307693 	 0.03733437117061418 	 0.25635170929837886 	 7 	 0.00574810551392085 	 1.0
7	1	1	1000	0.07692307692307693 	 0.03290552810134723 	 0.252831974974197 	 7 	 0.004160375916242014 	 1.0
7	1	1	10000	0.07692307692307693 	 0.028818267758820435 	 0.24807309159337745 	 7 	 0.005423764754839239 	 1.0
7	2	1	100	0.0 	 0.0476915078411999 	 0.23497000685265634 	 7 	 0.005656734727231544 	 1.0
7	2	1	1000	0.0 	 0.05082674203690722 	 0.25212519096352976 	 7 	 0.005656734727231541 	 1.0
7	2	1	10000	0.0 	 0.04692090022540661 	 0.2652585801954341 	 7 	 0.005656734727231539 	 1.0
7	3	1	100	0.0 	 0.025614195644467916 	 0.05415664009959793 	 7 	 0.005533272230102028 	 1.0
7	3	1	1000	0.0 	 0.02570908105350537 	 0.053604483375433484 	 7 	 0.005410657763058183 	 1.0
7	3	1	10000	0.07692307692307693 	 0.022865025299459205 	 0.04958186802218627 	 7 	 0.0046867774521830476 	 0.8989638977210301
7	4	1	100	0.16666666666666666 	 0.03771309972523155 	 0.10827050249474604 	 7 	 0.005023650185217311 	 0.7445384942560923
7	4	1	1000	0.07692307692307693 	 0.04575344572036907 	 0.1511240177984615 	 7 	 0.006299973504271359 	 0.9198844456238952
7	4	1	10000	0.07692307692307693 	 0.03593469055996552 	 0.0872300662956415 	 7 	 0.005023650185217322 	 1.0
7	5	1	100	0.16666666666666666 	 0.05197525707685334 	 0.2999641258876669 	 7 	 0.004537278511697585 	 0.7786041134190469
7	5	1	1000	0.16666666666666666 	 0.05184098142703247 	 0.2991489655555186 	 7 	 0.004537278197208771 	 0.7786040552756494
7	5	1	10000	0.16666666666666666 	 0.050972424636032486 	 0.29937822253461477 	 7 	 0.004537279261504001 	 0.7786041216817844
7	6	1	100	0.07692307692307693 	 0.0639739952216457 	 0.31964305820298694 	 7 	 0.005159435200480186 	 0.8039012731296287
7	6	1	1000	0.2727272727272727 	 0.047722826114522575 	 0.3133779121251925 	 7 	 0.004845831034338922 	 0.7351667471869963
7	6	1	10000	0.16666666666666666 	 0.06588984424503543 	 0.3334955081680381 	 7 	 0.005159436230674928 	 0.7162828189612478
7	7	1	100	0.0 	 0.055821125660514066 	 0.25320551064650515 	 7 	 0.006238744429734535 	 1.0
7	7	1	1000	0.0 	 0.05682747359279601 	 0.2477722739999627 	 7 	 0.006140823434423392 	 1.0
7	7	1	10000	0.0 	 0.05528036626620048 	 0.24776729290958197 	 7 	 0.006140661077073112 	 1.0
7	8	1	100	0.07692307692307693 	 0.0342567901070245 	 0.21482624300298173 	 7 	 0.005288255426108887 	 1.000000240212319
7	8	1	1000	0.0 	 0.040965579901738026 	 0.22550056978433364 	 7 	 0.005288246863788662 	 1.0
7	8	1	10000	0.07692307692307693 	 0.039804047219206135 	 0.2086407341754387 	 7 	 0.0036501079119880173 	 1.0
7	9	1	100	0.0 	 0.03742648798485448 	 0.1519827798223696 	 7 	 0.00574411595825599 	 1.0
7	9	1	1000	0.0 	 0.032732720395089815 	 0.14807374466724435 	 7 	 0.005131436176154841 	 1.0
7	9	1	10000	0.0 	 0.036615275388675386 	 0.14780335073053233 	 7 	 0.005087610299937774 	 1.0
7	10	1	100	0.16666666666666666 	 0.03544120002172244 	 0.10777333952126632 	 7 	 0.004092072346134792 	 0.8841003586041515
7	10	1	1000	0.16666666666666666 	 0.049988771650879234 	 0.16439563953864936 	 7 	 0.004741092200622011 	 0.9082789917179261
7	10	1	10000	0.16666666666666666 	 0.049988774203048494 	 0.1642377331007063 	 7 	 0.004733841950733346 	 0.9075865943903976
10	1	1	100	0.25 	 0.05307081462992021 	 0.17825602831942264 	 10 	 0.00501164679449739 	 0.7106927069137109
10	1	1	1000	0.25 	 0.061842855716469906 	 0.18269054549924676 	 10 	 0.004772702817559759 	 0.7106929938617661
10	1	1	10000	0.25 	 0.06184276118298195 	 0.1829634892675134 	 10 	 0.004772702861949598 	 0.710692995490904
10	2	1	100	0.05263157894736842 	 0.057216495306554364 	 0.258156627310021 	 10 	 0.006508530705934157 	 0.8688056372048589
10	2	1	1000	0.1111111111111111 	 0.052702669999205184 	 0.24986546949831415 	 10 	 0.006878008519499029 	 0.868805637204859
10	2	1	10000	0.05263157894736842 	 0.0569529724221134 	 0.2601423070864365 	 10 	 0.006499094218327032 	 0.8688056372048589
10	3	1	100	0.1111111111111111 	 0.03595766654951118 	 0.0789239756987395 	 10 	 0.004599766403941293 	 0.767148239162897
10	3	1	1000	0.1111111111111111 	 0.03606787710642859 	 0.0793522416731641 	 10 	 0.0045997588088219216 	 0.76714807557776
10	3	1	10000	0.1111111111111111 	 0.0360803770298184 	 0.07939768912420049 	 10 	 0.004599758334200164 	 0.7671480653552579
10	4	1	100	0.05263157894736842 	 0.0581338781748751 	 0.10654925896197225 	 10 	 0.0052202282409633 	 0.8493315715501705
10	4	1	1000	0.0 	 0.06619576705607638 	 0.13096528155011097 	 10 	 0.006673731950754777 	 1.0
10	4	1	10000	0.05263157894736842 	 0.05436179424023699 	 0.10243516770084807 	 10 	 0.00537941544040795 	 0.870471592698255
10	5	1	100	0.1111111111111111 	 0.08040998347114992 	 0.3206651537036911 	 10 	 0.0058419369731093854 	 1.0
10	5	1	1000	0.17647058823529413 	 0.0933464621314918 	 0.31108339440822064 	 10 	 0.005841934327746434 	 0.8286121172944315
10	5	1	10000	0.17647058823529413 	 0.09651924841012681 	 0.31089154919825573 	 10 	 0.0058419343602288225 	 0.8286121176764171
10	6	1	100	0.0 	 0.0932447076562839 	 0.38724446049845224 	 10 	 0.0049657470062882516 	 1.0
10	6	1	1000	0.0 	 0.09171313871120171 	 0.40429016792781475 	 10 	 0.007573431093174385 	 1.0
10	6	1	10000	0.05263157894736842 	 0.08873182712123212 	 0.4078428452649948 	 10 	 0.007573431093174386 	 1.0
10	7	1	100	0.0 	 0.05778722897324101 	 0.20500625998615415 	 10 	 0.006716364065260662 	 1.0
10	7	1	1000	0.0 	 0.058146880087204394 	 0.19245393924279383 	 10 	 0.008676045848203268 	 1.0
10	7	1	10000	0.0 	 0.06027026225235527 	 0.20467493445083712 	 10 	 0.006716364065260662 	 1.0
10	8	1	100	0.05263157894736842 	 0.04817814103509436 	 0.22297149922381784 	 10 	 0.007030563928857271 	 1.0
10	8	1	1000	0.17647058823529413 	 0.0368502933851156 	 0.22693538062969745 	 10 	 0.007030583134631381 	 0.8300102264611006
10	8	1	10000	0.17647058823529413 	 0.04387408131094444 	 0.21523433744124576 	 10 	 0.007030395426068025 	 0.8300046032711536
10	9	1	100	0.0 	 0.05880153675710361 	 0.16364020335441043 	 10 	 0.007462332231184653 	 1.0
10	9	1	1000	0.0 	 0.05272847439802287 	 0.16156352441615096 	 10 	 0.0074352532268657815 	 1.0
10	9	1	10000	0.0 	 0.05346980083959672 	 0.1612365745274675 	 10 	 0.007425629242875713 	 1.0
10	10	1	100	0.05263157894736842 	 0.05809878208430862 	 0.14091669795625933 	 10 	 0.005119802042425575 	 0.9003197076430813
10	10	1	1000	0.1111111111111111 	 0.05492631294789664 	 0.10366309438555824 	 10 	 0.004832488081541046 	 0.883711216415832
10	10	1	10000	0.05263157894736842 	 0.05670433405894855 	 0.14446434989123277 	 10 	 0.004940669638172884 	 0.8937180990650297
2	1	2	100	0.3333333333333333 	 0.00046437612867199446 	 0.002700885157861949 	 2 	 8.584766796563446e-06 	 0.36666223123984704
2	1	2	1000	0.3333333333333333 	 0.00043776809433128334 	 0.0025965571175249383 	 2 	 1.0768032224928176e-05 	 0.3677444184784523
2	1	2	10000	0.3333333333333333 	 0.00044514640827288175 	 0.002748814581406067 	 2 	 1.2703312127076786e-05 	 0.3679389141086183
2	2	2	100	0.3333333333333333 	 0.012826229550640342 	 0.015203939229157843 	 2 	 0.000558470186503478 	 0.056126983918862075
2	2	2	1000	0.3333333333333333 	 0.012610216164628065 	 0.01523281263746346 	 2 	 0.0005584937619362239 	 0.056128530071126406
2	2	2	10000	0.3333333333333333 	 0.013936884267623415 	 0.011503893947523965 	 2 	 0.0005584772746417149 	 0.056126966101492606
2	3	2	100	1.0 	 6.704373770737711e-05 	 0.000738631715345114 	 2 	 7.272511468023359e-06 	 0.000730887402536351
2	3	2	1000	1.0 	 6.698776975114872e-06 	 7.389677036688683e-05 	 2 	 7.272511468031645e-07 	 7.308874025371837e-05
2	3	2	10000	1.0 	 6.698218798014951e-07 	 7.3900134188049385e-06 	 2 	 7.272511468050976e-08 	 7.308874025391265e-06
2	4	2	1000	0.0 	 0.006885278231578726 	 0.05862846328654614 	 2 	 0.0012091798406736003 	 1.0
2	4	2	10000	0.0 	 0.006885278231578726 	 0.058639111815886505 	 2 	 0.0012098467601549887 	 1.0
2	6	2	100	0.3333333333333333 	 0.0054127045191626096 	 0.615838719482221 	 2 	 0.0026969087892816206 	 1.0
2	6	2	1000	0.3333333333333333 	 0.005300031905663445 	 0.6143583007858084 	 2 	 0.0026969087892816206 	 1.0
2	6	2	10000	0.3333333333333333 	 0.005288281558793694 	 0.6141537393298995 	 2 	 0.0026969087892816206 	 1.0
2	7	2	100	0.3333333333333333 	 0.013557242908526584 	 0.043389876313788545 	 2 	 0.0004775407662440487 	 0.9588712915083615
2	7	2	1000	0.3333333333333333 	 0.013557242908526584 	 0.04327049287682942 	 2 	 0.0005190982284256599 	 0.9630478164576135
2	7	2	10000	0.3333333333333333 	 0.013557242908526584 	 0.043258550257708576 	 2 	 0.0005232539746416068 	 0.9634654689523161
2	8	2	100	0.0 	 0.0032729074751825286 	 0.0937722487081038 	 2 	 0.004353946260859292 	 1.0
2	8	2	1000	0.0 	 0.0032729074751825286 	 0.09179242988812064 	 2 	 0.004215530144875966 	 1.0
2	8	2	10000	0.0 	 0.0032729074751825286 	 0.09159419559561782 	 2 	 0.004201688533277637 	 1.0
2	9	2	100	0.3333333333333333 	 0.021143897485847555 	 0.0068664355527494345 	 2 	 0.00020151423033658511 	 0.020252180148826886
2	9	2	1000	0.3333333333333333 	 0.021323194852963016 	 0.007933119137441349 	 2 	 0.00020151423033658511 	 0.020252180148826886
2	9	2	10000	0.3333333333333333 	 0.019970914958529505 	 0.008039917026389516 	 2 	 0.00020151423033658511 	 0.020252180148826886
2	10	2	100	0.0 	 0.03399100042115041 	 0.027093975398378323 	 2 	 0.0002606892791128757 	 1.0
2	10	2	1000	0.0 	 0.03398406039412129 	 0.027125858127793594 	 2 	 0.00026068908133207685 	 1.0
2	10	2	10000	0.0 	 0.033980171226540686 	 0.027129046480904178 	 2 	 0.0002606890180028822 	 1.0
3	1	2	100	0.2 	 0.00830243166149265 	 0.1931537711549649 	 3 	 0.0017140371246557296 	 0.7289461459495604
3	1	2	1000	0.2 	 0.00924857983955829 	 0.19186160564959148 	 3 	 0.0017140371246557292 	 0.7289461459495603
3	1	2	10000	0.2 	 0.007637996848075231 	 0.19173250628746907 	 3 	 0.0017140371246557294 	 0.7289461459495603
3	2	2	100	0.2 	 0.014272725999487883 	 0.08787935549423215 	 3 	 0.0022236642695550677 	 0.5689976616512686
3	2	2	1000	0.2 	 0.015404081985783058 	 0.08599743767405932 	 3 	 0.0021921726405944733 	 0.5689976616512686
3	2	2	10000	0.2 	 0.015843896322158206 	 0.08580889763478489 	 3 	 0.0021890234780020537 	 0.5689976616512686
3	3	2	100	0.2 	 0.004909749731203706 	 0.06954642214586457 	 3 	 0.0018864179386526697 	 1.0
3	3	2	1000	0.0 	 0.00564306271477709 	 0.06415720975782768 	 3 	 0.0014942623724269325 	 1.0
3	3	2	10000	0.0 	 0.005493167075598513 	 0.06403581203815638 	 3 	 0.0014479965505120975 	 1.0
3	4	2	100	0.0 	 0.013779542532878964 	 0.08885994133724007 	 3 	 0.006119444755528373 	 1.0
3	4	2	1000	0.0 	 0.012157536474933443 	 0.08886011318270198 	 3 	 0.006119305097053457 	 1.0
3	4	2	10000	0.0 	 0.012220042592977334 	 0.08886010582187508 	 3 	 0.0061193057834420805 	 1.0
3	5	2	100	0.5 	 0.01848616302643821 	 0.10775080709465439 	 3 	 0.0021614660643704065 	 0.21506587340485622
3	5	2	1000	0.5 	 0.01640200004574359 	 0.1071306426738558 	 3 	 0.0021449046953369642 	 0.2134180171860288
3	5	2	10000	0.5 	 0.016805523568101284 	 0.10706871750605776 	 3 	 0.002143248558433627 	 0.21325323156414672
3	6	2	100	0.2 	 0.0189516556877721 	 0.38743421561946034 	 3 	 0.0029110371534503167 	 0.8377475088307198
3	6	2	1000	0.2 	 0.02028055037386912 	 0.3826965951708467 	 3 	 0.002837609967775462 	 0.8377475088307198
3	6	2	10000	0.2 	 0.019629928201576753 	 0.3822232010416222 	 3 	 0.002830267249207979 	 0.8377475088307198
3	7	2	100	0.2 	 0.013302162527572204 	 0.0838904096810087 	 3 	 0.0005923806349410904 	 0.6609587068685856
3	7	2	1000	0.2 	 0.01341868680611178 	 0.08455633133211901 	 3 	 0.0005923806349410907 	 0.6589655804181301
3	7	2	10000	0.2 	 0.01349762779269896 	 0.08462293821086087 	 3 	 0.0005923806349410901 	 0.6587662677730846
3	8	2	100	0.2 	 0.003137469180938174 	 0.027221683382375753 	 3 	 4.1354624857629544e-05 	 0.6831210327407103
3	8	2	1000	0.2 	 0.003137469180938174 	 0.02647835524067756 	 3 	 1.7279018431254663e-05 	 0.6804650404200309
3	8	2	10000	0.2 	 0.003137469180938174 	 0.02640398818217419 	 3 	 2.26531393928167e-05 	 0.6805226865057192
3	9	2	100	0.0 	 0.017954200434912703 	 0.1364075217748403 	 3 	 0.002965769723638827 	 1.0
3	9	2	1000	0.0 	 0.018444892663934714 	 0.13650937849907346 	 3 	 0.0029688498859807106 	 1.0
3	9	2	10000	0.0 	 0.01811953099032425 	 0.1365195644573843 	 3 	 0.002969157902214902 	 1.0
3	10	2	100	0.5 	 0.03128713997568185 	 0.019406342144368142 	 3 	 0.0021456727014425615 	 0.32750954704252605
3	10	2	1000	0.5 	 0.03194228318249886 	 0.15028421290267996 	 3 	 0.002975164841747702 	 0.3925922721416428
3	10	2	10000	0.5 	 0.03212269996135808 	 0.15056764454955904 	 3 	 0.0029830842498557585 	 0.39338025324839443
5	1	2	100	0.1111111111111111 	 0.029545256748705607 	 0.6380913309494846 	 5 	 0.0059970234751163115 	 0.7456200889329749
5	1	2	1000	0.1111111111111111 	 0.03686877374077502 	 0.6414263860182504 	 5 	 0.006049161217625325 	 0.7456200889329749
5	1	2	10000	0.1111111111111111 	 0.036821365403903815 	 0.641255848155821 	 5 	 0.006048028980178754 	 0.7456200889329749
5	2	2	100	0.1111111111111111 	 0.02339111831437326 	 0.22771459560071278 	 5 	 0.007206713211021454 	 0.999999504876369
5	2	2	1000	0.1111111111111111 	 0.025957069372711725 	 0.22832498344485727 	 5 	 0.007236926207642989 	 0.9999886909300546
5	2	2	10000	0.1111111111111111 	 0.026014405890022102 	 0.22832413382135078 	 5 	 0.0072368819549887805 	 0.9999872979325524
5	3	2	100	0.0 	 0.017551112826896347 	 0.07921239879277783 	 5 	 0.004696637177409832 	 1.0
5	3	2	1000	0.0 	 0.017348549074012187 	 0.07888014140071872 	 5 	 0.004696637177409832 	 1.0
5	3	2	10000	0.0 	 0.01729488393783994 	 0.07884686881766978 	 5 	 0.004696637177409832 	 1.0
5	4	2	100	0.1111111111111111 	 0.019449715535829783 	 0.1960535688175431 	 5 	 0.007304369485831468 	 0.9999780658522868
5	4	2	1000	0.0 	 0.028988717379695734 	 0.1964631130219049 	 5 	 0.0073214970942002975 	 1.0
5	4	2	10000	0.1111111111111111 	 0.019398581884821024 	 0.19585663314119123 	 5 	 0.007296206362446405 	 0.9999780918077128
5	5	2	100	0.25 	 0.03444308010756678 	 0.3002150074540658 	 5 	 0.005108583726513492 	 0.755477011390416
5	5	2	1000	0.25 	 0.03632887098136025 	 0.31378248359482064 	 5 	 0.005398055185625786 	 0.7837004786538648
5	5	2	10000	0.25 	 0.037578844232795554 	 0.29792539029393444 	 5 	 0.005058999117278839 	 0.7506425119900373
5	6	2	100	0.0 	 0.04250746980983888 	 0.5568557456378976 	 5 	 0.00442800313268626 	 1.0
5	6	2	1000	0.0 	 0.04636139794802909 	 0.5493669712271576 	 5 	 0.0043659443872239405 	 1.0
5	6	2	10000	0.0 	 0.046060890198862406 	 0.5486254433204124 	 5 	 0.004359738512677711 	 1.0
5	7	2	100	0.1111111111111111 	 0.029354102785231335 	 0.23649024510038713 	 5 	 0.0069084940376260996 	 1.0
5	7	2	1000	0.1111111111111111 	 0.028908069181644756 	 0.23649024510038713 	 5 	 0.0069084940376260996 	 1.0
5	7	2	10000	0.1111111111111111 	 0.029286313319310996 	 0.23649024510038713 	 5 	 0.0069084940376260996 	 1.0
5	8	2	100	0.1111111111111111 	 0.010770381648908726 	 0.03234066805179604 	 5 	 0.002668592630444635 	 0.7498539796892565
5	8	2	1000	0.1111111111111111 	 0.010450882109051852 	 0.03332802056944997 	 5 	 0.0026995636874429445 	 0.7498539796892566
5	8	2	10000	0.1111111111111111 	 0.010451844902857856 	 0.03348338532617791 	 5 	 0.002707764983486618 	 0.7498539796892566
5	9	2	100	0.0 	 0.026038017115642034 	 0.14660603216421303 	 5 	 0.003186727015384308 	 1.0
5	9	2	1000	0.0 	 0.02901441005867151 	 0.12234058157992356 	 5 	 0.0022871083656176012 	 1.0
5	9	2	10000	0.0 	 0.025050521433772743 	 0.14700359637902277 	 5 	 0.003212971064865334 	 1.0
5	10	2	100	0.1111111111111111 	 0.038482268605521064 	 0.1580597906221827 	 5 	 0.002844350268114137 	 0.9187474617600038
5	10	2	1000	0.1111111111111111 	 0.03854360430723119 	 0.16135082744564141 	 5 	 0.003009459953318965 	 0.9250765075924157
5	10	2	10000	0.1111111111111111 	 0.0385505442908405 	 0.1616797634477901 	 5 	 0.003025970940977625 	 0.9257094088719436
7	1	2	100	0.07692307692307693 	 0.03905806081068637 	 0.33897336147822055 	 7 	 0.005751073536569631 	 1.0
7	1	2	1000	0.07692307692307693 	 0.03901896975170914 	 0.33960206483317495 	 7 	 0.005751073536569631 	 1.0
7	1	2	10000	0.07692307692307693 	 0.04043657105480465 	 0.3396649495622875 	 7 	 0.005751073536569632 	 1.0
7	2	2	100	0.0 	 0.05218783149697516 	 0.2895598716839983 	 7 	 0.006726416352428594 	 1.0
7	2	2	1000	0.0 	 0.046362922485751364 	 0.22860766648360573 	 7 	 0.00617482017870939 	 1.0
7	2	2	10000	0.0 	 0.04872111389815621 	 0.2893242658555735 	 7 	 0.006719646168734274 	 1.0
7	3	2	100	0.0 	 0.032391383051396126 	 0.08737714190071477 	 7 	 0.0038933713897280646 	 1.0
7	3	2	1000	0.07692307692307693 	 0.02652327204808314 	 0.09599669771728521 	 7 	 0.0037472014079998326 	 0.9999983121297719
7	3	2	10000	0.0 	 0.03241732884662639 	 0.08805528890562747 	 7 	 0.003893384667716831 	 1.0
7	4	2	100	0.0 	 0.04428557642932651 	 0.21062387600307383 	 7 	 0.008351796781321242 	 1.0
7	4	2	1000	0.0 	 0.04224222747863837 	 0.20887730452378417 	 7 	 0.008269032650872372 	 1.0
7	4	2	10000	0.0 	 0.043085731001771946 	 0.2087945571863775 	 7 	 0.008265104178602309 	 1.0
7	5	2	100	0.07692307692307693 	 0.03251819362435926 	 0.30469325372893674 	 7 	 0.006594595788333515 	 1.0000016735943653
7	5	2	1000	0.07692307692307693 	 0.0455210594158009 	 0.2750005409784928 	 7 	 0.006150248900910572 	 0.9999998862428129
7	5	2	10000	0.07692307692307693 	 0.03421468274543028 	 0.3168652181174096 	 7 	 0.006759528408787229 	 1.000001131025433
7	6	2	100	0.07692307692307693 	 0.06331468240349605 	 0.3440929920520802 	 7 	 0.002798893125813058 	 1.0
7	6	2	1000	0.07692307692307693 	 0.04678367308414038 	 0.37187432278886945 	 7 	 0.00460273479256313 	 1.0
7	6	2	10000	0.07692307692307693 	 0.0621182548016952 	 0.38568038758271533 	 7 	 0.004743009954351944 	 0.9999999550511685
7	7	2	100	0.07692307692307693 	 0.03520369278736354 	 0.2029990380141035 	 7 	 0.003373509380156697 	 0.8518930664992006
7	7	2	1000	0.07692307692307693 	 0.03519903804059506 	 0.2042130491933119 	 7 	 0.00339912205345563 	 0.8521773512871152
7	7	2	10000	0.07692307692307693 	 0.035185772965036 	 0.2043345603259444 	 7 	 0.0034016832786550504 	 0.8522057918673835
7	8	2	100	0.07692307692307693 	 0.035286778206570835 	 0.04815490830042551 	 7 	 0.0018034038620414832 	 0.7780751377703444
7	8	2	1000	0.07692307692307693 	 0.030394840075151815 	 0.045411700384957905 	 7 	 0.0018035547768145619 	 0.778075132922859
7	8	2	10000	0.07692307692307693 	 0.0317428623751661 	 0.047982622096978345 	 7 	 0.0018035517938688208 	 0.7780751331181706
7	9	2	100	0.0 	 0.044211043034847734 	 0.23808843301232643 	 7 	 0.0032133356537570133 	 1.0
7	9	2	1000	0.07692307692307693 	 0.04255495183276003 	 0.1864625789385587 	 7 	 0.0038074404623457386 	 0.7821438044584307
7	9	2	10000	0.07692307692307693 	 0.0415983527912524 	 0.18651787557825766 	 7 	 0.0038015470731021695 	 0.7821438044584306
7	10	2	100	0.07692307692307693 	 0.034631788167267134 	 0.1011291551686209 	 7 	 0.0026631315292565943 	 1.0
7	10	2	1000	0.07692307692307693 	 0.03567300740937307 	 0.10159002888070677 	 7 	 0.002598218497935936 	 1.0
7	10	2	10000	0.07692307692307693 	 0.03522423225805167 	 0.10163609225603333 	 7 	 0.0025917272876135513 	 1.0
10	1	2	100	0.17647058823529413 	 0.06481457305170361 	 0.23214263248788658 	 10 	 0.003621762605375282 	 0.8197824929219661
10	1	2	1000	0.17647058823529413 	 0.06012347933097666 	 0.2324591073921217 	 10 	 0.0036217626053752813 	 0.819782492921966
10	1	2	10000	0.17647058823529413 	 0.06245755905310113 	 0.2723720560471717 	 10 	 0.003738082683257404 	 0.7204083170086283
10	2	2	100	0.05263157894736842 	 0.055287688918737546 	 0.2121130278767904 	 10 	 0.00647063161383447 	 0.9242353985475283
10	2	2	1000	0.05263157894736842 	 0.045564365457562594 	 0.22567141537685764 	 10 	 0.007040006323173651 	 1.0
10	2	2	10000	0.05263157894736842 	 0.05488633985338889 	 0.21819770009664285 	 10 	 0.007289104707382543 	 1.0000006408326148
10	3	2	100	0.05263157894736842 	 0.05470727675275659 	 0.09235040315803707 	 10 	 0.004238126643619876 	 0.9377749293207823
10	3	2	1000	0.05263157894736842 	 0.05147161944641317 	 0.09240463966828469 	 10 	 0.004336461310871741 	 0.9377749327197705
10	3	2	10000	0.05263157894736842 	 0.0574414268278319 	 0.12228944296448199 	 10 	 0.006673262361829567 	 1.0
10	4	2	100	0.1111111111111111 	 0.05473512535062034 	 0.19529911758517862 	 10 	 0.0076309375608791166 	 1.0
10	4	2	1000	0.05263157894736842 	 0.06462345030767938 	 0.19692993049958182 	 10 	 0.007991543072961243 	 1.000000197793376
10	4	2	10000	0.05263157894736842 	 0.06352301663772432 	 0.19746633015777815 	 10 	 0.008010657350113214 	 1.000000184606697
10	5	2	100	0.05263157894736842 	 0.07874716026365487 	 0.23707686075987516 	 10 	 0.007008177383959301 	 1.0000000905509792
10	5	2	1000	0.05263157894736842 	 0.08340930507893989 	 0.2679341013424276 	 10 	 0.007008214241329217 	 1.0000004094467176
10	5	2	10000	0.05263157894736842 	 0.07439586007172284 	 0.25119918148917963 	 10 	 0.007008170791962161 	 1.0
10	6	2	100	0.0 	 0.10810907606321173 	 0.3922654064460866 	 10 	 0.0068650430227053735 	 1.0
10	6	2	1000	0.05263157894736842 	 0.10947583588303778 	 0.39817377630306694 	 10 	 0.006865613828620776 	 1.0
10	6	2	10000	0.1111111111111111 	 0.10014236595083371 	 0.3874613619867939 	 10 	 0.006533828462934073 	 0.8251597858278872
10	7	2	100	0.05263157894736842 	 0.037447407999250545 	 0.16909202326615957 	 10 	 0.004128719956235883 	 0.8863925602525958
10	7	2	1000	0.05263157894736842 	 0.041273926831434146 	 0.1319775295315382 	 10 	 0.003763428051216923 	 0.8571648609077794
10	7	2	10000	0.05263157894736842 	 0.037110324156974746 	 0.18185799807182687 	 10 	 0.004533626780417517 	 0.9282460310384658
10	8	2	100	0.17647058823529413 	 0.050884313992225906 	 0.09844523783033837 	 10 	 0.004303323497053477 	 0.7609893540096654
10	8	2	1000	0.17647058823529413 	 0.05095004002555531 	 0.09863926706017895 	 10 	 0.004233141507604701 	 0.7609893471167224
10	8	2	10000	0.17647058823529413 	 0.04722716208344783 	 0.10109858301914808 	 10 	 0.0047134599880745524 	 0.7822285158674637
10	9	2	100	0.0 	 0.05899899644770217 	 0.20458397282756743 	 10 	 0.004540846453922983 	 1.0
10	9	2	1000	0.0 	 0.05900947208851214 	 0.20351716745605558 	 10 	 0.004553178538272367 	 1.0
10	9	2	10000	0.0 	 0.059010513823552574 	 0.20341056192285867 	 10 	 0.004554411533609624 	 1.0
10	10	2	100	0.1111111111111111 	 0.05191645855748435 	 0.1259286885621004 	 10 	 0.00418074195893612 	 0.812507430099331
10	10	2	1000	0.17647058823529413 	 0.05464892555076627 	 0.08213264623847233 	 10 	 0.0018428517418436273 	 0.630514698218438
10	10	2	10000	0.17647058823529413 	 0.04677119946837302 	 0.09981108782859185 	 10 	 0.0024244820129753516 	 0.8894382628032833
