2	1	0	0	1.0 	 8.706629882281914e-18 	 1.3442212252978932e-16 	 2 	 8.285246452426504e-19 	 8.326672684688675e-17
2	2	0	0	1.0 	 8.96975177174808e-17 	 9.31156737676776e-17 	 2 	 2.3820083550726198e-18 	 2.393918396847994e-16
2	3	0	0	1.0 	 6.286791317514139e-18 	 5.4151775199898756e-17 	 2 	 2.761748817475501e-19 	 2.7755575615628914e-17
2	4	0	0	1.0 	 1.7142811481026734e-17 	 1.6079025938192457e-16 	 2 	 1.933224172232851e-18 	 1.9428902930940242e-16
2	5	0	0	1.0 	 1.8621098626706162e-17 	 5.226723981481305e-17 	 2 	 0.0 	 0.0
2	6	0	0	1.0 	 5.980059654158474e-17 	 6.310724314394747e-16 	 2 	 1.3808744087377506e-18 	 1.387778780781446e-16
2	7	0	0	1.0 	 3.0791557265806827e-17 	 9.009763300913532e-17 	 2 	 4.833060430582127e-19 	 4.85722573273506e-17
2	8	0	0	1.0 	 3.9933453644554205e-18 	 1.3143716979076933e-16 	 2 	 8.285246452426504e-19 	 8.326672684688674e-17
2	9	0	0	1.0 	 2.820685153557811e-16 	 2.956826844240811e-16 	 2 	 3.3486204411890452e-18 	 3.3653635433950063e-16
2	10	0	0	1.0 	 2.4412328371177383e-16 	 8.992170521037392e-16 	 2 	 7.940027850242066e-19 	 7.979727989493313e-17
3	1	0	0	1.0 	 2.04564739254827e-17 	 1.825900704649166e-16 	 3 	 2.6500298326479705e-18 	 2.6367796834847473e-16
3	2	0	0	1.0 	 1.070735200090422e-17 	 7.384776232204998e-17 	 3 	 1.4121869502926767e-18 	 1.4051260155412137e-16
3	3	0	0	1.0 	 7.682318847506595e-12 	 5.581706910450195e-11 	 3 	 5.949122266839618e-12 	 5.919376655505459e-10
3	4	0	0	1.0 	 1.9967706912873558e-17 	 1.714077371752853e-16 	 3 	 2.6500298326479705e-18 	 2.636779683484747e-16
3	5	0	0	1.0 	 2.1070968854268092e-17 	 6.189200802578546e-17 	 3 	 2.789505086997862e-19 	 2.7755575615628907e-17
3	6	0	0	1.0 	 5.872734218336978e-17 	 2.3453317450808715e-16 	 3 	 4.1842576304968084e-19 	 4.1633363423443376e-17
3	7	0	0	1.0 	 3.2096959646225815e-16 	 7.691283594407244e-16 	 3 	 3.343919223038691e-17 	 3.327199626923516e-15
3	8	0	0	1.0 	 0.0002895279054327316 	 0.00403462941765685 	 3 	 0.0005157014496012552 	 0.05131229423532524
3	9	0	0	1.0 	 3.7648312931150827e-16 	 1.866928362592806e-16 	 3 	 2.2316040695982896e-18 	 2.2204460492503136e-16
3	10	0	0	1.0 	 1.2756566998661373e-16 	 8.459353639154623e-16 	 3 	 2.2839072899795236e-18 	 2.2724877535296173e-16
2	1	1	100	1.0 	 2.4677477510165568e-05 	 0.00040337646593563767 	 2 	 5.263871123073558e-06 	 0.000529019047868895
2	1	1	1000	1.0 	 2.4680502898810135e-06 	 4.0346709116235576e-05 	 2 	 5.263871123077976e-07 	 5.290190478693391e-05
2	1	1	10000	1.0 	 2.4680807878632693e-07 	 4.034761685636988e-06 	 2 	 5.2638711231194026e-08 	 5.290190478735024e-06
2	2	1	100	1.0 	 6.148747958802044e-05 	 0.0003654834730911525 	 2 	 8.057390266426334e-06 	 0.0008097677217758504
2	2	1	1000	1.0 	 6.15884497539962e-06 	 3.660413612214854e-05 	 2 	 8.057390266376346e-07 	 8.097677217708267e-05
2	2	1	10000	1.0 	 6.159858344924976e-07 	 3.6609732628165935e-06 	 2 	 8.057390266489578e-08 	 8.097677217822064e-06
2	3	1	100	1.0 	 0.00010663604448075037 	 0.0009116858858875317 	 2 	 4.716526728757293e-06 	 0.00047401093624011015
2	3	1	1000	1.0 	 1.066748249299362e-05 	 9.120215437671925e-05 	 2 	 4.7165267287589504e-07 	 4.740109362402767e-05
2	3	1	10000	1.0 	 1.0667871101088532e-06 	 9.120551636640913e-06 	 2 	 4.7165267287120004e-08 	 4.740109362355583e-06
2	4	1	100	1.0 	 0.00019869134385850856 	 0.002151157770828519 	 2 	 4.4652708736565555e-05 	 0.00448759722802486
2	4	1	1000	1.0 	 1.976512623261665e-05 	 0.00021576384023404765 	 2 	 4.4652708736564725e-06 	 0.0004487597228024776
2	4	1	10000	1.0 	 1.9754943590076885e-06 	 2.1582911558252412e-05 	 2 	 4.4652708736434925e-07 	 4.487597228011731e-05
2	5	1	100	1.0 	 1.1226827631956175e-05 	 0.0001061789980518405 	 2 	 9.39470642455595e-07 	 9.441679956678772e-05
2	5	1	1000	1.0 	 1.1228189210587633e-06 	 1.0618409154685343e-05 	 2 	 9.394706424605662e-08 	 9.441679956728732e-06
2	5	1	10000	1.0 	 1.1228325421556122e-07 	 1.0618460092234315e-06 	 2 	 9.394706424633278e-09 	 9.441679956756488e-07
2	6	1	100	1.0 	 0.0001483864956813527 	 0.00218587362368603 	 2 	 4.039589581960254e-06 	 0.00040597875298700736
2	6	1	1000	1.0 	 1.4841394289363243e-05 	 0.00021864552533413067 	 2 	 4.0395895819737864e-07 	 4.059787529883674e-05
2	6	1	10000	1.0 	 1.4841669703983737e-06 	 2.1865134333896872e-05 	 2 	 4.039589581965501e-08 	 4.059787529875347e-06
2	7	1	100	1.0 	 4.397127333191334e-05 	 0.0004220002036455773 	 2 	 4.748509637878834e-06 	 0.000477225218606825
2	7	1	1000	1.0 	 4.398249333113631e-06 	 4.2194854160264e-05 	 2 	 4.7485096379130786e-07 	 4.7722521861026657e-05
2	7	1	10000	1.0 	 4.398362105906118e-07 	 4.219433761017572e-06 	 2 	 4.748509638261059e-08 	 4.772252186452386e-06
2	8	1	100	1.0 	 0.00011242382430833615 	 0.0026335883225842398 	 2 	 8.982798705546269e-05 	 0.009027712699074042
2	8	1	1000	1.0 	 1.1134754526390195e-05 	 0.0002638271840724873 	 2 	 8.982798705545386e-06 	 0.0009027712699073154
2	8	1	10000	1.0 	 1.1124193959796682e-06 	 2.638741108899002e-05 	 2 	 8.982798705536273e-07 	 9.027712699063994e-05
2	9	1	100	1.0 	 0.0008328869930467122 	 0.010741567149581683 	 2 	 0.0002251402095982157 	 0.022626591064620786
2	9	1	1000	1.0 	 8.740947415640968e-05 	 0.0011123386839098804 	 2 	 2.2514020959825274e-05 	 0.0022626591064624506
2	9	1	10000	1.0 	 8.786553866432288e-06 	 0.00011165011745037205 	 2 	 2.2514020959762858e-06 	 0.0002262659106456178
2	10	1	100	1.0 	 2.253405079442589e-05 	 0.00015058817974606217 	 2 	 5.406009328951577e-07 	 5.43303937559636e-05
2	10	1	1000	1.0 	 2.253401913181754e-06 	 1.5058443885077792e-05 	 2 	 5.406009328774825e-08 	 5.4330393754187245e-06
2	10	1	10000	1.0 	 2.2534015994586052e-07 	 1.505840647999235e-06 	 2 	 5.406009328415798e-09 	 5.433039375057902e-07
3	1	1	100	1.0 	 0.00010916104738340529 	 0.001127685692571073 	 3 	 7.311791018225336e-06 	 0.0007275232063134186
3	1	1	1000	1.0 	 1.0909444431650034e-05 	 0.00011286350864934697 	 3 	 7.311791018249883e-07 	 7.27523206315861e-05
3	1	1	10000	1.0 	 1.090878132865535e-06 	 1.1287301724286366e-05 	 3 	 7.311791018461885e-08 	 7.275232063369552e-06
3	2	1	100	1.0 	 0.0002241028381598903 	 0.0017935930397927052 	 3 	 2.9374583887311504e-05 	 0.0029227710967874854
3	2	1	1000	1.0 	 2.244048694529707e-05 	 0.00017982465109826992 	 3 	 2.937458388728891e-06 	 0.0002922771096785237
3	2	1	10000	1.0 	 2.2443568387036108e-06 	 1.7987146818446854e-05 	 3 	 2.9374583887143854e-07 	 2.9227710967708043e-05
3	3	1	100	1.0 	 0.00025804481257891385 	 0.002391883114756785 	 3 	 0.00015188198899710706 	 0.015112257905212256
3	3	1	1000	1.0 	 2.5063060217172788e-05 	 0.00024108067142838494 	 3 	 1.5188199295715657e-05 	 0.001511225829923718
3	3	1	10000	1.0 	 2.4993455590046317e-06 	 2.4127690893533835e-05 	 3 	 1.518820320500703e-06 	 0.00015112262188982095
3	4	1	100	1.0 	 0.00015964843768811177 	 0.0016005049414226354 	 3 	 5.4632726622598145e-05 	 0.005435956298948553
3	4	1	1000	1.0 	 1.5875298764909862e-05 	 0.00016028994211050456 	 3 	 5.463272662259508e-06 	 0.0005435956298948248
3	4	1	10000	1.0 	 1.5866729928875316e-06 	 1.603140178209767e-05 	 3 	 5.463272662231195e-07 	 5.4359562989200756e-05
3	5	1	100	1.0 	 0.0006783668609594287 	 0.003928622927018276 	 3 	 2.4147804882373646e-05 	 0.002402706585796194
3	5	1	1000	1.0 	 6.820172860796414e-05 	 0.0003954762727195651 	 3 	 2.4147804882382294e-06 	 0.00024027065857970542
3	5	1	10000	1.0 	 6.823863530143471e-06 	 3.9573983808384715e-05 	 3 	 2.4147804882574767e-07 	 2.4027065858162056e-05
3	6	1	100	1.0 	 0.0002859773352733458 	 0.004031840137953235 	 3 	 3.362137808830682e-05 	 0.0033453271197865513
3	6	1	1000	1.0 	 2.856439243784812e-05 	 0.0004038209204147662 	 3 	 3.3621378088297055e-06 	 0.00033453271197855794
3	6	1	10000	1.0 	 2.8561176460783234e-06 	 4.038852975925787e-05 	 3 	 3.362137808841142e-07 	 3.34532711979696e-05
3	7	1	100	1.0 	 0.0003041221118319449 	 0.002922900279352635 	 3 	 0.00012483786283892662 	 0.012421367352473152
3	7	1	1000	1.0 	 3.049326290104376e-05 	 0.0002959843556900105 	 3 	 1.2483786283874499e-05 	 0.0012421367352455082
3	7	1	10000	1.0 	 3.050325031130385e-06 	 2.963641153973022e-05 	 3 	 1.2483786283708803e-06 	 0.00012421367352290216
3	8	1	100	0.5 	 0.0009212277143583566 	 0.014014957565952424 	 3 	 0.0015064998994111269 	 0.41974503990161305
3	8	1	1000	0.5 	 0.0003866625761403965 	 0.00934759238306202 	 3 	 0.0010659789990845533 	 0.419745039901613
3	8	1	10000	0.5 	 0.00033931366565179225 	 0.008874000968619221 	 3 	 0.00102192690905189 	 0.41974503990161305
3	9	1	100	1.0 	 0.0009302532201975561 	 0.006384628458949317 	 3 	 8.83141707914136e-05 	 0.00878725999374566
3	9	1	1000	1.0 	 9.437300790587581e-05 	 0.000646386183439164 	 3 	 8.831417079141081e-06 	 0.0008787259993745383
3	9	1	10000	1.0 	 9.451216490426021e-06 	 6.471965941761317e-05 	 3 	 8.83141707913369e-07 	 8.787259993738028e-05
3	10	1	100	1.0 	 0.00019015482435780586 	 0.0010414110019013236 	 3 	 4.994735705495584e-06 	 0.0004969762026968139
3	10	1	1000	1.0 	 1.8999038524062157e-05 	 0.00010422674171589583 	 3 	 4.994735705479126e-07 	 4.969762026951763e-05
3	10	1	10000	1.0 	 1.8997396103216602e-06 	 1.0423531361859742e-05 	 3 	 4.994735705406598e-08 	 4.969762026879598e-06
2	1	2	100	1.0 	 0.00010247305574668542 	 0.0018250982511855106 	 2 	 2.203632461221955e-05 	 0.002214650623528075
2	1	2	1000	1.0 	 1.0262611499314293e-05 	 0.0001827866015165832 	 2 	 2.203632461221541e-06 	 0.00022146506235276586
2	1	2	10000	1.0 	 1.026415751873206e-06 	 1.8281439863008342e-05 	 2 	 2.2036324612243027e-07 	 2.2146506235304342e-05
2	2	2	100	1.0 	 0.00020580979753330567 	 0.0010278715317854395 	 2 	 4.467181909654101e-05 	 0.004489517819202392
2	2	2	1000	1.0 	 2.1881033789516703e-05 	 0.00010443038996560718 	 2 	 4.467181909658216e-06 	 0.00044895178192065274
2	2	2	10000	1.0 	 2.20214064677451e-06 	 1.0460750552103098e-05 	 2 	 4.4671819097075473e-07 	 4.489517819256106e-05
2	3	2	100	1.0 	 6.70437377073786e-05 	 0.0007386317153451052 	 2 	 7.272511468023083e-06 	 0.0007308874025363232
2	3	2	1000	1.0 	 6.69877697511627e-06 	 7.389677036689705e-05 	 2 	 7.272511468031645e-07 	 7.308874025371837e-05
2	3	2	10000	1.0 	 6.698218798029919e-07 	 7.390013418834216e-06 	 2 	 7.272511468106212e-08 	 7.3088740254467766e-06
2	4	2	100	1.0 	 6.979976619015973e-05 	 0.0004331534544468112 	 2 	 2.79359352493935e-06 	 0.00028075614925640596
2	4	2	1000	1.0 	 6.977314184210834e-06 	 4.333089343314083e-05 	 2 	 2.7935935249573007e-07 	 2.8075614925821002e-05
2	4	2	10000	1.0 	 6.977048242152489e-07 	 4.333244889735613e-06 	 2 	 2.793593525109197e-08 	 2.807561492734756e-06
2	5	2	100	1.0 	 0.000326723537211174 	 0.002039804771487109 	 2 	 2.6001397797792167e-05 	 0.002613140478678125
2	5	2	1000	1.0 	 3.3029407761086234e-05 	 0.0002055608479788186 	 2 	 2.6001397797801143e-06 	 0.00026131404786790263
2	5	2	10000	1.0 	 3.306557450952091e-06 	 2.0572099072340418e-05 	 2 	 2.6001397797879854e-07 	 2.6131404786869372e-05
2	6	2	100	1.0 	 0.00010643501752644794 	 0.00517575687080557 	 2 	 2.843563929524178e-05 	 0.002857781749171812
2	6	2	1000	1.0 	 1.0730247289910636e-05 	 0.0005199147469010261 	 2 	 2.8435639295258072e-06 	 0.00028577817491734497
2	6	2	10000	1.0 	 1.0739017878256244e-06 	 5.2015066271831036e-05 	 2 	 2.8435639295293973e-07 	 2.8577817491770574e-05
2	7	2	100	1.0 	 0.0002888640069418 	 0.0007675642608107011 	 2 	 3.3414614816040095e-06 	 0.00033581687890120454
2	7	2	1000	1.0 	 2.8967069162651794e-05 	 7.69264649048606e-05 	 2 	 3.3414614815961384e-07 	 3.3581687890041345e-05
2	7	2	10000	1.0 	 2.8975166730274168e-06 	 7.69435304821892e-06 	 2 	 3.341461481383484e-08 	 3.3581687887904166e-06
2	8	2	100	1.0 	 0.00010852251997089775 	 0.001456541931444943 	 2 	 4.1788214142645416e-05 	 0.004199715521335884
2	8	2	1000	1.0 	 1.07849545187119e-05 	 0.00014580639300849912 	 2 	 4.178821414263078e-06 	 0.0004199715521334413
2	8	2	10000	1.0 	 1.0778287427676608e-06 	 1.4582163049187238e-05 	 2 	 4.1788214142616977e-07 	 4.199715521333025e-05
2	9	2	100	0.3333333333333333 	 0.0036613348679887746 	 0.0033063089235879197 	 2 	 7.965535658684136e-05 	 0.020252180148826616
2	9	2	1000	1.0 	 0.0007451111291133919 	 0.000802035925860095 	 2 	 1.684481108341061e-05 	 0.001692903513882774
2	9	2	10000	1.0 	 6.889216949310991e-05 	 8.02309087982846e-05 	 2 	 1.684481108349151e-06 	 0.00016929035138909046
2	10	2	100	1.0 	 0.0012905415453309942 	 0.000689397465663324 	 2 	 3.3080447658556125e-06 	 0.0003324584989684906
2	10	2	1000	1.0 	 0.00016683431206997783 	 8.46554443467657e-05 	 2 	 3.5241667825743803e-07 	 3.5417876164872686e-05
2	10	2	10000	1.0 	 1.666316145784497e-05 	 8.465921378561098e-06 	 2 	 3.5241667824929095e-08 	 3.5417876164053896e-06
3	1	2	100	1.0 	 0.00045551384090920837 	 0.0018589117768722 	 3 	 1.1426863313864216e-05 	 0.0011369728997294853
3	1	2	1000	1.0 	 4.556331072578077e-05 	 0.0001861894896815318 	 3 	 1.1426863313898668e-06 	 0.00011369728997329132
3	1	2	10000	1.0 	 4.556451568856917e-06 	 1.8621942004428085e-05 	 3 	 1.1426863313929353e-07 	 1.1369728997359664e-05
3	2	2	100	1.0 	 0.0007088836482512782 	 0.0009698420303901675 	 3 	 9.683963462695305e-06 	 0.000963554364538181
3	2	2	1000	1.0 	 7.13633571818113e-05 	 9.705612604692806e-05 	 3 	 9.683963462711397e-07 	 9.635543645397822e-05
3	2	2	10000	1.0 	 7.141124276086029e-06 	 9.706332421561225e-06 	 3 	 9.683963462944145e-08 	 9.635543645629407e-06
3	3	2	100	1.0 	 0.0002228726148215437 	 0.001950861845143894 	 3 	 0.00014179663340835316 	 0.014108765024131234
3	3	2	1000	1.0 	 2.113162324829564e-05 	 0.0001978850530343858 	 3 	 1.4179657980006632e-05 	 0.0014108759690106693
3	3	2	10000	1.0 	 2.1024637084159434e-06 	 1.9817260775022466e-05 	 3 	 1.4179604488948174e-06 	 0.0001410870646650353
3	4	2	100	1.0 	 7.556047920552559e-05 	 0.000692653598084673 	 3 	 3.1734588470447506e-05 	 0.003157591552809522
3	4	2	1000	1.0 	 7.535390497111165e-06 	 6.928730462035703e-05 	 3 	 3.1734588470453227e-06 	 0.00031575915528100906
3	4	2	10000	1.0 	 7.533357319019111e-07 	 6.928949986711015e-06 	 3 	 3.173458847033048e-07 	 3.157591552797878e-05
3	5	2	100	1.0 	 0.00010085611286765108 	 0.0009384267945922476 	 3 	 1.5804711799710912e-05 	 0.0015725688240712378
3	5	2	1000	1.0 	 1.0111700639306726e-05 	 9.406741675746104e-05 	 3 	 1.580471179975178e-06 	 0.0001572568824075304
3	5	2	10000	1.0 	 1.011436156496597e-06 	 9.40900871792547e-06 	 3 	 1.5804711799218984e-07 	 1.572568824022291e-05
3	6	2	100	1.0 	 0.00018298496641725131 	 0.0033431926945417085 	 3 	 2.4310497683523824e-05 	 0.0024188945195106203
3	6	2	1000	1.0 	 1.8308060866168227e-05 	 0.00033428862322067973 	 3 	 2.431049768351197e-06 	 0.00024188945195094408
3	6	2	10000	1.0 	 1.8309054001803742e-06 	 3.342855904387476e-05 	 3 	 2.431049768352871e-07 	 2.418894519511106e-05
3	7	2	100	0.5 	 0.002866846333982319 	 0.004609674025276235 	 3 	 0.00021400276967965942 	 0.060173817108092165
3	7	2	1000	1.0 	 8.215697393212221e-05 	 0.00030947872935686106 	 3 	 1.4899885030360498e-05 	 0.0014825385605208782
3	7	2	10000	1.0 	 8.10264439999177e-06 	 3.1006550558630906e-05 	 3 	 1.4899885029960901e-06 	 0.00014825385604811184
3	8	2	100	0.5 	 0.00036435488770327883 	 0.00763980053693664 	 3 	 0.0006279043912667548 	 0.3572415561708807
3	8	2	1000	0.5 	 0.00035531494496243796 	 0.007322864166040841 	 3 	 0.0006131794195334745 	 0.35724155617088066
3	8	2	10000	1.0 	 0.0002906815826298726 	 0.004050097025719903 	 3 	 0.0005174538878306829 	 0.05148666183915329
3	9	2	100	0.5 	 0.036040369210804224 	 0.005784009235416792 	 3 	 6.138882116343448e-05 	 0.010291594313013719
3	9	2	1000	1.0 	 0.0006177863870308212 	 0.00037183946737033596 	 3 	 6.515571539110305e-06 	 0.0006482993681414797
3	9	2	10000	1.0 	 6.517756235148358e-05 	 3.831252871476607e-05 	 3 	 6.515571539097552e-07 	 6.482993681402108e-05
3	10	2	100	1.0 	 0.001363351135702221 	 0.0016859968936260928 	 3 	 1.9046539597804556e-05 	 0.0018951306899815555
3	10	2	1000	1.0 	 0.00020296759382681278 	 0.00018556669042247924 	 3 	 1.8814705781701762e-06 	 0.00018720632252793284
3	10	2	10000	1.0 	 2.0174243374943174e-05 	 1.8556465557786546e-05 	 3 	 1.881470578153012e-07 	 1.87206322526225e-05
