2	1	0	0	1.0 	 0.006570236055513427 	 0.11595226915938917 	 2 	 0.00052088818608662 	 0.0992291994495006
2	2	0	0	0.0 	 0.004089447884416591 	 0.0308670607396547 	 2 	 0.00029462974331492337 	 1.0
2	3	0	0	1.0 	 0.0013172062651796122 	 0.19150060685428247 	 2 	 0.002296626069505459 	 0.4375072662407876
2	4	0	0	1.0 	 0.003378843079086983 	 0.06639987688681699 	 2 	 0.0004982869995191928 	 0.09492367340840574
2	5	0	0	0.3333333333333333 	 0.016300706222899135 	 0.11747552819483038 	 2 	 0.0010664342635656123 	 0.20315567740509766
2	6	0	0	0.3333333333333333 	 0.0007315535893420437 	 0.003825814482497439 	 2 	 3.4430116115960996e-06 	 0.2716952270348132
2	7	0	0	0.0 	 0.018900684714093112 	 0.08041523257641209 	 2 	 0.0004678296876596648 	 1.0
2	8	0	0	0.0 	 0.003333549723150863 	 0.2079551991264648 	 2 	 0.0018927244179469537 	 1.0
2	9	0	0	0.3333333333333333 	 0.01963752441803728 	 0.07492287216154501 	 2 	 0.002211064411669881 	 0.5585400494280635
2	10	0	0	0.3333333333333333 	 0.014562039299403282 	 0.027318650123597757 	 2 	 0.00013752263113798747 	 0.026199568735513188
3	1	0	0	0.5 	 0.0031516729033019115 	 0.1220947920463012 	 3 	 0.0008999825535791318 	 0.17054669390324623
3	2	0	0	0.5 	 0.0016433870472912808 	 0.002290303111951452 	 3 	 0.0001352472367793855 	 0.025629351369693222
3	3	0	0	0.2 	 0.022244330555348295 	 0.2150266389790193 	 3 	 0.000502071172745822 	 0.5490182701697345
3	4	0	0	0.5 	 0.0017959786313114599 	 0.02117571887267199 	 3 	 8.784516954962426e-05 	 0.40776258441636287
3	5	0	0	0.2 	 0.020371064170793932 	 0.23709908882678982 	 3 	 0.0017410008242284415 	 1.0
3	6	0	0	0.5 	 0.01733073353471648 	 0.19248576553082974 	 3 	 0.002825681030721194 	 0.9718448576248588
3	7	0	0	0.0 	 0.01507506461035747 	 0.12185318994179342 	 3 	 0.0006650716620690203 	 1.0
3	8	0	0	0.2 	 0.01161775536300494 	 0.15936043870243416 	 3 	 0.0011578138147572963 	 0.6794017824126575
3	9	0	0	0.2 	 0.0290314313629989 	 0.09382373072264573 	 3 	 0.0007496343945449968 	 0.5021194253226008
3	10	0	0	0.5 	 0.02040215601505454 	 0.07791840442092471 	 3 	 0.0007744248346439389 	 0.14675350616502714
5	1	0	0	0.25 	 0.02672760854470875 	 0.22530318302793192 	 5 	 0.0014887181370188147 	 0.9407988682265702
5	2	0	0	0.25 	 0.012486101354277345 	 0.1367436075723945 	 5 	 0.001035071037812148 	 0.4725011045302713
5	3	0	0	0.25 	 0.03353677511991747 	 0.13331310038476132 	 5 	 0.0007464301296745404 	 0.5872951312184489
5	4	0	0	0.1111111111111111 	 0.019898342731657546 	 0.1693337651004996 	 5 	 0.0016890164506567647 	 0.7505612159361499
5	5	0	0	0.1111111111111111 	 0.023575787100488695 	 0.13195674925875833 	 5 	 0.0005817621728400983 	 0.7378911395278903
5	6	0	0	0.25 	 0.026061316364691434 	 0.12918354192658346 	 5 	 0.0006116722736196833 	 0.37313032821096637
5	7	0	0	0.0 	 0.02176830835273462 	 0.16601108150976554 	 5 	 0.0005861208913197747 	 1.0
5	8	0	0	0.25 	 0.03224240389523351 	 0.24138151270113162 	 5 	 0.0011720122930486848 	 0.682876953990539
5	9	0	0	0.1111111111111111 	 0.047645705238630875 	 0.161055403000467 	 5 	 0.000852629390596395 	 0.6573626786911883
5	10	0	0	0.42857142857142855 	 0.01717597188376524 	 0.02489432299185834 	 5 	 0.00023380044563505985 	 0.3205152775013751
7	1	0	0	0.07692307692307693 	 0.03597162044905732 	 0.1748915079603475 	 7 	 0.001842206238779075 	 0.9003610409844207
7	2	0	0	0.07692307692307693 	 0.036072956564536116 	 0.27167880907380504 	 7 	 0.001782364106959932 	 0.8009094244081278
7	3	0	0	0.07692307692307693 	 0.06495708257710227 	 0.16052060599042137 	 7 	 0.0006710305767207173 	 0.876222651602568
7	4	0	0	0.07692307692307693 	 0.044133000201488554 	 0.19413719386239944 	 7 	 0.002257896674252266 	 0.808972502446857
7	5	0	0	0.07692307692307693 	 0.03789700223745535 	 0.16062969759230022 	 7 	 0.0005386981985135976 	 0.812466786628107
7	6	0	0	0.16666666666666666 	 0.02592509110550763 	 0.12484333570985648 	 7 	 0.0013993824782053018 	 0.6897998718274648
7	7	0	0	0.0 	 0.056559423922352664 	 0.27041852872193606 	 7 	 0.0016166740756890755 	 1.0
7	8	0	0	0.16666666666666666 	 0.06098479418316293 	 0.23302625162055635 	 7 	 0.0010036786160029295 	 0.8050398682953535
7	9	0	0	0.16666666666666666 	 0.07637767739061528 	 0.20320095843210248 	 7 	 0.0010770633495950368 	 0.5884252391502449
7	10	0	0	0.16666666666666666 	 0.04659414237123627 	 0.15844704937095644 	 7 	 0.002743862296832716 	 0.634303933136791
10	1	0	0	0.25 	 0.05670701458473615 	 0.14152235492189902 	 10 	 0.0013423822622512123 	 0.5462194105719662
10	2	0	0	0.17647058823529413 	 0.07545724097252893 	 0.22006808445343085 	 10 	 0.0017153802407229015 	 0.6641404631957992
10	3	0	0	0.05263157894736842 	 0.0968568945012887 	 0.1788189164885437 	 10 	 0.002147767726856205 	 0.9108859903326207
10	4	0	0	0.1111111111111111 	 0.05164062292203716 	 0.17137916776864145 	 10 	 0.0023900253751785606 	 0.8318859311461195
10	5	0	0	0.1111111111111111 	 0.08553634150922337 	 0.22368576059553502 	 10 	 0.0012949650781976614 	 0.8494387435704731
10	6	0	0	0.1111111111111111 	 0.0693532475331332 	 0.20090805893359465 	 10 	 0.0014385006586035026 	 0.7088712686944652
10	7	0	0	0.05263157894736842 	 0.09262855767725936 	 0.3242140658061142 	 10 	 0.00129565658455088 	 1.0
10	8	0	0	0.1111111111111111 	 0.05937699440290049 	 0.1611372382148026 	 10 	 0.0009223854680011263 	 0.9393689854132337
10	9	0	0	0.17647058823529413 	 0.06031062209096751 	 0.18867534125927615 	 10 	 0.001059850816548423 	 0.5503563701331251
10	10	0	0	0.05263157894736842 	 0.07187847219611873 	 0.16079252443991304 	 10 	 0.0031496941985991113 	 0.9953987143738798
2	1	1	100	1.0 	 0.0057567089066751865 	 0.139290263338282 	 2 	 0.0007536585408279118 	 0.14357195202771644
2	1	1	1000	1.0 	 0.0058496466790305575 	 0.13993156594733894 	 2 	 0.0007499023856250102 	 0.1428564044615637
2	1	1	10000	1.0 	 0.005858948983445573 	 0.13999562026786772 	 2 	 0.0007495267700990658 	 0.14278484970387129
2	2	1	100	0.0 	 0.0020846555908849355 	 0.033524636984087135 	 2 	 0.00021240446581369558 	 1.0
2	2	1	1000	0.0 	 0.0020846555908849355 	 0.03729785305908295 	 2 	 0.0003269991635977525 	 1.0
2	2	1	10000	0.0 	 0.0020846555908849355 	 0.037477037279121043 	 2 	 0.0003324483402491819 	 1.0
2	3	1	100	1.0 	 0.0028820740169099236 	 0.20306397462354106 	 2 	 0.0021948297262518826 	 0.447869036623035
2	3	1	1000	1.0 	 0.002952544914496076 	 0.20511188025183405 	 2 	 0.0022191416041095237 	 0.4525004493549156
2	3	1	10000	1.0 	 0.0029583978611553634 	 0.2053114728789443 	 2 	 0.0022215727918972264 	 0.4529635906284729
2	4	1	100	1.0 	 0.002950133287312407 	 0.052258174025642846 	 2 	 0.0004168627695611823 	 0.0794123576014048
2	4	1	1000	1.0 	 0.0030189765883974454 	 0.05088423901731273 	 2 	 0.0003785528631979659 	 0.07211432043921212
2	4	1	10000	1.0 	 0.003025932978715992 	 0.05074707739238013 	 2 	 0.0003747218725616456 	 0.0713845167229931
2	5	1	100	1.0 	 4.4790418717076273e-05 	 0.0004535716854338777 	 2 	 8.850747998991922e-07 	 0.00016860674938079526
2	5	1	1000	1.0 	 4.477895343939126e-06 	 4.536967386629418e-05 	 2 	 8.850747998980266e-08 	 1.686067493805732e-05
2	5	1	10000	1.0 	 4.47778075015609e-07 	 4.537092477064026e-06 	 2 	 8.85074799860145e-09 	 1.6860674937335673e-06
2	6	1	100	0.3333333333333333 	 0.01825532640438395 	 0.12304853181712243 	 2 	 0.0009683975359486313 	 0.18447973059821324
2	6	1	1000	0.3333333333333333 	 0.017965782006327223 	 0.12304853181712243 	 2 	 0.0009683975359486313 	 0.18447973059821324
2	6	1	10000	0.3333333333333333 	 0.018308076984196408 	 0.12304853181712243 	 2 	 0.0009683975359486313 	 0.18447973059821324
2	7	1	100	0.3333333333333333 	 0.0036596388784157644 	 0.29914484724670537 	 2 	 0.002207674038999519 	 0.9267263035065086
2	7	1	1000	0.0 	 0.003412386746766219 	 0.3000613893623952 	 2 	 0.0022111115254031194 	 1.0
2	7	1	10000	0.3333333333333333 	 0.0036596388784157644 	 0.2995618552416851 	 2 	 0.002211131259058031 	 0.927384903927655
2	8	1	100	0.0 	 0.003333549723150863 	 0.17526737567750258 	 2 	 0.0012598224203295904 	 1.0
2	8	1	1000	0.0 	 0.003333549723150863 	 0.1765319873321796 	 2 	 0.001274997119857987 	 1.0
2	8	1	10000	0.0 	 0.003333549723150863 	 0.1766584993368219 	 2 	 0.0012765145898108233 	 1.0
2	9	1	100	0.3333333333333333 	 0.000508474078552548 	 0.004483320578361911 	 2 	 4.3673973005678135e-06 	 0.5233594630368518
2	9	1	1000	0.3333333333333333 	 0.0004964613225541299 	 0.0050320635358922835 	 2 	 1.2721274876348516e-05 	 0.5249508767150379
2	9	1	10000	0.3333333333333333 	 0.0005073320752014828 	 0.005177227318670374 	 2 	 1.3556662633926381e-05 	 0.5251100180828567
2	10	1	100	0.3333333333333333 	 0.005767148247042626 	 0.060050119805587714 	 2 	 0.00012267981485698435 	 0.6598077961855044
2	10	1	1000	0.3333333333333333 	 0.005791629863143102 	 0.05861641788881156 	 2 	 0.0001112171974061786 	 0.6598077961855044
2	10	1	10000	0.3333333333333333 	 0.005791629863143102 	 0.05845809467760919 	 2 	 0.00011007939455748075 	 0.6598077961855044
3	1	1	100	0.5 	 0.0005900648490133371 	 0.006355156525060488 	 3 	 2.4567685200842074e-05 	 0.42289604659556945
3	1	1	1000	0.5 	 0.0006389820938507437 	 0.005551853640427246 	 3 	 1.8840105126037374e-05 	 0.421810670171394
3	1	1	10000	0.5 	 0.0006632678180033508 	 0.005648820061471095 	 3 	 1.8600478586456724e-05 	 0.4217652609421434
3	2	1	100	0.2 	 0.003454200961062272 	 0.03639343689429353 	 3 	 0.0009349752492447023 	 0.43669195432541685
3	2	1	1000	0.2 	 0.0033219030483884935 	 0.035817783438452176 	 3 	 0.0009492436223929275 	 0.436691958800596
3	2	1	10000	0.2 	 0.003408410446914855 	 0.040219764896363974 	 3 	 0.000944236497609915 	 0.43669195763451707
3	3	1	100	0.0 	 0.018678772038446412 	 0.11920215291597779 	 3 	 0.0014070448748666625 	 1.0
3	3	1	1000	0.0 	 0.019534471778375903 	 0.11911299104887146 	 3 	 0.00140603608022288 	 1.0
3	3	1	10000	0.0 	 0.018714826344338784 	 0.11910407538368349 	 3 	 0.0014059352007585037 	 1.0
3	4	1	100	1.0 	 0.003001266689250208 	 0.0776333488803781 	 3 	 0.0008886929173828193 	 0.17151653203488731
3	4	1	1000	1.0 	 0.0031909560677588727 	 0.0784311760420137 	 3 	 0.0008474422830885937 	 0.16662422455915313
3	4	1	10000	1.0 	 0.0032099977882424618 	 0.07851097000106078 	 3 	 0.0008433172196339283 	 0.16613499380522445
3	5	1	100	1.0 	 0.00018739712876396548 	 0.0023142282804053714 	 3 	 7.031572091601071e-06 	 0.0013324829113583875
3	5	1	1000	1.0 	 1.874441368826156e-05 	 0.000231493537381284 	 3 	 7.031572091599679e-07 	 0.0001332482911358124
3	5	1	10000	1.0 	 1.8744900071204028e-06 	 2.3150071941794343e-05 	 3 	 7.031572091590891e-08 	 1.3324829113564586e-05
3	6	1	100	0.2 	 0.02300410037998837 	 0.20594330002336345 	 3 	 0.0019150654022146987 	 1.0
3	6	1	1000	0.2 	 0.02562114040164604 	 0.20594330002336345 	 3 	 0.0019150654022146987 	 1.0
3	6	1	10000	0.2 	 0.023187448469132885 	 0.20594330002336345 	 3 	 0.0019150654022146987 	 1.0
3	7	1	100	0.2 	 0.010816130079146022 	 0.23026441822942692 	 3 	 0.0018923547424674237 	 1.0
3	7	1	1000	0.2 	 0.010220614518714425 	 0.23069614011190068 	 3 	 0.001896261028315875 	 1.0000041696071458
3	7	1	10000	0.2 	 0.010663810590856335 	 0.23073922743369193 	 3 	 0.0018966520258169163 	 1.0000019871377668
3	8	1	100	0.2 	 0.0103693112760826 	 0.17867514306834256 	 3 	 0.0016112563811450228 	 0.5985578212623603
3	8	1	1000	0.2 	 0.010484089746567626 	 0.17956103731034503 	 3 	 0.001575743019009719 	 0.5985578212623605
3	8	1	10000	0.2 	 0.010495689085025314 	 0.17964960882451017 	 3 	 0.0015721916827961895 	 0.5985578212623605
3	9	1	100	0.0 	 0.014607522811789495 	 0.23861531606357883 	 3 	 0.003009206212303359 	 1.0
3	9	1	1000	0.0 	 0.01403229628700033 	 0.23681628231223054 	 3 	 0.002983228501767371 	 1.0
3	9	1	10000	0.0 	 0.01470593969208502 	 0.2366365517291502 	 3 	 0.0029806307307149796 	 1.0
3	10	1	100	0.5 	 0.006421059523893366 	 0.1323063671857043 	 3 	 0.001045553176871934 	 0.5986198489638832
3	10	1	1000	0.5 	 0.005456398007190242 	 0.13144542658112246 	 3 	 0.0010557491634174692 	 0.6005519884142622
3	10	1	10000	0.5 	 0.005465265768748117 	 0.13173071634313321 	 3 	 0.0010567687620720218 	 0.6007452023592997
5	1	1	100	0.25 	 0.015527289783927875 	 0.1654097526098942 	 5 	 0.0010059177405518593 	 0.6745822341654331
5	1	1	1000	0.25 	 0.015430976936176895 	 0.16504759817918016 	 5 	 0.0009818877435087455 	 0.6745822341654331
5	1	1	10000	0.25 	 0.016008481484166438 	 0.1650112538210428 	 5 	 0.0009794847438044348 	 0.6745822341654331
5	2	1	100	0.25 	 0.013976349668432649 	 0.10861283670229353 	 5 	 0.001987467740737222 	 0.37882468526734825
5	2	1	1000	0.25 	 0.011131944232191748 	 0.11415802376986757 	 5 	 0.0020069205391604825 	 0.37881334970528263
5	2	1	10000	0.25 	 0.011404146268531192 	 0.11404592732945754 	 5 	 0.0020088762074358724 	 0.37881335001172084
5	3	1	100	0.0 	 0.043865653185775476 	 0.1584688162818156 	 5 	 0.0007370027348951657 	 1.0
5	3	1	1000	0.0 	 0.04393885964067008 	 0.15792364558013094 	 5 	 0.0007473434769581704 	 1.0
5	3	1	10000	0.0 	 0.04375647892339825 	 0.15786915212409225 	 5 	 0.0007483775511649962 	 1.0
5	4	1	100	0.1111111111111111 	 0.017180765919804903 	 0.1682722520348339 	 5 	 0.0012954357012606224 	 1.0
5	4	1	1000	0.1111111111111111 	 0.018332279944945237 	 0.16885533023095106 	 5 	 0.0013013282191276603 	 1.0
5	4	1	10000	0.25 	 0.007084125023103156 	 0.1215488851297143 	 5 	 0.0008909460836435295 	 0.8462229593034051
5	5	1	100	0.25 	 0.04063145032615559 	 0.24328423846761613 	 5 	 0.002209241758971227 	 0.7225498948190464
5	5	1	1000	0.25 	 0.04104657544793268 	 0.24413223194345335 	 5 	 0.002226570298038463 	 0.7225498948190464
5	5	1	10000	0.25 	 0.0411335970035185 	 0.2442174584262794 	 5 	 0.0022283031519451874 	 0.7225498948190464
5	6	1	100	0.1111111111111111 	 0.02715553070660051 	 0.14055324392179655 	 5 	 0.001070866030617873 	 0.5320531062702998
5	6	1	1000	0.1111111111111111 	 0.026748454070401186 	 0.1381654181774797 	 5 	 0.0010463374391190797 	 0.5305446823758992
5	6	1	10000	0.1111111111111111 	 0.027038725288449694 	 0.13796770600498087 	 5 	 0.0010446892271963085 	 0.5305446823758992
5	7	1	100	0.0 	 0.0149713031032613 	 0.1481508031360152 	 5 	 0.0011329252165416174 	 1.0
5	7	1	1000	0.0 	 0.017137389531788012 	 0.14696950855774754 	 5 	 0.001132925216541617 	 1.0
5	7	1	10000	0.0 	 0.016269655811937917 	 0.1468512293251927 	 5 	 0.001132925216541617 	 1.0
5	8	1	100	0.25 	 0.02177683508840096 	 0.2212271731961416 	 5 	 0.0016726759785013195 	 0.7324572820510274
5	8	1	1000	0.25 	 0.02175161887830435 	 0.21826282467450378 	 5 	 0.0016998891223806898 	 0.7145151999608693
5	8	1	10000	0.25 	 0.021736997199602943 	 0.21800713801365446 	 5 	 0.001706171796619403 	 0.712103617824512
5	9	1	100	0.1111111111111111 	 0.04077939820114838 	 0.19895117013445313 	 5 	 0.0012324105370022471 	 0.7049629016344723
5	9	1	1000	0.1111111111111111 	 0.040195242245788076 	 0.16104536304115877 	 5 	 0.0012324105370022462 	 0.7049629016344723
5	9	1	10000	0.1111111111111111 	 0.04123605586097848 	 0.16089870249021268 	 5 	 0.001232410537002246 	 0.7049629016344723
5	10	1	100	0.1111111111111111 	 0.02832044632704987 	 0.16449038630937665 	 5 	 0.00191041884486295 	 0.9806687988323104
5	10	1	1000	0.1111111111111111 	 0.029267693930461674 	 0.1630724550389654 	 5 	 0.001899819725015064 	 0.9788810707085953
5	10	1	10000	0.1111111111111111 	 0.030502214694703805 	 0.16293057027310962 	 5 	 0.001898866270015749 	 0.9787022978962239
7	1	1	100	0.2727272727272727 	 0.025787919141076917 	 0.18998437835739088 	 7 	 0.0019680555953293425 	 0.6523532537345642
7	1	1	1000	0.2727272727272727 	 0.020154059084670835 	 0.1493183836192739 	 7 	 0.001511493489738434 	 0.6243174604885016
7	1	1	10000	0.2727272727272727 	 0.01761580422034692 	 0.1495191176942165 	 7 	 0.001512802785658402 	 0.6245603348816555
7	2	1	100	0.2727272727272727 	 0.01144054052373974 	 0.16029460766138368 	 7 	 0.001419352384963846 	 0.42949094647902547
7	2	1	1000	0.2727272727272727 	 0.010581589151386163 	 0.16033892638099687 	 7 	 0.0014193433981239104 	 0.4294899954068828
7	2	1	10000	0.2727272727272727 	 0.01058593913709266 	 0.16064996918765295 	 7 	 0.0014193433981239104 	 0.4294899954068828
7	3	1	100	0.07692307692307693 	 0.05152883102252484 	 0.14453652589760174 	 7 	 0.0015262099305011474 	 0.8459739783373055
7	3	1	1000	0.07692307692307693 	 0.051465810805665424 	 0.14333109570626465 	 7 	 0.0015262051250997499 	 0.8459738410402168
7	3	1	10000	0.07692307692307693 	 0.0514595496819053 	 0.14321048737856415 	 7 	 0.0015262046436852377 	 0.8459738272855121
7	4	1	100	0.16666666666666666 	 0.03673654639594944 	 0.21177879399756264 	 7 	 0.001707549825848957 	 0.6832119892662905
7	4	1	1000	0.16666666666666666 	 0.03555636433219018 	 0.2133533732285868 	 7 	 0.0016898114111592684 	 0.6854341452642514
7	4	1	10000	0.16666666666666666 	 0.03691441581401545 	 0.2135110436464178 	 7 	 0.0016880022271637785 	 0.6856616322510217
7	5	1	100	0.0 	 0.08197998209056993 	 0.24869999640374968 	 7 	 0.0015233574744169935 	 1.0
7	5	1	1000	0.07692307692307693 	 0.09351460896465358 	 0.2963789398647883 	 7 	 0.0014969974540696123 	 0.8025964409632261
7	5	1	10000	0.07692307692307693 	 0.09350688987263657 	 0.2963497121047529 	 7 	 0.0014974719055973328 	 0.802596440963226
7	6	1	100	0.07692307692307693 	 0.02751856968563369 	 0.1818550807369264 	 7 	 0.001253525988179034 	 0.7353882698211128
7	6	1	1000	0.07692307692307693 	 0.027239320003220442 	 0.18118424134179595 	 7 	 0.0013403333864426819 	 0.7353884553832813
7	6	1	10000	0.07692307692307693 	 0.027212636287456526 	 0.18112228926096852 	 7 	 0.001343972211804671 	 0.7353884767004386
7	7	1	100	0.07692307692307693 	 0.046602394833954945 	 0.24208057533686866 	 7 	 0.0014206726187504085 	 0.7418026267429332
7	7	1	1000	0.07692307692307693 	 0.04123527018084355 	 0.189361052520408 	 7 	 0.0014208274071352504 	 0.7418026267429332
7	7	1	10000	0.07692307692307693 	 0.04233131831501983 	 0.18963301355710402 	 7 	 0.0014505978753253375 	 0.7418026267429331
7	8	1	100	0.16666666666666666 	 0.052973709069240066 	 0.16547214871313015 	 7 	 0.0007619114254511366 	 0.5711484385734503
7	8	1	1000	0.16666666666666666 	 0.0517302997588492 	 0.16324599333403628 	 7 	 0.0007758927235901089 	 0.5688659216423101
7	8	1	10000	0.16666666666666666 	 0.052427637596380236 	 0.16297917448707203 	 7 	 0.0007790160342990418 	 0.568711841882684
7	9	1	100	0.0 	 0.06658074082438784 	 0.21935791530542814 	 7 	 0.0013815512003501386 	 1.0
7	9	1	1000	0.07692307692307693 	 0.07367727868537956 	 0.2336385585603783 	 7 	 0.0017912891840102104 	 0.9854110298685497
7	9	1	10000	0.07692307692307693 	 0.07516540507321234 	 0.2335806408492406 	 7 	 0.0017772449242250187 	 0.9833701145283349
7	10	1	100	0.2727272727272727 	 0.038037420968128614 	 0.19812725244549773 	 7 	 0.0022784228099672625 	 0.7858280734094762
7	10	1	1000	0.2727272727272727 	 0.037177499937908094 	 0.2119816289589241 	 7 	 0.0027251114951352432 	 0.8634143076216403
7	10	1	10000	0.2727272727272727 	 0.03669504252090595 	 0.2118155922922454 	 7 	 0.0027199566761265735 	 0.8624580886955322
10	1	1	100	0.17647058823529413 	 0.06534543126302277 	 0.20597982553023775 	 10 	 0.0012678710536521488 	 0.711420800345264
10	1	1	1000	0.17647058823529413 	 0.06278888033235927 	 0.17205291937679942 	 10 	 0.0012149607394909415 	 0.6843849395297592
10	1	1	10000	0.17647058823529413 	 0.06359168157248946 	 0.17219736967470636 	 10 	 0.0012149593339619998 	 0.6843846830207273
10	2	1	100	0.1111111111111111 	 0.0839533971271966 	 0.22338195993185558 	 10 	 0.001048191560505784 	 0.6702389034832907
10	2	1	1000	0.1111111111111111 	 0.07970578799021368 	 0.2163987119551802 	 10 	 0.001014605720203904 	 0.6943826304805822
10	2	1	10000	0.1111111111111111 	 0.07195054759415626 	 0.22995086612905927 	 10 	 0.0009643104118221126 	 0.6796690649295787
10	3	1	100	0.05263157894736842 	 0.09498927468682938 	 0.16495222210643273 	 10 	 0.0016763438098799659 	 0.8019730816491993
10	3	1	1000	0.05263157894736842 	 0.09442300312990867 	 0.16904174465106983 	 10 	 0.0018412826927970273 	 0.8019730011020962
10	3	1	10000	0.05263157894736842 	 0.08669163647610773 	 0.15559518951864762 	 10 	 0.0016062275189437777 	 0.8019730011020962
10	4	1	100	0.1111111111111111 	 0.05430434186119779 	 0.20789007925628905 	 10 	 0.0012098533059772703 	 0.8587936971768749
10	4	1	1000	0.1111111111111111 	 0.05412877425177991 	 0.20958204209778838 	 10 	 0.001212658785563146 	 0.8587937031898609
10	4	1	10000	0.1111111111111111 	 0.05412659139317892 	 0.2097499625051532 	 10 	 0.0012128465298558318 	 0.8587937000707064
10	5	1	100	0.0 	 0.09583753961114137 	 0.2905611215240573 	 10 	 0.0026931020932665422 	 1.0
10	5	1	1000	0.0 	 0.09362286279144429 	 0.2888021548620411 	 10 	 0.0026163267345793192 	 1.0
10	5	1	10000	0.0 	 0.09470986005005357 	 0.28848943444037844 	 10 	 0.0026080336222566985 	 1.0
10	6	1	100	0.05263157894736842 	 0.07585677726553323 	 0.18914294242375035 	 10 	 0.0017378839909924014 	 0.8558443314997015
10	6	1	1000	0.05263157894736842 	 0.07552980918674869 	 0.18026203026285992 	 10 	 0.001362176421069582 	 0.8448931852160123
10	6	1	10000	0.05263157894736842 	 0.07637336484843511 	 0.17984744388819887 	 10 	 0.0013600260838086227 	 0.8436818122435765
10	7	1	100	0.17647058823529413 	 0.07612545611914648 	 0.20056934055099543 	 10 	 0.002695845876724349 	 0.5896283766893899
10	7	1	1000	0.3333333333333333 	 0.06604962043591207 	 0.20245775536801713 	 10 	 0.0027606668105172637 	 0.5896283866280909
10	7	1	10000	0.25 	 0.07375183230860656 	 0.20291083752416686 	 10 	 0.002780839585857206 	 0.5896284999822723
10	8	1	100	0.17647058823529413 	 0.06614774366772902 	 0.1788128596980313 	 10 	 0.0010910383514045338 	 0.5667173663931113
10	8	1	1000	0.17647058823529413 	 0.06258056916679966 	 0.1871359044492182 	 10 	 0.0010189948110643642 	 0.7190267543098945
10	8	1	10000	0.17647058823529413 	 0.06303145977097396 	 0.18689779680781277 	 10 	 0.001016608304395902 	 0.7185912168429002
10	9	1	100	0.17647058823529413 	 0.06315745197121873 	 0.17020950290617798 	 10 	 0.0011917774705123754 	 0.705818940120357
10	9	1	1000	0.17647058823529413 	 0.06351732621977524 	 0.1668130668848662 	 10 	 0.0009842325095208615 	 0.730984324068601
10	9	1	10000	0.17647058823529413 	 0.0633175464631868 	 0.16900684084632775 	 10 	 0.0011197199731392586 	 0.706338922943149
10	10	1	100	0.17647058823529413 	 0.030446577423362094 	 0.1295413629637374 	 10 	 0.0017739481212773614 	 0.8574060461407969
10	10	1	1000	0.1111111111111111 	 0.037285033267326816 	 0.13336342807226143 	 10 	 0.0021849412652379077 	 0.857404442654861
10	10	1	10000	0.1111111111111111 	 0.03726579378000801 	 0.13339514922479584 	 10 	 0.0021871840708869435 	 0.8574044060966649
2	1	2	100	1.0 	 0.006570236055513427 	 0.11271553255918411 	 2 	 0.0004910583079763074 	 0.09354660766948605
2	1	2	1000	1.0 	 0.006570236055513427 	 0.11562821543827063 	 2 	 0.0005179052080807681 	 0.09866094213938581
2	1	2	10000	1.0 	 0.006570236055513427 	 0.1159198598474319 	 2 	 0.0005205898871477284 	 0.09917237350164174
2	2	2	100	0.3333333333333333 	 0.004095590219176987 	 0.014923966647758184 	 2 	 0.00029463056708036253 	 0.05612711422093137
2	2	2	1000	0.3333333333333333 	 0.004324498878872354 	 0.0147005027290771 	 2 	 0.00029462974331492337 	 0.056126966101492606
2	2	2	10000	0.3333333333333333 	 0.0038600413578584562 	 0.014756505527133099 	 2 	 0.00028687548621940753 	 0.056126960949156965
2	3	2	100	1.0 	 0.0008286292485450114 	 0.1919689212884514 	 2 	 0.002296626069505459 	 0.4375072662407876
2	3	2	1000	1.0 	 0.000369527759587752 	 0.1915158989194063 	 2 	 0.002296626069505459 	 0.4375072662407876
2	3	2	10000	1.0 	 0.0011757521307509612 	 0.19152500814310497 	 2 	 0.002296626069505459 	 0.4375072662407876
2	4	2	100	1.0 	 0.0035374634670653454 	 0.06682461420608357 	 2 	 0.0004801265557542978 	 0.09146410887119324
2	4	2	1000	1.0 	 0.0033947959167936197 	 0.0664424121044125 	 2 	 0.0004964709613417162 	 0.09457771813559643
2	4	2	10000	1.0 	 0.0033804392762189707 	 0.06640413101285611 	 2 	 0.0004981053956447442 	 0.09488907787032325
2	5	2	100	0.3333333333333333 	 0.016325035262375553 	 0.11747552671425845 	 2 	 0.0010664339461806639 	 0.20315562922643846
2	5	2	1000	0.3333333333333333 	 0.016302939442036184 	 0.11747552808172343 	 2 	 0.0010664342391522822 	 0.2031556736991833
2	5	2	10000	0.3333333333333333 	 0.01630093219799208 	 0.11747552818375347 	 2 	 0.0010664342611682275 	 0.2031556770411775
2	6	2	100	0.3333333333333333 	 0.004555579572363621 	 0.15990561639216327 	 2 	 0.0010131981224544822 	 0.27103933332280417
2	6	2	1000	0.3333333333333333 	 0.0007308284669500362 	 0.003731818299661606 	 2 	 2.6707110751700725e-06 	 0.271548103782624
2	6	2	10000	0.3333333333333333 	 0.0007314810639198739 	 0.0038164146723807754 	 2 	 3.3657815579538323e-06 	 0.2716805147095943
2	7	2	100	0.3333333333333333 	 0.017618900335234847 	 0.08505598793103565 	 2 	 0.0003522809691276439 	 0.08912155549916567
2	7	2	1000	0.0 	 0.01949952233331244 	 0.08041523257641209 	 2 	 0.0004678296876596648 	 1.0
2	7	2	10000	0.0 	 0.01853539622337606 	 0.08041523257641209 	 2 	 0.0004678296876596648 	 1.0
2	8	2	100	0.0 	 0.003333549723150863 	 0.20700980842417968 	 2 	 0.0018816445433000061 	 1.0
2	8	2	1000	0.0 	 0.003333549723150863 	 0.2078606370225569 	 2 	 0.0018916164304822597 	 1.0
2	8	2	10000	0.0 	 0.003333549723150863 	 0.20794574268567534 	 2 	 0.0018926136192004826 	 1.0
2	9	2	100	0.3333333333333333 	 0.019700467385965297 	 0.07546158107583006 	 2 	 0.00221306210311632 	 0.5581594892075168
2	9	2	1000	0.3333333333333333 	 0.01964705744604264 	 0.07499870171895617 	 2 	 0.0022103048346061816 	 0.5586847488586981
2	9	2	10000	0.3333333333333333 	 0.019641497070611885 	 0.07495095257290173 	 2 	 0.002210092125577401 	 0.5587252699286809
2	10	2	100	0.3333333333333333 	 0.017607769123343685 	 0.03539856020357604 	 2 	 0.0001375304718106854 	 0.02619955487993543
2	10	2	1000	0.3333333333333333 	 0.015562758402744691 	 0.0272927330070339 	 2 	 0.0001375295991015956 	 0.02619955366862695
2	10	2	10000	0.3333333333333333 	 0.014505098931090815 	 0.02731558658635467 	 2 	 0.00013751975876675663 	 0.026199570210858333
3	1	2	100	0.5 	 0.0034279679757293984 	 0.12277985659764283 	 3 	 0.0008999825535791318 	 0.17054669390324623
3	1	2	1000	0.5 	 0.003296399761235899 	 0.12216351796154569 	 3 	 0.000899982553579132 	 0.17054669390324623
3	1	2	10000	0.5 	 0.004166483639417199 	 0.12210166683650127 	 3 	 0.0008999825535791321 	 0.17054669390324628
3	2	2	100	0.5 	 0.0009065373127532012 	 0.002912407255894751 	 3 	 0.00014232790532641004 	 0.026971138237363766
3	2	2	1000	0.5 	 0.0016501461787110031 	 0.0023081266462429066 	 3 	 0.00013524723677938566 	 0.025629351369693243
3	2	2	10000	0.5 	 0.0016452130984706877 	 0.0022920861569119214 	 3 	 0.0001352472367793858 	 0.025629351369693278
3	3	2	100	0.2 	 0.022244330555348295 	 0.214470772117417 	 3 	 0.0004981548644270844 	 0.5500799996382069
3	3	2	1000	0.2 	 0.022244330555348295 	 0.21497106625109633 	 3 	 0.0005016257616213798 	 0.5491142517511403
3	3	2	10000	0.2 	 0.022244330555348295 	 0.21502108184577085 	 3 	 0.0005022534013559277 	 0.5490708411902983
3	4	2	100	0.5 	 0.0017522847491192063 	 0.019936744745714812 	 3 	 7.715968228809772e-05 	 0.40573768458030357
3	4	2	1000	0.5 	 0.0017915979291051628 	 0.02105186309633711 	 3 	 8.677662082347203e-05 	 0.40756009443275704
3	4	2	10000	0.5 	 0.001795540447570115 	 0.021163333711248268 	 3 	 8.773831467700953e-05 	 0.40774233541800237
3	5	2	100	0.2 	 0.020707962874699795 	 0.23709908882678984 	 3 	 0.0017410008242284415 	 1.0
3	5	2	1000	0.2 	 0.020599749679964065 	 0.23709908882678984 	 3 	 0.0017410008242284415 	 1.0
3	5	2	10000	0.2 	 0.020226034514443107 	 0.23709908882678984 	 3 	 0.0017410008242284415 	 1.0
3	6	2	100	0.5 	 0.017541829491216326 	 0.19207193700064526 	 3 	 0.0028084824943347096 	 0.9685857349796201
3	6	2	1000	0.5 	 0.016767364826678968 	 0.1924443621193927 	 3 	 0.002823961177082569 	 0.9715189453603393
3	6	2	10000	0.5 	 0.017162810016103754 	 0.1924816249839904 	 3 	 0.0028255090453573675 	 0.9718122663984139
3	7	2	100	0.0 	 0.015150580655047693 	 0.12459293133105197 	 3 	 0.0006359018758351166 	 1.0
3	7	2	1000	0.0 	 0.01540450696726329 	 0.12248150713667798 	 3 	 0.0006583871549866098 	 1.0
3	7	2	10000	0.0 	 0.016473893233448625 	 0.1228970062199525 	 3 	 0.0006539650887470281 	 1.0
3	8	2	100	0.2 	 0.011116386482414161 	 0.15495443069432055 	 3 	 0.0011464800066990702 	 0.6794017824126575
3	8	2	1000	0.2 	 0.01160687478363021 	 0.15917903028173763 	 3 	 0.0011566804339514778 	 0.6794017824126575
3	8	2	10000	0.2 	 0.011616668341072538 	 0.1593422985386858 	 3 	 0.0011577004766767113 	 0.6794017824126575
3	9	2	100	0.2 	 0.02929583266871688 	 0.09370132445563414 	 3 	 0.0007151125133323633 	 0.5021194253226008
3	9	2	1000	0.2 	 0.028974521456779347 	 0.09381186435108374 	 3 	 0.0007461822064237353 	 0.5021194253226009
3	9	2	10000	0.2 	 0.029036742242119457 	 0.09382254781939 	 3 	 0.0007492891757328713 	 0.5021194253226009
3	10	2	100	0.5 	 0.02041742642245569 	 0.07505428705148581 	 3 	 0.0007131916134723245 	 0.13514981075300614
3	10	2	1000	0.5 	 0.020643172762361325 	 0.07757845559864894 	 3 	 0.0007675519020679601 	 0.14545108544187915
3	10	2	10000	0.5 	 0.0203509113023605 	 0.07788185468669567 	 3 	 0.0007737014721636117 	 0.14661642897500515
5	1	2	100	0.25 	 0.025616857059526637 	 0.2230371117743356 	 5 	 0.0014845088651842262 	 0.9407988682265702
5	1	2	1000	0.25 	 0.025553736135360636 	 0.22507652531452016 	 5 	 0.0014882972098366235 	 0.9407988682265702
5	1	2	10000	0.25 	 0.02577900160692506 	 0.2252805167505953 	 5 	 0.001488676044299815 	 0.9407988682265702
5	2	2	100	0.25 	 0.01042775418399702 	 0.13824753411111504 	 5 	 0.001055017611556132 	 0.4725011045302714
5	2	2	1000	0.25 	 0.01042775418399702 	 0.136894108987609 	 5 	 0.0010370657729045253 	 0.4725011045302712
5	2	2	10000	0.25 	 0.012056686493421244 	 0.1367585772722893 	 5 	 0.001035269464092775 	 0.4725011045302714
5	3	2	100	0.1111111111111111 	 0.05242202354131016 	 0.20226342625108798 	 5 	 0.0015587927149223958 	 0.7602445073603923
5	3	2	1000	0.25 	 0.03346379697151256 	 0.13315781929082693 	 5 	 0.000744474279401256 	 0.5872951312184489
5	3	2	10000	0.25 	 0.03381423627192344 	 0.13329757553603203 	 5 	 0.0007462345446472135 	 0.587295131218449
5	4	2	100	0.1111111111111111 	 0.019932767953702794 	 0.17151616311243997 	 5 	 0.0016957975573080439 	 0.7505612159361499
5	4	2	1000	0.1111111111111111 	 0.020051632272804605 	 0.1695520280289567 	 5 	 0.0016896945614137382 	 0.7505612159361499
5	4	2	10000	0.1111111111111111 	 0.020017869730403606 	 0.16935559163362401 	 5 	 0.001689084261723393 	 0.7505612159361499
5	5	2	100	0.1111111111111111 	 0.02335137879308925 	 0.13517011306511972 	 5 	 0.0004702226661785838 	 0.7648725920936706
5	5	2	1000	0.1111111111111111 	 0.02305151270341717 	 0.13227692747850062 	 5 	 0.0005668562830058906 	 0.7405892880513567
5	5	2	10000	0.1111111111111111 	 0.023622797015144484 	 0.1319887553985828 	 5 	 0.0005802715852161955 	 0.7381609540687237
5	6	2	100	0.1111111111111111 	 0.024057658069380306 	 0.12783017916587439 	 5 	 0.0008650487430116683 	 0.686588843467095
5	6	2	1000	0.25 	 0.027089646530327045 	 0.17940733212515522 	 5 	 0.0011127969718262038 	 0.576670971275564
5	6	2	10000	0.25 	 0.023337158673256378 	 0.18066251656717963 	 5 	 0.001134524953025857 	 0.581637979658272
5	7	2	100	0.0 	 0.02188231018897572 	 0.16839695505389488 	 5 	 0.0006067807889715932 	 1.0
5	7	2	1000	0.0 	 0.020567747340754495 	 0.16624990466990494 	 5 	 0.0005881868810849569 	 1.0
5	7	2	10000	0.0 	 0.02149010501937299 	 0.1660349661864006 	 5 	 0.000586327490296294 	 1.0
5	8	2	100	0.25 	 0.031718359118052264 	 0.24002957684208934 	 5 	 0.0011720122930486843 	 0.6828769539905388
5	8	2	1000	0.25 	 0.0320553922047803 	 0.24124657514724931 	 5 	 0.0011720122930486848 	 0.6828769539905389
5	8	2	10000	0.25 	 0.03355369231674465 	 0.24136802123938855 	 5 	 0.0011720122930486848 	 0.6828769539905389
5	9	2	100	0.1111111111111111 	 0.04845268728420832 	 0.16181181820126925 	 5 	 0.000856792841544079 	 0.6582311750272855
5	9	2	1000	0.1111111111111111 	 0.0491211028093932 	 0.16112998798517428 	 5 	 0.0008529872107553103 	 0.6574385548979255
5	9	2	10000	0.1111111111111111 	 0.04777981332421295 	 0.16107368030374697 	 5 	 0.0008530950334242276 	 0.6574508652140995
5	10	2	100	0.42857142857142855 	 0.017511876028661985 	 0.02421273768369121 	 5 	 0.00022363810920419965 	 0.3196194386573762
5	10	2	1000	0.6666666666666666 	 0.022706847731334107 	 0.07440024887232101 	 5 	 0.0007050492177513932 	 0.17527726742098498
5	10	2	10000	0.42857142857142855 	 0.0165231978886642 	 0.024887561199234735 	 5 	 0.00023369882227075386 	 0.3205063191129356
7	1	2	100	0.07692307692307693 	 0.03682057000637194 	 0.17399385277778606 	 7 	 0.001825910580170138 	 0.9003610409844209
7	1	2	1000	0.07692307692307693 	 0.03439898698011383 	 0.17480177255086077 	 7 	 0.0018405766729181808 	 0.9003610409844207
7	1	2	10000	0.07692307692307693 	 0.03625921461656307 	 0.17488253472037524 	 7 	 0.0018420432821929845 	 0.9003610409844208
7	2	2	100	0.07692307692307693 	 0.036539011833667985 	 0.2715110684971406 	 7 	 0.001774639064145653 	 0.802274575107986
7	2	2	1000	0.07692307692307693 	 0.037922968767130666 	 0.27166203759470114 	 7 	 0.0017815915998434049 	 0.8010459383975485
7	2	2	10000	0.07692307692307693 	 0.03579831517956267 	 0.2716771319519215 	 7 	 0.0017822868561681543 	 0.8009230758094621
7	3	2	100	0.07692307692307693 	 0.06448596280508966 	 0.16033193326006856 	 7 	 0.0006613278033913393 	 0.8754023470561905
7	3	2	1000	0.07692307692307693 	 0.06524905449471956 	 0.1605017453922359 	 7 	 0.0006700602993877988 	 0.876060078043704
7	3	2	10000	0.07692307692307693 	 0.06567903721484168 	 0.16051871999732506 	 7 	 0.0006709335489873692 	 0.8762862115872053
7	4	2	100	0.07692307692307693 	 0.044771784611361685 	 0.19592548682633454 	 7 	 0.002272215171224646 	 0.808972502446857
7	4	2	1000	0.07692307692307693 	 0.04414412618178219 	 0.1943160327024957 	 7 	 0.002259328527209674 	 0.808972502446857
7	4	2	10000	0.07692307692307693 	 0.0437628427983441 	 0.19415507780067645 	 7 	 0.002258039859180609 	 0.808972502446857
7	5	2	100	0.07692307692307693 	 0.03894870159374952 	 0.16331252761594287 	 7 	 0.0006533140456640927 	 0.8124667856833978
7	5	2	1000	0.16666666666666666 	 0.03729404616403801 	 0.15990905885934387 	 7 	 0.000556020135464832 	 0.7342322078180652
7	5	2	10000	0.07692307692307693 	 0.03812025200104513 	 0.16100817200777967 	 7 	 0.0006309661103420473 	 0.8124667860068971
7	6	2	100	0.07692307692307693 	 0.03121179582283236 	 0.10624003832656355 	 7 	 0.0007765483121508139 	 0.7502153220707799
7	6	2	1000	0.16666666666666666 	 0.035847161100372636 	 0.11519676459102121 	 7 	 0.0008035390443157591 	 0.5621635810041723
7	6	2	10000	0.16666666666666666 	 0.03772551024599968 	 0.11715717151458202 	 7 	 0.0007960367594867458 	 0.561683017861006
7	7	2	100	0.0 	 0.06734384457443879 	 0.3519058961706764 	 7 	 0.0020336410733360283 	 1.0
7	7	2	1000	0.0 	 0.05739675882354116 	 0.2704113612070966 	 7 	 0.0016171243041286521 	 1.0
7	7	2	10000	0.0 	 0.055622858047451255 	 0.2704178120966809 	 7 	 0.0016167190985330346 	 1.0
7	8	2	100	0.16666666666666666 	 0.06072080190889543 	 0.23213144691321402 	 7 	 0.000985608281922519 	 0.8050398682953535
7	8	2	1000	0.16666666666666666 	 0.0609963945233677 	 0.23293680993886148 	 7 	 0.0010018715825718882 	 0.8050398682953535
7	8	2	10000	0.16666666666666666 	 0.060991434078978904 	 0.23301730784130298 	 7 	 0.0010034979126482782 	 0.8050398682953535
7	9	2	100	0.2727272727272727 	 0.06132664218863923 	 0.17709861978677702 	 7 	 0.001520041994071291 	 0.5208908723146819
7	9	2	1000	0.16666666666666666 	 0.07723396598455975 	 0.20289754274887795 	 7 	 0.0010718098188710235 	 0.5880090416698864
7	9	2	10000	0.16666666666666666 	 0.0770988016587018 	 0.20317060524611316 	 7 	 0.0010765379944113545 	 0.5883836158380189
7	10	2	100	0.2727272727272727 	 0.042411689640615785 	 0.14542838841629163 	 7 	 0.002160385052653271 	 0.5260689043415067
7	10	2	1000	0.2727272727272727 	 0.03337750357385482 	 0.1419371590925788 	 7 	 0.0009196227761251837 	 0.4810909599248835
7	10	2	10000	0.16666666666666666 	 0.047134268315889134 	 0.1583878801221981 	 7 	 0.002743862296832715 	 0.634303933136791
10	1	2	100	0.17647058823529413 	 0.06479874395411964 	 0.14957552833902168 	 10 	 0.001422701163713228 	 0.7370018958976241
10	1	2	1000	0.05263157894736842 	 0.06334534212325078 	 0.1757052670971866 	 10 	 0.0014296436924992897 	 0.9001791694684912
10	1	2	10000	0.1111111111111111 	 0.06809565557655599 	 0.21235863120023668 	 10 	 0.0030488271002677273 	 0.9001756645239378
10	2	2	100	0.17647058823529413 	 0.07670835705239484 	 0.21886132366312475 	 10 	 0.0016957711215368698 	 0.6662164181341361
10	2	2	1000	0.17647058823529413 	 0.07704466057159934 	 0.21994734946811842 	 10 	 0.0017134193287971253 	 0.6643480587864018
10	2	2	10000	0.17647058823529413 	 0.07608365517427203 	 0.22005601036189198 	 10 	 0.0017151841494944618 	 0.6641612227851187
10	3	2	100	0.05263157894736842 	 0.09905769646981046 	 0.17717223369569815 	 10 	 0.0021126935927273257 	 0.9064925955813163
10	3	2	1000	0.1111111111111111 	 0.09505315058808307 	 0.1788512741089101 	 10 	 0.0021470320862020153 	 0.7594636860366957
10	3	2	10000	0.1111111111111111 	 0.10090275396077344 	 0.1788221522104911 	 10 	 0.0021476941627907717 	 0.7594165176850374
10	4	2	100	0.17647058823529413 	 0.04155420947774159 	 0.1433967787277081 	 10 	 0.001916428868206331 	 0.6997098055508275
10	4	2	1000	0.1111111111111111 	 0.04855331900122504 	 0.17152992572330575 	 10 	 0.002393787657966454 	 0.8318859311461195
10	4	2	10000	0.1111111111111111 	 0.05262536002955258 	 0.1713942522121126 	 10 	 0.0023904016053282713 	 0.8318859311461195
10	5	2	100	0.05263157894736842 	 0.08759676750878845 	 0.22119875784255377 	 10 	 0.0012538663200271694 	 0.8494399255204135
10	5	2	1000	0.05263157894736842 	 0.0882346892420921 	 0.22386647631860326 	 10 	 0.0012866145937286992 	 0.8494399255204136
10	5	2	10000	0.1111111111111111 	 0.08553636917986898 	 0.22381518318351315 	 10 	 0.0012929965700050766 	 0.8494387488712958
10	6	2	100	0.1111111111111111 	 0.07099104712323716 	 0.13789739405039955 	 10 	 0.0017297927505856283 	 0.6350692791474242
10	6	2	1000	0.05263157894736842 	 0.0674117595666178 	 0.1258830628607899 	 10 	 0.0016815396202395174 	 0.8099107965803731
10	6	2	10000	0.1111111111111111 	 0.0705613102719061 	 0.1414866014188677 	 10 	 0.0010250485430586642 	 0.8302227889269516
10	7	2	100	0.0 	 0.08264006290681787 	 0.24384388615979408 	 10 	 0.000741829270435991 	 1.0
10	7	2	1000	0.0 	 0.09445947895367064 	 0.3242757212244284 	 10 	 0.0012910685231659034 	 1.0
10	7	2	10000	0.0 	 0.0842845669543783 	 0.2580782119819105 	 10 	 0.0007423023763208765 	 1.0
10	8	2	100	0.1111111111111111 	 0.06072979548434824 	 0.15646573722331586 	 10 	 0.001020520423233562 	 0.9431617287194538
10	8	2	1000	0.1111111111111111 	 0.05887252604088796 	 0.16122713198227184 	 10 	 0.0009076545934481152 	 0.9383592353547996
10	8	2	10000	0.1111111111111111 	 0.06117608121521135 	 0.15714081086264367 	 10 	 0.000995785841322047 	 0.9434640757027999
10	9	2	100	0.1111111111111111 	 0.06440891948126173 	 0.19667838094407059 	 10 	 0.0023376502945256714 	 0.7434824418055694
10	9	2	1000	0.1111111111111111 	 0.06128553934144462 	 0.19725781807566747 	 10 	 0.002344741794957654 	 0.7434824418055695
10	9	2	10000	0.17647058823529413 	 0.0618164640581618 	 0.18868193819923912 	 10 	 0.0010601396371889538 	 0.5503563701331252
10	10	2	100	0.1111111111111111 	 0.05850758845890137 	 0.1613173248390442 	 10 	 0.0034391102935343782 	 0.72479574393374
10	10	2	1000	0.25 	 0.048363278182668806 	 0.16139232136774506 	 10 	 0.003439110293534378 	 0.72479574393374
10	10	2	10000	0.1111111111111111 	 0.057035243872379855 	 0.16090566183923663 	 10 	 0.003439110293534378 	 0.72479574393374
