2	1	0	0	0.3333333333333333 	 0.021159936301683363 	 0.23034822675442063 	 2 	 0.0019247361219939577 	 0.366662231239847
2	2	0	0	0.0 	 0.0038577004886031843 	 0.03753562530935528 	 2 	 0.0023288632985920313 	 1.0
2	3	0	0	0.3333333333333333 	 0.017102652973821537 	 0.27820922577028057 	 2 	 0.0022966248734096473 	 0.5624927349982084
2	4	0	0	0.3333333333333333 	 0.010812848498854841 	 0.13366731648716418 	 2 	 0.0018970414393925255 	 0.3613860441559621
2	5	0	0	0.3333333333333333 	 0.016363969130292148 	 0.11747554286856082 	 2 	 0.0010664373692097634 	 0.2031561488378935
2	6	0	0	0.3333333333333333 	 0.01877548920893152 	 0.16963082265082433 	 2 	 0.0014227786526131525 	 0.27103933332280417
2	7	0	0	0.0 	 0.017467846842289258 	 0.1278166778649525 	 2 	 0.0021546383736393113 	 1.0
2	8	0	0	0.0 	 0.0100414955682106 	 0.22197540017381295 	 2 	 0.00012873944301376828 	 1.0
2	9	0	0	0.3333333333333333 	 0.01963752441803728 	 0.07492287216154501 	 2 	 0.002211064411669881 	 0.5585400494280635
2	10	0	0	0.3333333333333333 	 0.015160119308823407 	 0.02116204752728965 	 2 	 0.0001375315629389303 	 0.026199757293986346
3	1	0	0	0.2 	 0.0364557100900446 	 0.2864059402146876 	 3 	 0.0023304458140295287 	 0.4416111203797961
3	2	0	0	0.2 	 0.00767264002392306 	 0.1045721895745884 	 3 	 0.0024097080422518223 	 0.9743708532608033
3	3	0	0	0.2 	 0.03496997399194383 	 0.33037171549741157 	 3 	 0.0028658910626999565 	 1.0
3	4	0	0	0.2 	 0.020349768416528836 	 0.28820351132492994 	 3 	 0.003213108576323436 	 1.0
3	5	0	0	0.2 	 0.021858849419328506 	 0.1722611803376039 	 3 	 0.0017409265585058417 	 0.3299196532197869
3	6	0	0	0.2 	 0.02144455726174099 	 0.19607989017583222 	 3 	 0.0029742569799303814 	 1.0
3	7	0	0	0.0 	 0.030046734375617945 	 0.2503528148792614 	 3 	 0.0020980312521312076 	 1.0
3	8	0	0	0.0 	 0.02167436517980694 	 0.26233110807528737 	 3 	 0.0033918651389399546 	 1.0
3	9	0	0	0.2 	 0.02362058815430141 	 0.08136465187365717 	 3 	 0.0006286121528287227 	 0.5021194253226008
3	10	0	0	0.5 	 0.01632238707723112 	 0.011843370920118541 	 3 	 0.00010665005338731603 	 0.02021018511689653
5	1	0	0	0.1111111111111111 	 0.05078898898375056 	 0.3830487149983217 	 5 	 0.003490922191234359 	 1.0
5	2	0	0	0.1111111111111111 	 0.03656145988356698 	 0.30218253588612815 	 5 	 0.0037632285819278913 	 0.7056337028359367
5	3	0	0	0.0 	 0.058964297382366374 	 0.33291252339512317 	 5 	 0.003720947292997704 	 1.0
5	4	0	0	0.1111111111111111 	 0.04153589325039856 	 0.3166385650403471 	 5 	 0.002680387833336595 	 1.000000109328704
5	5	0	0	0.1111111111111111 	 0.03751406085061021 	 0.1983959691848088 	 5 	 0.0018072734320004244 	 1.0
5	6	0	0	0.1111111111111111 	 0.04454404364662267 	 0.2180580614846339 	 5 	 0.0031643107164535758 	 1.0
5	7	0	0	0.1111111111111111 	 0.05025345085782801 	 0.4076126633586573 	 5 	 0.0022040856079107527 	 1.0
5	8	0	0	0.0 	 0.04127688551376035 	 0.2339711845870614 	 5 	 0.0025061244013726523 	 1.0
5	9	0	0	0.0 	 0.06133182550355215 	 0.27326254654206783 	 5 	 0.00145173679756384 	 1.0
5	10	0	0	0.1111111111111111 	 0.03914570937729768 	 0.17222132579199428 	 5 	 0.003794365403039237 	 1.0
7	1	0	0	0.07692307692307693 	 0.05271716987265056 	 0.22827787408403405 	 7 	 0.0008880989988303452 	 1.0
7	2	0	0	0.07692307692307693 	 0.06263940936310888 	 0.3623592766209567 	 7 	 0.003178920454901592 	 0.7711891197845766
7	3	0	0	0.0 	 0.07002459262666884 	 0.2732099972988496 	 7 	 0.0012930550774688365 	 1.0
7	4	0	0	0.07692307692307693 	 0.0574003104272844 	 0.34572770746501946 	 7 	 0.002288962147559269 	 1.0000000263125077
7	5	0	0	0.0 	 0.07899687784730883 	 0.3079015316371211 	 7 	 0.003028990499915343 	 1.0
7	6	0	0	0.07692307692307693 	 0.03787859005112947 	 0.15025738440449457 	 7 	 0.0016476126427477284 	 1.0
7	7	0	0	0.16666666666666666 	 0.07172201769289507 	 0.39909991858992133 	 7 	 0.0030426487956934202 	 1.0
7	8	0	0	0.0 	 0.07434032572354424 	 0.2818115645201398 	 7 	 0.0012939916708563626 	 1.0
7	9	0	0	0.0 	 0.08733555170266745 	 0.31790412692816783 	 7 	 0.0010481486472106788 	 1.0
7	10	0	0	0.07692307692307693 	 0.05859927961524439 	 0.20622130198550248 	 7 	 0.0038074638495653773 	 0.9553979078025394
10	1	0	0	0.05263157894736842 	 0.07780238252295234 	 0.2009391285432521 	 10 	 0.0030479528218947728 	 0.9999999997694291
10	2	0	0	0.05263157894736842 	 0.09312657475785216 	 0.2344479920723561 	 10 	 0.0023636828658732427 	 0.8468061110763131
10	3	0	0	0.0 	 0.11556897034634227 	 0.30190193567151863 	 10 	 0.0019067666308571585 	 1.0
10	4	0	0	0.1111111111111111 	 0.07276939109371454 	 0.22884832343025407 	 10 	 0.0017795479437716713 	 0.8318859311461195
10	5	0	0	0.0 	 0.11965993296653846 	 0.34407428239770615 	 10 	 0.0017406396042287135 	 1.0
10	6	0	0	0.1111111111111111 	 0.09421400533776511 	 0.30260327067355924 	 10 	 0.0034798316665612256 	 1.0
10	7	0	0	0.1111111111111111 	 0.0996364648397852 	 0.4310679974110619 	 10 	 0.0027248816519370124 	 1.0
10	8	0	0	0.0 	 0.09913230755191933 	 0.39422210908216593 	 10 	 0.002687088128981242 	 1.0
10	9	0	0	0.05263157894736842 	 0.10269154619740409 	 0.3384408728315611 	 10 	 0.0017649242249423488 	 0.9676530542297133
10	10	0	0	0.1111111111111111 	 0.06472470923633897 	 0.1817446938775611 	 10 	 0.0039840840304465434 	 0.8788223769304218
2	1	1	100	0.3333333333333333 	 0.01941646400991874 	 0.18323174423708347 	 2 	 0.001495638506725776 	 0.2849191355312588
2	1	1	1000	0.3333333333333333 	 0.01828822647028544 	 0.18323174423708347 	 2 	 0.001495638506725776 	 0.2849191355312588
2	1	1	10000	0.3333333333333333 	 0.019454298898728198 	 0.18323174423708347 	 2 	 0.001495638506725776 	 0.2849191355312588
2	2	1	100	0.0 	 0.0038577004886031843 	 0.06820653177157236 	 2 	 0.0013469893808383464 	 1.0
2	2	1	1000	0.0 	 0.0038577004886031843 	 0.06820653177157236 	 2 	 0.0013472943637289582 	 1.0
2	2	1	10000	0.0 	 0.0038577004886031843 	 0.06820653177157236 	 2 	 0.0013468381300070146 	 1.0
2	3	1	100	0.3333333333333333 	 0.018228674239065736 	 0.24339659601955377 	 2 	 0.002546577284720893 	 0.4851230171366297
2	3	1	1000	0.3333333333333333 	 0.018462357642234542 	 0.2433965962406555 	 2 	 0.0025465773218584543 	 0.48512301709200584
2	3	1	10000	0.3333333333333333 	 0.01843721947276485 	 0.24339659622993587 	 2 	 0.0025465773255175547 	 0.4851230170875512
2	4	1	100	0.3333333333333333 	 0.011654629194539102 	 0.11396460745905418 	 2 	 0.0015977773738095865 	 0.3043780776471618
2	4	1	1000	0.3333333333333333 	 0.011674656479400998 	 0.11396460492433977 	 2 	 0.0015977784948086097 	 0.3043780780073294
2	4	1	10000	0.3333333333333333 	 0.011678660852342822 	 0.11396460465676164 	 2 	 0.0015977786184597361 	 0.3043780780492829
2	5	1	100	0.3333333333333333 	 0.016356426642914396 	 0.21596421501717475 	 2 	 0.002207498203234876 	 0.42052717664158545
2	5	1	1000	0.3333333333333333 	 0.01635652855372613 	 0.21596421681248132 	 2 	 0.0022074985690455295 	 0.42052721702314616
2	5	1	10000	0.3333333333333333 	 0.016356538221765356 	 0.21596421699317758 	 2 	 0.0022074986058672284 	 0.42052722108786533
2	6	1	100	0.3333333333333333 	 0.018878850358114426 	 0.12304853260168218 	 2 	 0.0009683975789336783 	 0.18447973727622446
2	6	1	1000	0.3333333333333333 	 0.01846235883555568 	 0.12304853181712243 	 2 	 0.0009683975359486313 	 0.18447973059821324
2	6	1	10000	0.3333333333333333 	 0.018200195992347488 	 0.12304853181712243 	 2 	 0.0009683975359486313 	 0.18447973059821324
2	7	1	100	0.3333333333333333 	 0.007514980159446652 	 0.24301043673976325 	 2 	 3.197295858278984e-05 	 0.49992644953291904
2	7	1	1000	0.3333333333333333 	 0.007514980159446652 	 0.24301043673976325 	 2 	 3.213461086722888e-05 	 0.5000427557068954
2	7	1	10000	0.3333333333333333 	 0.007514980159446652 	 0.24301043673976325 	 2 	 2.9607911478109707e-05 	 0.4994759080594774
2	8	1	100	0.0 	 0.0100414955682106 	 0.2117495220991993 	 2 	 0.0002574057109676333 	 1.0
2	8	1	1000	0.0 	 0.0100414955682106 	 0.21174952209919934 	 2 	 0.0002559550292549333 	 1.0
2	8	1	10000	0.0 	 0.0100414955682106 	 0.21174952209919934 	 2 	 0.00025687044818997035 	 1.0
2	9	1	100	0.0 	 0.015316684791570273 	 0.19442807554273112 	 2 	 0.0025064173859185414 	 1.0
2	9	1	1000	0.0 	 0.015355528475900243 	 0.19442807554393984 	 2 	 0.0025064173881967837 	 1.0
2	9	1	10000	0.0 	 0.015358349928901678 	 0.1944280755439743 	 2 	 0.0025064173883815525 	 1.0
2	10	1	100	0.0 	 0.026674416586551092 	 0.27011837831531227 	 2 	 0.0017857858467952613 	 1.0
2	10	1	1000	0.0 	 0.02663497992973884 	 0.27011837831531227 	 2 	 0.0017857858467952613 	 1.0
2	10	1	10000	0.0 	 0.026672076403083052 	 0.27011837831531227 	 2 	 0.0017857858467952613 	 1.0
3	1	1	100	0.2 	 0.03581285947333644 	 0.3771965718313067 	 3 	 0.0030699711332453274 	 1.0
3	1	1	1000	0.2 	 0.035521066779516254 	 0.3771965718313067 	 3 	 0.0030699711332453274 	 1.0
3	1	1	10000	0.2 	 0.03578692127398486 	 0.3771965718313067 	 3 	 0.0030699711332453274 	 1.0
3	2	1	100	0.2 	 0.007953551415243306 	 0.0895345515885705 	 3 	 0.0023044935541299237 	 0.8937839774493849
3	2	1	1000	0.2 	 0.007952953217330723 	 0.08936677349665033 	 3 	 0.002304495210964681 	 0.89378401079772
3	2	1	10000	0.2 	 0.007952846977966386 	 0.08935000289491048 	 3 	 0.0023044953762853993 	 0.8937840141252507
3	3	1	100	0.0 	 0.028998291172339624 	 0.2235567603568199 	 3 	 0.0023371172452890574 	 1.0
3	3	1	1000	0.0 	 0.029001831029234624 	 0.22355675724261934 	 3 	 0.0023371171249371102 	 1.0
3	3	1	10000	0.0 	 0.02641933399600765 	 0.22355654404052955 	 3 	 0.0023371091679447254 	 1.0
3	4	1	100	0.2 	 0.02018911797588643 	 0.19852673913217025 	 3 	 0.0023952514129829514 	 0.4538881230559081
3	4	1	1000	0.2 	 0.020806994143193817 	 0.19852706160569278 	 3 	 0.0023952694162698847 	 0.4538899861279858
3	4	1	10000	0.2 	 0.02087261850517037 	 0.19852709778885796 	 3 	 0.002395271150800871 	 0.4538901656254395
3	5	1	100	0.2 	 0.021902820455559743 	 0.3399501428087709 	 3 	 0.0030119703320873265 	 0.6692484392350673
3	5	1	1000	0.2 	 0.021907889357061887 	 0.3399501348291421 	 3 	 0.003011974107693065 	 0.6692484393398453
3	5	1	10000	0.2 	 0.021908439167894873 	 0.33995013403114194 	 3 	 0.0030119744852704043 	 0.6692484393503239
3	6	1	100	0.2 	 0.03326185481975447 	 0.14430002483131588 	 3 	 0.0019150650650965812 	 0.36290490313097284
3	6	1	1000	0.2 	 0.03322723551529501 	 0.144300025057526 	 3 	 0.0019150650486875309 	 0.36290490346234544
3	6	1	10000	0.2 	 0.03322263020608708 	 0.1443000250793705 	 3 	 0.0019150650470081587 	 0.36290490349298155
3	8	1	100	0.0 	 0.02167818634876004 	 0.2667157326678255 	 3 	 0.0031586164710414874 	 1.0
3	8	1	1000	0.0 	 0.021836195511864914 	 0.2667157326678255 	 3 	 0.0031586164710414874 	 1.0
3	8	1	10000	0.0 	 0.0218037625578885 	 0.2667157326678255 	 3 	 0.0031586164710414874 	 1.0
3	9	1	100	0.0 	 0.020421993310288458 	 0.22765152179632317 	 3 	 0.0030321740938640744 	 1.0
3	9	1	1000	0.0 	 0.019745966615871986 	 0.22765152179632317 	 3 	 0.0030321740938640744 	 1.0
3	9	1	10000	0.0 	 0.020910130617912328 	 0.22765152179632317 	 3 	 0.0030321740938640744 	 1.0
3	10	1	100	0.2 	 0.03268970629479816 	 0.30479063749008256 	 3 	 0.0031636542377485475 	 0.6069760379643252
3	10	1	1000	0.2 	 0.03327812161495713 	 0.30479063749008256 	 3 	 0.0031636542377485475 	 0.6069760379643252
3	10	1	10000	0.2 	 0.0331991785084882 	 0.30479063749008256 	 3 	 0.0031636542377485475 	 0.6069760379643252
5	1	1	100	0.1111111111111111 	 0.05179235788070874 	 0.4121708850630483 	 5 	 0.004085597823381592 	 1.0
5	1	1	1000	0.1111111111111111 	 0.05078716654541206 	 0.4121708850630483 	 5 	 0.004085597823381592 	 1.0
5	1	1	10000	0.1111111111111111 	 0.050761577714930006 	 0.4121708850630483 	 5 	 0.004085597823381592 	 1.0
5	2	1	100	0.1111111111111111 	 0.03652318864779003 	 0.31287399324633786 	 5 	 0.0036629600856412426 	 0.6919823601339415
5	2	1	1000	0.1111111111111111 	 0.03652413300391099 	 0.31287399325029164 	 5 	 0.0036629601094063497 	 0.6919823601435586
5	2	1	10000	0.1111111111111111 	 0.03652422734375088 	 0.31287399325075327 	 5 	 0.00366296011176617 	 0.69198236014452
5	3	1	100	0.0 	 0.05321535041594485 	 0.28530616664467323 	 5 	 0.002049121433294067 	 1.0
5	3	1	1000	0.0 	 0.05326054728456728 	 0.28530620399741546 	 5 	 0.0020491227545605894 	 1.0
5	3	1	10000	0.0 	 0.05326499601510387 	 0.2853062077275602 	 5 	 0.0020491228865638584 	 1.0
5	4	1	100	0.1111111111111111 	 0.03786837786687473 	 0.23283152249453756 	 5 	 0.003249186822102089 	 1.0
5	4	1	1000	0.1111111111111111 	 0.037570464466981264 	 0.23283152249453756 	 5 	 0.003249186822102089 	 1.0
5	4	1	10000	0.1111111111111111 	 0.03703707464787231 	 0.23283152249453756 	 5 	 0.003249186822102089 	 1.0
5	5	1	100	0.0 	 0.03965944917458129 	 0.2478628348876213 	 5 	 0.002366648640503394 	 1.0
5	5	1	1000	0.0 	 0.03861781558831484 	 0.24777809915129462 	 5 	 0.002366648640503394 	 1.0
5	5	1	10000	0.0 	 0.03864015824267265 	 0.24776962355539076 	 5 	 0.0023666486405033945 	 1.0
5	6	1	100	0.1111111111111111 	 0.045503895201387846 	 0.2712922194441358 	 5 	 0.002384371034673837 	 0.9165240193646825
5	6	1	1000	0.1111111111111111 	 0.04548444153552993 	 0.27082768390857914 	 5 	 0.002369548265536139 	 0.9137446813645483
5	6	1	10000	0.1111111111111111 	 0.04548406225652281 	 0.27078123799356757 	 5 	 0.0023680659922348185 	 0.9134667523283582
5	7	1	100	0.25 	 0.0352705236539678 	 0.23352000231678116 	 5 	 0.0014340194523299356 	 0.7874083860734342
5	7	1	1000	0.25 	 0.035277355339218386 	 0.23342433293904985 	 5 	 0.0014001286857743044 	 0.787408430450425
5	7	1	10000	0.25 	 0.035278068527166334 	 0.23341476534158104 	 5 	 0.001396739611821094 	 0.7874084349956121
5	8	1	100	0.25 	 0.039131394013752506 	 0.25128299250698044 	 5 	 0.0009520250844761525 	 0.753699982986423
5	8	1	1000	0.25 	 0.039131394013752506 	 0.2512957465069683 	 5 	 0.0009465610341249505 	 0.7530847834790666
5	8	1	10000	0.25 	 0.039131394013752506 	 0.25129702248612656 	 5 	 0.000946014629089836 	 0.7530232635283353
5	9	1	100	0.0 	 0.046541864301691785 	 0.25898264038298613 	 5 	 0.0009323775310723 	 1.0
5	9	1	1000	0.0 	 0.04932259908879453 	 0.2594816858153836 	 5 	 0.0017021298314153321 	 1.0
5	9	1	10000	0.0 	 0.04998732396360857 	 0.25953160053482655 	 5 	 0.0017043451422673818 	 1.0
5	10	1	100	0.1111111111111111 	 0.048080188683453505 	 0.31001633687096847 	 5 	 0.0024946630263236536 	 0.7820100644212962
5	10	1	1000	0.1111111111111111 	 0.04784895165125969 	 0.31035496656527684 	 5 	 0.0025309716183761523 	 0.7888179254311397
5	10	1	10000	0.1111111111111111 	 0.049029031160125844 	 0.31038883096258846 	 5 	 0.0025346024775826353 	 0.7894987115323551
7	1	1	100	0.07692307692307693 	 0.04931351624389054 	 0.28944409873185595 	 7 	 0.0030588568285858956 	 1.0
7	1	1	1000	0.07692307692307693 	 0.04873828737558988 	 0.2893352757211682 	 7 	 0.0030588568285858956 	 1.0
7	1	1	10000	0.07692307692307693 	 0.04936327090541204 	 0.28932439357748935 	 7 	 0.0030588568285858956 	 1.0
7	2	1	100	0.07692307692307693 	 0.06881300257686848 	 0.40185597217456037 	 7 	 0.0030634548626330875 	 0.785920826725599
7	2	1	1000	0.07692307692307693 	 0.06881449285588871 	 0.40185437835254506 	 7 	 0.003063453643528293 	 0.7859207783136936
7	2	1	10000	0.07692307692307693 	 0.06881465493569287 	 0.4018542188589336 	 7 	 0.0030634535111537546 	 0.785920773056963
7	3	1	100	0.0 	 0.06682912372408735 	 0.2224971114782029 	 7 	 0.0016061089877664576 	 1.0
7	3	1	1000	0.0 	 0.06359432984530196 	 0.22294376777931482 	 7 	 0.0015853757044126731 	 1.0
7	3	1	10000	0.0 	 0.06591901309384839 	 0.22298843902705906 	 7 	 0.0015833023760771633 	 1.0
7	4	1	100	0.07692307692307693 	 0.06256124217678136 	 0.31066964885129633 	 7 	 0.0027180641375919934 	 0.9999901294308983
7	4	1	1000	0.07692307692307693 	 0.0625604013192515 	 0.3109119492772239 	 7 	 0.002718063549628009 	 0.9999901018454294
7	4	1	10000	0.07692307692307693 	 0.06256031974681896 	 0.3109361699557866 	 7 	 0.0027180634922952225 	 0.9999900991518588
7	5	1	100	0.0 	 0.09528810135122534 	 0.3263513547659546 	 7 	 0.001413059738712638 	 1.0
7	5	1	1000	0.0 	 0.09603810854459616 	 0.32634055992164396 	 7 	 0.0014130597387126379 	 1.0
7	5	1	10000	0.0 	 0.0947481349360602 	 0.3263394801589081 	 7 	 0.0014130597387126379 	 1.0
7	6	1	100	0.0 	 0.05877276967824497 	 0.40440171093593513 	 7 	 0.0016983354907895993 	 1.0
7	6	1	1000	0.0 	 0.058989984168792156 	 0.40443164157572775 	 7 	 0.0016891528886612554 	 1.0
7	6	1	10000	0.0 	 0.05825663275001565 	 0.40443463447425637 	 7 	 0.0016880044448977928 	 1.0
7	7	1	100	0.07692307692307693 	 0.08005232540307042 	 0.4182077074229416 	 7 	 0.003939443173705262 	 1.0
7	7	1	1000	0.07692307692307693 	 0.07989357355339259 	 0.41820770742294155 	 7 	 0.003939443173705262 	 1.0
7	7	1	10000	0.07692307692307693 	 0.0792006605006035 	 0.4182077074229416 	 7 	 0.003939443173705262 	 1.0
7	8	1	100	0.16666666666666666 	 0.07531013007265644 	 0.27101236082081154 	 7 	 0.0013864558094493682 	 0.7705199087822223
7	8	1	1000	0.16666666666666666 	 0.07270648163800805 	 0.27100725487754934 	 7 	 0.001380752904858589 	 0.7700399937789512
7	8	1	10000	0.16666666666666666 	 0.07498205281966447 	 0.27100674407837083 	 7 	 0.001380182614399508 	 0.7699920022786103
7	9	1	100	0.0 	 0.09007625760859705 	 0.3115043931629781 	 7 	 0.000843228642813704 	 1.0
7	9	1	1000	0.0 	 0.09479287997534734 	 0.3863225760339535 	 7 	 0.00149520826873955 	 1.0
7	9	1	10000	0.0 	 0.09419038199676778 	 0.38626735780629096 	 7 	 0.0014947191827778326 	 1.0
7	10	1	100	0.07692307692307693 	 0.05950428498810679 	 0.3696119349419155 	 7 	 0.0029561142593186756 	 0.7696766350151014
7	10	1	1000	0.07692307692307693 	 0.062016501704209824 	 0.3696014319831397 	 7 	 0.002852578928484638 	 0.7696766350151014
7	10	1	10000	0.07692307692307693 	 0.062016865888157385 	 0.3696014847538719 	 7 	 0.002853099119485807 	 0.7696766350151014
10	1	1	100	0.05263157894736842 	 0.0956366915525157 	 0.3383562351035168 	 10 	 0.002445096995744915 	 0.9999996944223258
10	1	1	1000	0.05263157894736842 	 0.09562888801047376 	 0.33821905834687993 	 10 	 0.0024450981213876223 	 0.9999996967674337
10	1	1	10000	0.05263157894736842 	 0.09562809748637498 	 0.338205339137652 	 10 	 0.0024450982330948374 	 0.9999996969857584
10	2	1	100	0.05263157894736842 	 0.09413424144490638 	 0.3135445376006184 	 10 	 0.0029769521251152955 	 0.83648566671612
10	2	1	1000	0.05263157894736842 	 0.09371954337908901 	 0.31374367964062944 	 10 	 0.0029769519937523294 	 0.8364856624542487
10	2	1	10000	0.05263157894736842 	 0.09368854774860683 	 0.31376321642170096 	 10 	 0.0029769519820371944 	 0.8364856620808331
10	3	1	100	0.05263157894736842 	 0.12231433269081371 	 0.3092918207592414 	 10 	 0.0029712177638036804 	 0.8019730011020962
10	3	1	1000	0.05263157894736842 	 0.12529794517474205 	 0.30887313322094856 	 10 	 0.002966358697963952 	 0.8019730011020962
10	3	1	10000	0.05263157894736842 	 0.12374984804848091 	 0.308831272274766 	 10 	 0.002965872791379971 	 0.8019730011020964
10	4	1	100	0.05263157894736842 	 0.05490009662130157 	 0.18051839857695925 	 10 	 0.0019548739379825083 	 0.9658267040892042
10	4	1	1000	0.05263157894736842 	 0.054589298515646104 	 0.1802910524924316 	 10 	 0.0019565782713186126 	 0.9430580979448758
10	4	1	10000	0.05263157894736842 	 0.05456820319873462 	 0.18026832013895766 	 10 	 0.0019567486984720913 	 0.9407815247440476
10	5	1	100	0.0 	 0.13025748191088707 	 0.3715919888805965 	 10 	 0.0024288155708827963 	 1.0
10	5	1	1000	0.0 	 0.1310147291075475 	 0.3710979489433181 	 10 	 0.00242254746191944 	 1.0
10	5	1	10000	0.0 	 0.13132677100894655 	 0.3710485325263262 	 10 	 0.0024219206510230967 	 1.0
10	6	1	100	0.0 	 0.08133186713717619 	 0.2235403402595882 	 10 	 0.0011841388609463092 	 1.0
10	6	1	1000	0.0 	 0.08118997874217808 	 0.22352642179977925 	 10 	 0.001187985683249221 	 1.0
10	6	1	10000	0.0 	 0.08116003307545508 	 0.22352503052541833 	 10 	 0.0011878995124897044 	 1.0
10	7	1	100	0.05263157894736842 	 0.10294614238402347 	 0.3065150462507905 	 10 	 0.002332018675265963 	 1.0
10	7	1	1000	0.05263157894736842 	 0.10177691933439514 	 0.30638763427651977 	 10 	 0.0023403192760290924 	 1.0
10	7	1	10000	0.05263157894736842 	 0.10109534883125355 	 0.30637489285188096 	 10 	 0.002341149336105407 	 1.0
10	8	1	100	0.17647058823529413 	 0.08455518991556152 	 0.3707153958254608 	 10 	 0.0034060811377451226 	 0.7917677938537406
10	8	1	1000	0.17647058823529413 	 0.0827571605838429 	 0.3689229900522736 	 10 	 0.003384382429061572 	 0.7878077795189924
10	8	1	10000	0.17647058823529413 	 0.08389595762961193 	 0.3687439731473843 	 10 	 0.0033822125581932155 	 0.7874117780855174
10	9	1	100	0.1111111111111111 	 0.09995573324266604 	 0.2988494731018582 	 10 	 0.0023081962574026354 	 0.8395163144561781
10	9	1	1000	0.1111111111111111 	 0.10165186084751633 	 0.2966578322494506 	 10 	 0.002308196257402636 	 0.7027076437269596
10	9	1	10000	0.1111111111111111 	 0.10035958908421737 	 0.2966722288154754 	 10 	 0.0023081962574026354 	 0.7027076437269596
10	10	1	100	0.0 	 0.05615517626359152 	 0.2086167388933034 	 10 	 0.002068782720699535 	 1.0
10	10	1	1000	0.0 	 0.0561557515028511 	 0.20864229923800212 	 10 	 0.002071256698342124 	 1.0
10	10	1	10000	0.0 	 0.056156128897035626 	 0.2086448554842274 	 10 	 0.002071504096651348 	 1.0
2	1	2	100	0.3333333333333333 	 0.019745011752188835 	 0.23034822675442063 	 2 	 0.0019247361219939577 	 0.366662231239847
2	1	2	1000	0.3333333333333333 	 0.019768028601682884 	 0.23034822675442063 	 2 	 0.0019247361219939577 	 0.366662231239847
2	1	2	10000	0.3333333333333333 	 0.020085516436331975 	 0.23034822675442063 	 2 	 0.0019247361219939577 	 0.366662231239847
2	2	2	100	0.0 	 0.0038577004886031843 	 0.03753562530935528 	 2 	 0.002328939324873494 	 1.0
2	2	2	1000	0.0 	 0.0038577004886031843 	 0.03753562530935528 	 2 	 0.002329471734134903 	 1.0
2	2	2	10000	0.0 	 0.0038577004886031843 	 0.03753562530935528 	 2 	 0.00232924369065234 	 1.0
2	3	2	100	0.3333333333333333 	 0.01791188862577294 	 0.2782092301548805 	 2 	 0.002296624475466539 	 0.562492734880987
2	3	2	1000	0.3333333333333333 	 0.017209901383988785 	 0.27820922622210964 	 2 	 0.0022966248320396817 	 0.562492734986438
2	3	2	10000	0.3333333333333333 	 0.017113624924201116 	 0.27820922581505325 	 2 	 0.0022966248693082796 	 0.5624927349970407
2	4	2	100	0.3333333333333333 	 0.010846175085967536 	 0.13366732142852486 	 2 	 0.001897041985653667 	 0.3613861106118135
2	4	2	1000	0.3333333333333333 	 0.01111566439763777 	 0.13366733182677495 	 2 	 0.0018970417962871353 	 0.36138608757427293
2	4	2	10000	0.3333333333333333 	 0.01083797060055097 	 0.13366731774863463 	 2 	 0.0018970414800786053 	 0.3613860491056612
2	5	2	100	0.3333333333333333 	 0.01636577493810879 	 0.11747554065082613 	 2 	 0.00106643689524896 	 0.20315607689128798
2	5	2	1000	0.3333333333333333 	 0.016364134716149625 	 0.11747554264357725 	 2 	 0.0010664373210969975 	 0.20315614153444161
2	5	2	10000	0.3333333333333333 	 0.016363984858863343 	 0.11747554284552553 	 2 	 0.0010664373642869716 	 0.20315614809062046
2	6	2	100	0.3333333333333333 	 0.018264158164501523 	 0.16963082265082433 	 2 	 0.0014227786526131525 	 0.27103933332280417
2	6	2	1000	0.3333333333333333 	 0.018164805293485364 	 0.16963082265082433 	 2 	 0.0014227786526131525 	 0.27103933332280417
2	6	2	10000	0.3333333333333333 	 0.018385539937459183 	 0.16963082265082433 	 2 	 0.0014227786526131525 	 0.27103933332280417
2	7	2	100	0.0 	 0.017467846842289258 	 0.1278166778649525 	 2 	 0.0021556267495056107 	 1.0
2	7	2	1000	0.0 	 0.017467846842289258 	 0.1278166778649525 	 2 	 0.0021544104521685125 	 1.0
2	7	2	10000	0.0 	 0.017467846842289258 	 0.1278166778649525 	 2 	 0.0021550943209452398 	 1.0
2	8	2	100	0.0 	 0.0100414955682106 	 0.22197540017381295 	 2 	 0.00012706165220244383 	 1.0
2	8	2	1000	0.0 	 0.0100414955682106 	 0.22197540017381295 	 2 	 0.0001280528168516731 	 1.0
2	8	2	10000	0.0 	 0.0100414955682106 	 0.22197540017381295 	 2 	 0.00012782390037409917 	 1.0
2	9	2	100	0.3333333333333333 	 0.019700467385965297 	 0.07546158107583006 	 2 	 0.00221306210311632 	 0.5581594892075168
2	9	2	1000	0.3333333333333333 	 0.01964705744604264 	 0.07499870171895617 	 2 	 0.0022103048346061816 	 0.5586847488586981
2	9	2	10000	0.3333333333333333 	 0.019641497070611885 	 0.07495095257290173 	 2 	 0.002210092125577401 	 0.5587252699286809
2	10	2	100	0.3333333333333333 	 0.013272931900618559 	 0.021797503259241235 	 2 	 0.00013753083853692763 	 0.02619962291094357
2	10	2	1000	0.3333333333333333 	 0.016012056038911666 	 0.02122555452646897 	 2 	 0.00013753129523172894 	 0.026199707631913306
2	10	2	10000	0.3333333333333333 	 0.015235049045100204 	 0.02116839778141556 	 2 	 0.00013753153047699754 	 0.026199751272008617
3	1	2	100	0.2 	 0.03649508166516997 	 0.2864059500844542 	 3 	 0.002330445782564779 	 0.4416111170504263
3	1	2	1000	0.2 	 0.036459692606853306 	 0.28640594121004476 	 3 	 0.002330445810543914 	 0.4416111200109738
3	1	2	10000	0.2 	 0.03645621494329802 	 0.2864059403239817 	 3 	 0.002330445811996212 	 0.4416111201646455
3	2	2	100	0.2 	 0.007748083523980946 	 0.10464089592145022 	 3 	 0.002409712527404343 	 0.9743708750437554
3	2	2	1000	0.2 	 0.0076807871795187424 	 0.10457905845860377 	 3 	 0.002409708494131282 	 0.9743708554554391
3	2	2	10000	0.2 	 0.007673462952988055 	 0.10457287644542736 	 3 	 0.0024097080874367458 	 0.9743708534802521
3	3	2	100	0.2 	 0.03462656411934802 	 0.33037171549741157 	 3 	 0.0028658910626999565 	 1.0
3	3	2	1000	0.2 	 0.03459282661126665 	 0.33037171549741157 	 3 	 0.0028658910626999565 	 1.0
3	3	2	10000	0.2 	 0.03511965591885388 	 0.33037171549741157 	 3 	 0.0028658910626999565 	 1.0
3	4	2	100	0.2 	 0.021156673075947836 	 0.28820351132492994 	 3 	 0.003213108576323436 	 1.0
3	4	2	1000	0.2 	 0.021425077908328802 	 0.28820351132492994 	 3 	 0.003213108576323436 	 1.0
3	4	2	10000	0.2 	 0.021376454236609485 	 0.28820351132492994 	 3 	 0.003213108576323436 	 1.0
3	5	2	100	0.2 	 0.02185885555332469 	 0.1722611802276876 	 3 	 0.0017409267463618715 	 0.32991965322748723
3	5	2	1000	0.2 	 0.021858852762737205 	 0.1722611803191043 	 3 	 0.0017409265902367543 	 0.3299196532211621
3	5	2	10000	0.2 	 0.021858849997795544 	 0.17226118033522092 	 3 	 0.0017409265627683192 	 0.32991965321997774
3	6	2	100	0.2 	 0.020069775957161168 	 0.19607989017583222 	 3 	 0.0029742569799303814 	 1.0
3	6	2	1000	0.2 	 0.0216848879355692 	 0.19607989017583222 	 3 	 0.0029742569799303814 	 1.0
3	6	2	10000	0.2 	 0.02284012836455954 	 0.19607989017583222 	 3 	 0.0029742569799303814 	 1.0
3	7	2	100	0.0 	 0.030496677855507977 	 0.2503528148792614 	 3 	 0.0020980312521312076 	 1.0
3	7	2	1000	0.0 	 0.030204882480028547 	 0.2503528148792614 	 3 	 0.0020980312521312076 	 1.0
3	7	2	10000	0.0 	 0.03215967872871133 	 0.2503528148792614 	 3 	 0.0020980312521312076 	 1.0
3	8	2	100	0.0 	 0.02180205310486597 	 0.26233110807528737 	 3 	 0.0033918651389399546 	 1.0
3	8	2	1000	0.0 	 0.02181631084889904 	 0.26233110807528737 	 3 	 0.0033918651389399546 	 1.0
3	8	2	10000	0.0 	 0.021669457817867763 	 0.26233110807528737 	 3 	 0.0033918651389399546 	 1.0
3	9	2	100	0.2 	 0.023837004247660408 	 0.08035731094719958 	 3 	 0.0006183834472842384 	 0.5021194253226008
3	9	2	1000	0.2 	 0.023949003846506337 	 0.08126424338172235 	 3 	 0.0006275892822742725 	 0.5021194253226009
3	9	2	10000	0.2 	 0.023969225508114846 	 0.08135461427066419 	 3 	 0.0006285098657732773 	 0.5021194253226008
3	10	2	100	0.5 	 0.0159795701034192 	 0.013221286005745608 	 3 	 0.00012512080031426554 	 0.023710391659553482
3	10	2	1000	0.5 	 0.0163494825957199 	 0.011953634772649057 	 3 	 0.00010849712808001075 	 0.020560205771162177
3	10	2	10000	0.5 	 0.01632744975123033 	 0.011854397556118387 	 3 	 0.00010683476085658592 	 0.020245187182323172
5	1	2	100	0.1111111111111111 	 0.0510630399981565 	 0.3830487149983217 	 5 	 0.003490922191234359 	 1.0
5	1	2	1000	0.1111111111111111 	 0.05077090395733524 	 0.3830487149983217 	 5 	 0.003490922191234359 	 1.0
5	1	2	10000	0.1111111111111111 	 0.0513497116896374 	 0.3830487149983217 	 5 	 0.003490922191234359 	 1.0
5	2	2	100	0.1111111111111111 	 0.03656286055140491 	 0.302182538312752 	 5 	 0.0037632281607835718 	 0.705633702853454
5	2	2	1000	0.1111111111111111 	 0.03656159980412962 	 0.30218253612881496 	 5 	 0.0037632285398070276 	 0.7056337028376869
5	2	2	10000	0.1111111111111111 	 0.036561473894892546 	 0.3021825359103585 	 5 	 0.0037632285777234402 	 0.705633702836112
5	3	2	100	0.0 	 0.0590417539261119 	 0.33291252339512317 	 5 	 0.003720947292997704 	 1.0
5	3	2	1000	0.0 	 0.05923275788844453 	 0.33291252339512317 	 5 	 0.003720947292997704 	 1.0
5	3	2	10000	0.0 	 0.05906066694453282 	 0.33291252339512317 	 5 	 0.003720947292997704 	 1.0
5	4	2	100	0.1111111111111111 	 0.043036898106829126 	 0.3166072850388506 	 5 	 0.002680387991710909 	 1.0000001237477554
5	4	2	1000	0.1111111111111111 	 0.04153555476245981 	 0.3166354370230162 	 5 	 0.0026803878431683366 	 1.0000001102191902
5	4	2	10000	0.1111111111111111 	 0.041535836037530735 	 0.31663825223972974 	 5 	 0.0026803878343156767 	 1.000000109422119
5	5	2	100	0.1111111111111111 	 0.03712754160978903 	 0.1985375947132962 	 5 	 0.0018072734320004247 	 1.0
5	5	2	1000	0.1111111111111111 	 0.0371743577311571 	 0.1984101350699812 	 5 	 0.0018072734320004244 	 1.0
5	5	2	10000	0.1111111111111111 	 0.03736947839387516 	 0.19839738580665783 	 5 	 0.0018072734320004249 	 1.0
5	6	2	100	0.1111111111111111 	 0.04425576184585582 	 0.2180580614846339 	 5 	 0.0031643107164535758 	 1.0
5	6	2	1000	0.1111111111111111 	 0.043939012980520255 	 0.2180580614846339 	 5 	 0.0031643107164535758 	 1.0
5	6	2	10000	0.1111111111111111 	 0.04331941840885209 	 0.2180580614846339 	 5 	 0.0031643107164535758 	 1.0
5	7	2	100	0.1111111111111111 	 0.05070790490585116 	 0.4076126633586573 	 5 	 0.0022040856079107527 	 1.0
5	7	2	1000	0.1111111111111111 	 0.050224013499921547 	 0.40761266335865715 	 5 	 0.002204085607910753 	 1.0
5	7	2	10000	0.1111111111111111 	 0.050566399792712824 	 0.40761266335865715 	 5 	 0.0022040856079107527 	 1.0
5	8	2	100	0.0 	 0.04043649030909453 	 0.23397212464804643 	 5 	 0.0025061244013726523 	 1.0
5	8	2	1000	0.0 	 0.04030817609787512 	 0.23397127859288583 	 5 	 0.0025061244013726523 	 1.0
5	8	2	10000	0.0 	 0.04030241884592901 	 0.23397119398764107 	 5 	 0.0025061244013726523 	 1.0
5	9	2	100	0.0 	 0.06201154171664274 	 0.2733025468679943 	 5 	 0.0014582095953408715 	 1.0
5	9	2	1000	0.0 	 0.061947462264913974 	 0.2732665467728193 	 5 	 0.0014500792268914366 	 1.0
5	9	2	10000	0.0 	 0.061764804167475866 	 0.27326294656712463 	 5 	 0.0014489618186499863 	 1.0
5	10	2	100	0.1111111111111111 	 0.03769068466879622 	 0.17222132579199428 	 5 	 0.003794365403039237 	 1.0
5	10	2	1000	0.1111111111111111 	 0.03780924108741791 	 0.17222132579199428 	 5 	 0.003794365403039237 	 1.0
5	10	2	10000	0.1111111111111111 	 0.03729594339396049 	 0.17222132579199428 	 5 	 0.003794365403039237 	 1.0
7	1	2	100	0.07692307692307693 	 0.05270679885270795 	 0.2283850276902453 	 7 	 0.0008887727275888615 	 1.0
7	1	2	1000	0.07692307692307693 	 0.05251581323147117 	 0.2282885878555342 	 7 	 0.0008881663717061963 	 1.0
7	1	2	10000	0.07692307692307693 	 0.05278366319605156 	 0.2282789454452956 	 7 	 0.0008881057361179318 	 1.0
7	2	2	100	0.07692307692307693 	 0.06263941199703865 	 0.3623629156401033 	 7 	 0.0031789443544802854 	 0.7711894226677445
7	2	2	1000	0.07692307692307693 	 0.06263940962539698 	 0.36235963747578354 	 7 	 0.0031789228372331047 	 0.7711891198394711
7	2	2	10000	0.07692307692307693 	 0.06263940938932441 	 0.3623593127065359 	 7 	 0.003178920693075399 	 0.7711891197900609
7	3	2	100	0.0 	 0.07020701434283041 	 0.27317953406513684 	 7 	 0.001292225846390246 	 1.0
7	3	2	1000	0.0 	 0.07033268000047739 	 0.27320695105142645 	 7 	 0.0012933360660855801 	 1.0
7	3	2	10000	0.0 	 0.07022053225052181 	 0.27320969267486683 	 7 	 0.0012926918729840222 	 1.0
7	4	2	100	0.07692307692307693 	 0.05833145088947999 	 0.3457513947194439 	 7 	 0.002277760481961289 	 1.0000035230899234
7	4	2	1000	0.07692307692307693 	 0.05873753077016427 	 0.3457299756811097 	 7 	 0.0022878338903430974 	 0.9999999770476078
7	4	2	10000	0.07692307692307693 	 0.05841897824730379 	 0.3457283235480159 	 7 	 0.0022888752137695256 	 1.0000017896164273
7	5	2	100	0.0 	 0.07878595121916651 	 0.307961924545234 	 7 	 0.003028990499915344 	 1.0
7	5	2	1000	0.0 	 0.07912565449776848 	 0.3079075719212239 	 7 	 0.0030289904999153436 	 1.0
7	5	2	10000	0.0 	 0.07901424709120655 	 0.3079021356754662 	 7 	 0.0030289904999153436 	 1.0
7	6	2	100	0.07692307692307693 	 0.037327202050251154 	 0.15169896452028372 	 7 	 0.0016572744574004164 	 1.0
7	6	2	1000	0.07692307692307693 	 0.036756134747231474 	 0.15028697383355974 	 7 	 0.0016482474155146715 	 1.0
7	6	2	10000	0.07692307692307693 	 0.036000269982516056 	 0.15026034335801414 	 7 	 0.001647676120024423 	 1.0
7	7	2	100	0.16666666666666666 	 0.07304677277411116 	 0.39908732046773177 	 7 	 0.0030426487956934202 	 1.0
7	7	2	1000	0.16666666666666666 	 0.07219677660647959 	 0.399098658801473 	 7 	 0.00304264879569342 	 1.0
7	7	2	10000	0.16666666666666666 	 0.07234155403274888 	 0.3990997926113141 	 7 	 0.00304264879569342 	 1.0
7	8	2	100	0.0 	 0.07434035672517184 	 0.28175779366152137 	 7 	 0.0012953178313045452 	 1.0
7	8	2	1000	0.0 	 0.07434032719543006 	 0.281806187135866 	 7 	 0.0012941830026063574 	 1.0
7	8	2	10000	0.0 	 0.07434032430111455 	 0.28181102677880177 	 7 	 0.0012940108035730403 	 1.0
7	9	2	100	0.0 	 0.08621944325102296 	 0.3175263343548147 	 7 	 0.0010398911003050742 	 1.0
7	9	2	1000	0.0 	 0.08583789948730074 	 0.3178663359429247 	 7 	 0.001047322892520121 	 1.0
7	9	2	10000	0.0 	 0.08663252607677079 	 0.31790034771232434 	 7 	 0.0010480660717416212 	 1.0
7	10	2	100	0.07692307692307693 	 0.059736400973783445 	 0.20600134311907994 	 7 	 0.0037953429132575427 	 0.9531373984340451
7	10	2	1000	0.07692307692307693 	 0.05877709375671764 	 0.2061993698165233 	 7 	 0.0038062516710167635 	 0.9551718704333099
7	10	2	10000	0.07692307692307693 	 0.05861809712235564 	 0.20621910945616664 	 7 	 0.0038073426325086804 	 0.9553753039326321
10	1	2	100	0.05263157894736842 	 0.07758434859638547 	 0.20069035984157252 	 10 	 0.003035616829128123 	 0.9999999997763709
10	1	2	1000	0.05263157894736842 	 0.0778830683762234 	 0.2009142488314295 	 10 	 0.003046719222645257 	 0.9999999997659532
10	1	2	10000	0.05263157894736842 	 0.07769677106386122 	 0.20093664054324703 	 10 	 0.0030478294619672103 	 0.9999999997732252
10	2	2	100	0.05263157894736842 	 0.09312429577143368 	 0.2342231257079095 	 10 	 0.0023636828018188346 	 0.8468061092854913
10	2	2	1000	0.05263157894736842 	 0.09312619292116038 	 0.23442549785919256 	 10 	 0.0023636828596473227 	 0.8468061109022499
10	2	2	10000	0.05263157894736842 	 0.09312651884806934 	 0.23444574257571837 	 10 	 0.0023636828652803896 	 0.8468061110597381
10	3	2	100	0.0 	 0.11601205358620617 	 0.3019313751906893 	 10 	 0.0019067666308571587 	 1.0
10	3	2	1000	0.0 	 0.11565247779693405 	 0.3019048795163472 	 10 	 0.0019067666308571589 	 1.0
10	3	2	10000	0.0 	 0.11630587523624966 	 0.30190223005493044 	 10 	 0.0019067666308571587 	 1.0
10	4	2	100	0.1111111111111111 	 0.07663599340097703 	 0.22886852039999006 	 10 	 0.0017726534127932207 	 0.8318859311461195
10	4	2	1000	0.1111111111111111 	 0.07169336263661183 	 0.22885034295834306 	 10 	 0.0017788584906738277 	 0.8318859311461196
10	4	2	10000	0.1111111111111111 	 0.07273267184536288 	 0.22884852538137426 	 10 	 0.001779478998461888 	 0.8318859311461195
10	5	2	100	0.0 	 0.12113659322076836 	 0.34403257599702836 	 10 	 0.0017355072024628803 	 1.0
10	5	2	1000	0.0 	 0.12059774668017803 	 0.3440701118851873 	 10 	 0.0017401263640521318 	 1.0
10	5	2	10000	0.0 	 0.12071871153637807 	 0.3440738653477296 	 10 	 0.0017405882802110917 	 1.0
10	6	2	100	0.1111111111111111 	 0.0976321223841334 	 0.3026040613703229 	 10 	 0.003479831666561226 	 1.0
10	6	2	1000	0.1111111111111111 	 0.09897643772385613 	 0.3026033497416131 	 10 	 0.003479831666561226 	 1.0
10	6	2	10000	0.1111111111111111 	 0.09719278077579785 	 0.3026032785803483 	 10 	 0.003479831666561226 	 1.0
10	7	2	100	0.1111111111111111 	 0.10033823275981356 	 0.4310630062177407 	 10 	 0.00272813741120519 	 1.0
10	7	2	1000	0.1111111111111111 	 0.10002784377603158 	 0.43106749829567065 	 10 	 0.002724204883194442 	 1.0
10	7	2	10000	0.1111111111111111 	 0.09813893030436129 	 0.4310679474995622 	 10 	 0.0027259749212550826 	 1.0
10	8	2	100	0.0 	 0.09913230610853833 	 0.3942174269834967 	 10 	 0.00268708830782942 	 1.0
10	8	2	1000	0.0 	 0.09913231207263432 	 0.39422164087562167 	 10 	 0.0026870881468634904 	 1.0
10	8	2	10000	0.0 	 0.09913231152413887 	 0.39422206226165113 	 10 	 0.002687088130769578 	 1.0
10	9	2	100	0.05263157894736842 	 0.10621526167827088 	 0.3386095539193888 	 10 	 0.0017649242249423488 	 0.9676530542297133
10	9	2	1000	0.05263157894736842 	 0.10608187220599273 	 0.33845773933819684 	 10 	 0.0017649242249423488 	 0.967653054229713
10	9	2	10000	0.05263157894736842 	 0.10598898336414371 	 0.3384425594662049 	 10 	 0.0017649242249423488 	 0.9676530542297133
10	10	2	100	0.05263157894736842 	 0.0781919903283086 	 0.16880323220791435 	 10 	 0.003184550141872356 	 0.9335223265757019
10	10	2	1000	0.05263157894736842 	 0.0747514858375715 	 0.1691680014872743 	 10 	 0.0031914766963973113 	 0.9350187730574678
10	10	2	10000	0.05263157894736842 	 0.07370231373889508 	 0.1692045519740915 	 10 	 0.0031921692705608614 	 0.9351684186822107
