2	1	0	0	1.0 	 2.2393843100446876e-18 	 2.1086725463950304e-17 	 2 	 0.0 	 0.0
2	2	0	0	1.0 	 7.498642855714933e-16 	 8.502884426777355e-15 	 2 	 2.048227718623215e-17 	 2.5500435096859064e-15
2	3	0	0	1.0 	 2.931470039093716e-16 	 4.7628006707858434e-15 	 2 	 1.0255072115011478e-17 	 1.27675647831893e-15
2	4	0	0	1.0 	 4.438601691398659e-12 	 3.3468186829030585e-10 	 2 	 2.0551524114816065e-11 	 2.5586647522946038e-09
2	5	0	0	1.0 	 2.0537007191475492e-17 	 3.215563375466824e-16 	 2 	 4.458727006526789e-19 	 5.5511151231257815e-17
2	6	0	0	1.0 	 6.686938895333985e-18 	 6.518979307218558e-17 	 2 	 0.0 	 0.0
2	7	0	0	1.0 	 2.0249379981513146e-17 	 5.653223241109632e-16 	 2 	 1.7834908026106908e-18 	 2.220446049250313e-16
2	8	0	0	1.0 	 3.8594856158673955e-18 	 6.374891932825219e-17 	 2 	 2.2293635032633326e-19 	 2.7755575615628914e-17
2	9	0	0	1.0 	 4.446307445496631e-18 	 6.065410763403945e-17 	 2 	 2.368698722217291e-19 	 2.949029909160572e-17
2	10	0	0	1.0 	 5.810432489762033e-17 	 1.1814891507550006e-16 	 2 	 5.016067882342622e-19 	 6.245004513516506e-17
3	1	0	0	1.0 	 5.1516479555902645e-17 	 3.629190180651226e-16 	 3 	 6.742245088816804e-19 	 8.326672684688674e-17
3	2	0	0	1.0 	 9.601805216604998e-16 	 1.3068441213281312e-14 	 3 	 1.7782671421754086e-17 	 2.1961599205866378e-15
3	3	0	0	1.0 	 4.43066513364796e-14 	 6.001389148669104e-13 	 3 	 6.923723852457449e-15 	 8.550798957784879e-13
3	4	0	0	1.0 	 4.45168814751632e-12 	 2.0841430981293636e-10 	 3 	 1.2589232737702298e-11 	 1.5547702431062405e-09
3	5	0	0	1.0 	 2.4124394640677224e-17 	 3.3214959846699246e-16 	 3 	 7.865952603619543e-19 	 9.71445146547012e-17
3	6	0	0	1.0 	 4.875439466638207e-14 	 1.657105057384356e-12 	 3 	 2.699010605654514e-14 	 3.333278097983339e-12
3	7	0	0	1.0 	 3.268861510228357e-16 	 3.326735932029909e-15 	 3 	 1.247315341431097e-17 	 1.5404344466674047e-15
3	8	0	0	1.0 	 1.9834581265417545e-17 	 2.4815888627227297e-16 	 3 	 6.742245088816804e-19 	 8.326672684688674e-17
3	9	0	0	1.0 	 1.3348493666614718e-16 	 2.9700073389985306e-16 	 3 	 1.8260247115545264e-18 	 2.255140518769849e-16
3	10	0	0	1.0 	 1.1347359468384828e-16 	 1.6505460510860258e-16 	 3 	 6.882708528167092e-19 	 8.500145032286355e-17
2	1	1	100	1.0 	 0.0001346285361719045 	 0.002264394432558884 	 2 	 3.943144613103286e-06 	 0.0004909215043313597
2	1	1	1000	1.0 	 1.3466969619094093e-05 	 0.0002267993800580508 	 2 	 3.943144613092362e-07 	 4.909215043299997e-05
2	1	1	10000	1.0 	 1.3467382346090668e-06 	 2.268354366828203e-05 	 2 	 3.9431446131035084e-08 	 4.909215043313875e-06
2	2	1	100	1.0 	 0.0008160895369073249 	 0.033005667597530985 	 2 	 0.0001612629164241615 	 0.020077233094808133
2	2	1	1000	1.0 	 8.434914954650246e-05 	 0.0034224014422183802 	 2 	 1.6126291642430906e-05 	 0.0020077233094826508
2	2	1	10000	1.0 	 8.463936830347219e-06 	 0.0003435172009374485 	 2 	 1.6126291642503808e-06 	 0.00020077233094917268
2	3	1	100	1.0 	 2.3282279203616754e-05 	 0.0014838830310507046 	 2 	 1.1435439502742373e-05 	 0.0014237122180914275
2	3	1	1000	1.0 	 2.329942574822161e-06 	 0.00014832809920785025 	 2 	 1.1435439502805353e-06 	 0.00014237122180992684
2	3	1	10000	1.0 	 2.3301200101591792e-07 	 1.4832208149094252e-05 	 2 	 1.1435439503565008e-07 	 1.4237122181938455e-05
2	4	1	100	0.3333333333333333 	 0.019772479400557322 	 0.009500988251563956 	 2 	 0.00034570887966454863 	 0.04594191453373653
2	4	1	1000	1.0 	 3.6426678499539105e-05 	 0.0006185158090827568 	 2 	 3.444822757570015e-05 	 0.0042888043331746764
2	4	1	10000	1.0 	 3.333697993859754e-06 	 6.20810652239359e-05 	 2 	 3.4448102166029556e-06 	 0.0004288788719670686
2	5	1	100	1.0 	 0.00012706925660994358 	 0.0025760834932561333 	 2 	 1.0507466365858083e-05 	 0.001308179562549333
2	5	1	1000	1.0 	 1.2709859266673698e-05 	 0.00025786706802927574 	 2 	 1.050746636586098e-06 	 0.0001308179562549694
2	5	1	10000	1.0 	 1.2710160326293422e-06 	 2.5789302423465685e-05 	 2 	 1.0507466365847606e-07 	 1.3081795625480286e-05
2	6	1	100	1.0 	 0.0003244095566960581 	 0.006524690424992867 	 2 	 1.8880732659797386e-05 	 0.002350651216144778
2	6	1	1000	1.0 	 3.242282225893173e-05 	 0.0006547626776151875 	 2 	 1.888073265980608e-06 	 0.00023506512161458604
2	6	1	10000	1.0 	 3.2421074555388518e-06 	 6.549930128626977e-05 	 2 	 1.888073265985067e-07 	 2.3506512161514115e-05
2	7	1	100	1.0 	 0.0003514147531314869 	 0.004388838555072149 	 2 	 2.238233789441629e-06 	 0.00027866010678548325
2	7	1	1000	1.0 	 3.517330609409246e-05 	 0.00043787020633913917 	 2 	 2.238233789446757e-07 	 2.7866010678612163e-05
2	7	1	10000	1.0 	 3.5176492761438465e-06 	 4.37769350313172e-05 	 2 	 2.2382337893174537e-08 	 2.786601067700234e-06
2	8	1	100	1.0 	 5.44209799680519e-05 	 0.0005713502107502609 	 2 	 1.1846387253188542e-06 	 0.00014748752130219756
2	8	1	1000	1.0 	 5.443501407392453e-06 	 5.7145352220400296e-05 	 2 	 1.1846387253150643e-07 	 1.4748752130172571e-05
2	8	1	10000	1.0 	 5.443641811838011e-07 	 5.7146385970590226e-06 	 2 	 1.1846387252682476e-08 	 1.4748752129589704e-06
2	9	1	100	1.0 	 0.00015470527161735826 	 0.002298845337009045 	 2 	 4.734897568740646e-06 	 0.0005894947473082113
2	9	1	1000	1.0 	 1.54554121427735e-05 	 0.000229593170486798 	 2 	 4.734897568751124e-07 	 5.894947473095158e-05
2	9	1	10000	1.0 	 1.54539035030246e-06 	 2.295640939225909e-05 	 2 	 4.734897568648574e-08 	 5.894947472967482e-06
2	10	1	100	1.0 	 0.0001097838608258971 	 0.0017363339731421032 	 2 	 9.368778705068401e-06 	 0.0011664129487810176
2	10	1	1000	1.0 	 1.093820474752483e-05 	 0.00017363296510550737 	 2 	 9.368778705086793e-07 	 0.00011664129487833075
2	10	1	10000	1.0 	 1.093421022364965e-06 	 1.7363292187203814e-05 	 2 	 9.368778705275176e-08 	 1.166412948806761e-05
3	1	1	100	1.0 	 0.00037864512429428346 	 0.0034707532779187293 	 3 	 1.0632218757689192e-05 	 0.0013130790165746115
3	1	1	1000	1.0 	 3.777239620250564e-05 	 0.0003472087047989697 	 3 	 1.0632218757660537e-06 	 0.00013130790165710726
3	1	1	10000	1.0 	 3.776324936617249e-06 	 3.472220481405979e-05 	 3 	 1.0632218757424558e-07 	 1.3130790165419293e-05
3	2	1	100	1.0 	 0.0012867575762625604 	 0.03363256641426598 	 3 	 0.0002105801388826882 	 0.026006647152012063
3	2	1	1000	1.0 	 0.0001342367485790611 	 0.0035331428890665747 	 3 	 2.1058013888265674e-05 	 0.002600664715200818
3	2	1	10000	1.0 	 1.348487954447044e-05 	 0.0003551351251327019 	 3 	 2.1058013888232633e-06 	 0.0002600664715196738
3	3	1	100	1.0 	 0.00013273425524239327 	 0.0016540802423914795 	 3 	 1.6256906466029057e-05 	 0.00200772794855459
3	3	1	1000	1.0 	 1.3362388696199388e-05 	 0.00016530187792047497 	 3 	 1.6256906490716518e-06 	 0.00020077279516034913
3	3	1	10000	1.0 	 1.3371610706814036e-06 	 1.6529127062955715e-05 	 3 	 1.6256906737269744e-07 	 2.0077279820528145e-05
3	4	1	100	0.5 	 0.01978930212612023 	 0.006211291040459027 	 3 	 0.00013539242051987852 	 0.02001369462178347
3	4	1	1000	1.0 	 9.780731768775237e-05 	 0.0005331311635330204 	 3 	 3.494477258967597e-05 	 0.004315679414825
3	4	1	10000	1.0 	 7.874827815870305e-06 	 5.362214873967095e-05 	 3 	 3.49447174430972e-06 	 0.00043156726042225223
3	5	1	100	1.0 	 0.00019528407176067742 	 0.003313977890996653 	 3 	 1.7152405696518658e-05 	 0.0021183221035200595
3	5	1	1000	1.0 	 1.9534533661973447e-05 	 0.0003321136168704702 	 3 	 1.7152405696518882e-06 	 0.00021183221035200872
3	5	1	10000	1.0 	 1.9535200354893893e-06 	 3.321856746852725e-05 	 3 	 1.7152405696426738e-07 	 2.1183221035087074e-05
3	6	1	100	1.0 	 0.00036911548910564996 	 0.012004360213426775 	 3 	 0.00022019825824818034 	 0.02719448489365034
3	6	1	1000	1.0 	 3.687051275775228e-05 	 0.0012132833973676409 	 3 	 2.2019825799982077e-05 	 0.002719448486297793
3	6	1	10000	1.0 	 3.6874618876240945e-06 	 0.00012146277210137499 	 3 	 2.201982554676987e-06 	 0.00027194484550260856
3	7	1	100	1.0 	 0.0007034848406700705 	 0.005494098431208982 	 3 	 2.7485665163256294e-05 	 0.003394479647662124
3	7	1	1000	1.0 	 7.152156910477494e-05 	 0.0005587473709842808 	 3 	 2.7485665163260115e-06 	 0.0003394479647662596
3	7	1	10000	1.0 	 7.164138165774568e-06 	 5.5970098143601835e-05 	 3 	 2.748566516365566e-07 	 3.394479647711446e-05
3	8	1	100	1.0 	 7.526684391444566e-05 	 0.002042002030390425 	 3 	 1.85101388383196e-05 	 0.002286002146532462
3	8	1	1000	1.0 	 7.534745549635626e-06 	 0.0002043063718994808 	 3 	 1.8510138838329938e-06 	 0.00022860021465337388
3	8	1	10000	1.0 	 7.535574840486366e-07 	 2.0431722076382127e-05 	 3 	 1.8510138838311958e-07 	 2.2860021465315183e-05
3	9	1	100	1.0 	 0.00040655843111407126 	 0.0039277538645168 	 3 	 1.2824097870836474e-05 	 0.0015837760870482942
3	9	1	1000	1.0 	 4.079206575140387e-05 	 0.0003942438050667966 	 3 	 1.2824097870832655e-06 	 0.00015837760870478224
3	9	1	10000	1.0 	 4.0805811138047405e-06 	 3.943917882099716e-05 	 3 	 1.28240978711619e-07 	 1.5837760870884843e-05
3	10	1	100	0.5 	 0.0005842890731441085 	 0.005183539937283756 	 3 	 2.3658655597249702e-05 	 0.11409490531610292
3	10	1	1000	1.0 	 3.475226378998864e-05 	 0.0004643786291019249 	 3 	 2.4731616613654405e-06 	 0.0003054354651786315
3	10	1	10000	1.0 	 3.4737312382630316e-06 	 4.644598665566279e-05 	 3 	 2.4731616613741493e-07 	 3.05435465179707e-05
2	1	2	100	1.0 	 7.819264712314801e-05 	 0.002066345501364042 	 2 	 8.932398065397104e-06 	 0.001112083559141941
2	1	2	1000	1.0 	 7.83106576723848e-06 	 0.00020684631424405073 	 2 	 8.932398065398886e-07 	 0.0001112083559142163
2	1	2	10000	1.0 	 7.832248090495005e-07 	 2.0686753867984224e-05 	 2 	 8.932398065452392e-08 	 1.1120835591488245e-05
2	2	2	100	1.0 	 0.0020232631147094815 	 0.01945586227443105 	 2 	 4.8156071983190456e-05 	 0.00599543096190722
2	2	2	1000	1.0 	 0.00022142117830715834 	 0.0021179818701139827 	 2 	 4.815607198341849e-06 	 0.000599543096193561
2	2	2	10000	1.0 	 2.2353247508874345e-05 	 0.00021370482699600542 	 2 	 4.815607198590368e-07 	 5.995430962245016e-05
2	3	2	100	1.0 	 0.0001138839020311173 	 0.0025162612915887255 	 2 	 1.1704430953458912e-05 	 0.0014572016537056365
2	3	2	1000	1.0 	 1.1391710570690114e-05 	 0.0002519493099346392 	 2 	 1.1704430953548308e-06 	 0.00014572016537167665
2	3	2	10000	1.0 	 1.1392051607473896e-06 	 2.5198167371077065e-05 	 2 	 1.1704430954493558e-07 	 1.4572016538344503e-05
2	4	2	100	1.0 	 6.196055755788138e-05 	 0.0032114325846546634 	 2 	 5.2274678819300644e-05 	 0.006508197513002939
2	4	2	1000	1.0 	 6.252824204638226e-06 	 0.0003231910706862808 	 2 	 5.227449402554538e-06 	 0.0006508174506180409
2	4	2	10000	1.0 	 6.25851874186211e-07 	 3.233966867860396e-05 	 2 	 5.227264283863301e-07 	 6.507944033409818e-05
2	5	2	100	1.0 	 0.00013772577462818497 	 0.0023757086944749487 	 2 	 2.0404731664715258e-05 	 0.0025403890922570532
2	5	2	1000	1.0 	 1.362335638897334e-05 	 0.00023783479265566832 	 2 	 2.0404731664710914e-06 	 0.0002540389092256512
2	5	2	10000	1.0 	 1.3608620917355498e-06 	 2.378612248011925e-05 	 2 	 2.040473166482238e-07 	 2.5403890922703898e-05
2	6	2	100	1.0 	 0.0002920059571656925 	 0.006534068583626615 	 2 	 2.120187455239269e-05 	 0.0026396333817728934
2	6	2	1000	1.0 	 2.9369627586978045e-05 	 0.0006576639616743359 	 2 	 2.1201874552400046e-06 	 0.00026396333817738094
2	6	2	10000	1.0 	 2.9386724827058802e-06 	 6.580936519156992e-05 	 2 	 2.120187455242011e-07 	 2.6396333817763074e-05
2	7	2	100	1.0 	 0.00025313730145666493 	 0.006582539749012912 	 2 	 1.2144139864544927e-07 	 1.5119454131358456e-05
2	7	2	1000	1.0 	 2.5316438248456886e-05 	 0.0006621730515899894 	 2 	 1.2144139860448473e-08 	 1.511945412625837e-06
2	7	2	10000	1.0 	 2.5316709106114205e-06 	 6.625675274396469e-05 	 2 	 1.2144139864851466e-09 	 1.5119454131740095e-07
2	8	2	100	1.0 	 0.00014380707131709657 	 0.004645617256608872 	 2 	 3.173817047542783e-05 	 0.00395140222419077
2	8	2	1000	1.0 	 1.4293874329355163e-05 	 0.0004653576439822958 	 2 	 3.173817047542961e-06 	 0.0003951402224190992
2	8	2	10000	1.0 	 1.4285264311012147e-06 	 4.65437385838268e-05 	 2 	 3.173817047550541e-07 	 3.951402224200429e-05
2	9	2	100	1.0 	 0.0006707201289743458 	 0.002415889854993467 	 2 	 1.2526473168160288e-05 	 0.0015595459094359578
2	9	2	1000	1.0 	 6.266877670104538e-05 	 0.00024162106203532257 	 2 	 1.252647316814567e-06 	 0.00015595459094341384
2	9	2	10000	1.0 	 6.22620916000525e-06 	 2.4162431190105387e-05 	 2 	 1.252647316822746e-07 	 1.559545909444321e-05
2	10	2	100	0.3333333333333333 	 0.001945622105189127 	 0.0033820824111888874 	 2 	 2.0411180048692425e-05 	 0.026199554879935406
2	10	2	1000	1.0 	 5.625037369789783e-05 	 0.0002603437838101573 	 2 	 1.89199571487526e-06 	 0.0002355534665019702
2	10	2	10000	1.0 	 5.581159771897322e-06 	 2.60348351292549e-05 	 2 	 1.891995714883829e-07 	 2.3555346650303705e-05
3	1	2	100	1.0 	 0.0004720738955771148 	 0.003616624471032567 	 3 	 6.574026158272817e-06 	 0.0008118922305466875
3	1	2	1000	1.0 	 4.73565951671892e-05 	 0.0003622811528428718 	 3 	 6.574026158286188e-07 	 8.118922305483389e-05
3	1	2	10000	1.0 	 4.737159036741544e-06 	 3.623435712529846e-05 	 3 	 6.574026158409796e-08 	 8.118922305636045e-06
3	2	2	100	1.0 	 0.002998174809665789 	 0.006655538882576107 	 3 	 3.916753276170052e-05 	 0.004837190296070035
3	2	2	1000	1.0 	 0.0003361132181439189 	 0.0007305559350911065 	 3 	 3.916753276153418e-06 	 0.0004837190296049492
3	2	2	10000	1.0 	 3.4024555603230536e-05 	 7.379535567936534e-05 	 3 	 3.9167532760465115e-07 	 4.837190295917462e-05
3	3	2	100	1.0 	 0.00024150585929859058 	 0.004357330585627421 	 3 	 3.52523229468672e-05 	 0.004353661883938084
3	3	2	1000	1.0 	 2.409821015581515e-05 	 0.00043662943125460463 	 3 	 3.5252323009192404e-06 	 0.00043536618916352465
3	3	2	10000	1.0 	 2.409319939024453e-06 	 4.36719274505144e-05 	 3 	 3.525232363251858e-07 	 4.3536619686160294e-05
3	4	2	100	1.0 	 5.023280147507617e-05 	 0.0020584239827561366 	 3 	 0.00012055093740749061 	 0.014888040769825153
3	4	2	1000	1.0 	 4.880444457420202e-06 	 0.00020877002647197126 	 3 	 1.2055105099722976e-05 	 0.001488805479815794
3	4	2	10000	1.0 	 4.866747173070738e-07 	 2.0908359756491616e-05 	 3 	 1.2055218214481313e-06 	 0.00014888194494884488
3	5	2	100	1.0 	 0.000244737570078352 	 0.001960603418484867 	 3 	 1.259807493258243e-05 	 0.001555862254173937
3	5	2	1000	1.0 	 2.4389424221716325e-05 	 0.00019642680854109904 	 3 	 1.2598074932587937e-06 	 0.0001555862254174617
3	5	2	10000	1.0 	 2.4381143242041827e-06 	 1.9646369552455455e-05 	 3 	 1.2598074932593556e-07 	 1.555862254175311e-05
3	6	2	100	1.0 	 0.0010162380267014436 	 0.0240032941050789 	 3 	 0.0003304138270956644 	 0.04080610764631474
3	6	2	1000	1.0 	 0.00010393332094565884 	 0.0025138457251545846 	 3 	 3.304138268478314e-05 	 0.0040806107615707354
3	6	2	10000	1.0 	 1.0420823185587948e-05 	 0.0002526163586350064 	 3 	 3.3041382431994574e-06 	 0.0004080610730351347
3	7	2	100	1.0 	 0.0003001621692190229 	 0.005190132916340209 	 3 	 4.40418951839242e-05 	 0.005439174055214588
3	7	2	1000	1.0 	 2.791439636613245e-05 	 0.0005188432529920621 	 3 	 4.40418951837834e-06 	 0.0005439174055197199
3	7	2	10000	1.0 	 2.7723706330438407e-06 	 5.1882760947638176e-05 	 3 	 4.4041895183448535e-07 	 5.439174055155843e-05
3	8	2	100	1.0 	 0.00011535655059461937 	 0.0031068244647990137 	 3 	 2.156117133048919e-05 	 0.0026628046593154264
3	8	2	1000	1.0 	 1.1478841303874449e-05 	 0.00031137593267425284 	 3 	 2.156117133049661e-06 	 0.00026628046593163424
3	8	2	10000	1.0 	 1.1473207707346378e-06 	 3.114454516091978e-05 	 3 	 2.1561171330505595e-07 	 2.6628046593174526e-05
3	9	2	100	0.5 	 0.03327870323694176 	 0.008143338174269007 	 3 	 5.378089810286237e-05 	 0.010291594313013769
3	9	2	1000	1.0 	 0.00042197773156559443 	 0.0002847999770629427 	 3 	 1.1657875484244606e-06 	 0.0001439747622304201
3	9	2	10000	1.0 	 4.1835456147393635e-05 	 2.8479654889134817e-05 	 3 	 1.1657875484182169e-07 	 1.4397476222964903e-05
3	10	2	100	0.5 	 0.004661614902357039 	 0.004423852924396923 	 3 	 1.7678342861778915e-05 	 0.01673868405905249
3	10	2	1000	1.0 	 0.0001156586651160475 	 0.00036010213867339823 	 3 	 1.9529468456152394e-06 	 0.0002411889354334831
3	10	2	10000	1.0 	 1.149628705115775e-05 	 3.601581035203596e-05 	 3 	 1.952946845624826e-07 	 2.4118893543466705e-05
