2	1	0	0	1.0 	 2.2393843100446876e-18 	 3.4801128358782245e-17 	 2 	 2.2293635032633326e-19 	 2.7755575615628914e-17
2	2	0	0	0.3333333333333333 	 0.017601820358937332 	 0.248585319410291 	 2 	 0.0004508190048312653 	 0.056126966101492606
2	3	0	0	0.0 	 0.0011251503995288019 	 0.25465858009710163 	 2 	 0.0014821124445992284 	 1.0
2	4	0	0	0.0 	 0.004351668775529484 	 0.02586947522404328 	 2 	 0.0029026941813428448 	 1.0
2	5	0	0	0.3333333333333333 	 0.012613938896862813 	 0.17782662353749243 	 2 	 0.0016318003594537405 	 1.0000036510872532
2	6	0	0	0.3333333333333333 	 0.0018917017837679715 	 0.022187082985815076 	 2 	 2.5178579063380296e-05 	 0.27417406641619496
2	7	0	0	0.3333333333333333 	 0.02212676960377211 	 0.2844178308431046 	 2 	 0.000715835787141892 	 0.08912155549916567
2	8	0	0	0.3333333333333333 	 0.0015540227043323732 	 0.018932608960325448 	 2 	 2.1921274268376323e-05 	 0.528547006928079
2	9	0	0	0.3333333333333333 	 0.01510365259692314 	 0.1067920589578701 	 2 	 0.0036049501404949837 	 0.5309315273595474
2	10	0	0	0.3333333333333333 	 0.017514169370332223 	 0.045799867937909404 	 2 	 0.0036636969908697033 	 0.4823298302432142
3	1	0	0	0.0 	 0.026968069159266354 	 0.4670695146959734 	 3 	 0.001987046162191285 	 1.0
3	2	0	0	0.5 	 0.019358093214466077 	 0.6523837877725973 	 3 	 0.0036974225888131416 	 0.5689976616512687
3	3	0	0	0.2 	 0.007261575246993847 	 0.09973092594125166 	 3 	 0.0007213227605432581 	 0.8900759565545784
3	4	0	0	0.0 	 0.0010707921617120445 	 0.12862462979102543 	 3 	 0.00178171522792006 	 1.0
3	5	0	0	0.5 	 0.014112017338486644 	 0.18875493185992062 	 3 	 0.002054488384947889 	 0.6689659627362318
3	6	0	0	0.5 	 0.001964366266950663 	 0.017068017952731458 	 3 	 5.274027066431997e-05 	 0.1687659145963237
3	7	0	0	0.5 	 0.017400478020613654 	 0.06940556569283897 	 3 	 0.00047726213098493134 	 0.05894187317663886
3	8	0	0	0.0 	 0.008174624983144628 	 0.2639823735976887 	 3 	 0.0016630213857697276 	 1.0
3	9	0	0	0.2 	 0.020344568212323052 	 0.0339064961463275 	 3 	 7.806892744327926e-05 	 0.5059167296592251
3	10	0	0	0.2 	 0.019453938316571953 	 0.03944268119242407 	 3 	 0.00011786711597195376 	 0.5555599140385032
5	1	0	0	0.25 	 0.03729720941736718 	 0.47037767227256366 	 5 	 0.0028933292146166778 	 0.8076523950513744
5	2	0	0	0.1111111111111111 	 0.01800937561647029 	 0.3048203596867706 	 5 	 0.001966839684668094 	 0.9999819864201436
5	3	0	0	0.0 	 0.030594153937052837 	 0.21510432739989582 	 5 	 0.002233902036068799 	 1.0
5	4	0	0	0.0 	 0.005943223111565205 	 0.08384027832937598 	 5 	 0.0011550145445373453 	 1.0
5	5	0	0	0.1111111111111111 	 0.036587596785120996 	 0.28935754971674105 	 5 	 0.0024066460581690947 	 0.6605866615762263
5	6	0	0	0.25 	 0.06951901419778712 	 0.28484806103315635 	 5 	 0.0008002369617517485 	 0.43211683963191877
5	7	0	0	0.25 	 0.01690530003347727 	 0.37048198027751045 	 5 	 0.00241509148810745 	 0.7336818434721185
5	8	0	0	0.1111111111111111 	 0.032643306384090784 	 0.3782310802225619 	 5 	 0.0020171669096900632 	 0.9330229743012823
5	9	0	0	0.1111111111111111 	 0.044523304463625166 	 0.2394074036282291 	 5 	 0.0018276353809382783 	 0.7236132746515925
5	10	0	0	0.25 	 0.013976319104316565 	 0.1973248025404954 	 5 	 0.0007798227065719683 	 0.4828231089234072
7	1	0	0	0.07692307692307693 	 0.04415562208213282 	 0.29944281588330707 	 7 	 0.0027956511510716766 	 0.8260688290789023
7	2	0	0	0.16666666666666666 	 0.027644741314631297 	 0.42990442488671016 	 7 	 0.0036097470441943595 	 0.9148098593312726
7	3	0	0	0.16666666666666666 	 0.03342192448343488 	 0.1972014941491748 	 7 	 0.0018929266250041113 	 0.6303511112079093
7	4	0	0	0.07692307692307693 	 0.02962354133227213 	 0.2000742951082736 	 7 	 0.002397564577087895 	 0.8110405627517309
7	5	0	0	0.16666666666666666 	 0.04023800261763665 	 0.22184461904924893 	 7 	 0.0018999679441159896 	 0.5875440965858248
7	6	0	0	0.2727272727272727 	 0.06389443937330015 	 0.2887232132663385 	 7 	 0.0013607764022175843 	 0.44345964969285817
7	7	0	0	0.16666666666666666 	 0.016769431124208475 	 0.2071259937047527 	 7 	 0.0014498225538236522 	 0.727278427316895
7	8	0	0	0.07692307692307693 	 0.04838755587102722 	 0.23289513755619073 	 7 	 0.0010506759647564905 	 0.9405792436468033
7	9	0	0	0.16666666666666666 	 0.05807263007702547 	 0.2470439554754963 	 7 	 0.0014760899692307684 	 0.6251626412982566
7	10	0	0	0.16666666666666666 	 0.04053083714002923 	 0.22353911981355332 	 7 	 0.0018536377628398536 	 0.8407410848841982
10	1	0	0	0.25 	 0.06708699034479393 	 0.24849065181491847 	 10 	 0.0010529887723011923 	 0.6155918945915215
10	2	0	0	0.1111111111111111 	 0.06538329110425803 	 0.30716600102691627 	 10 	 0.004134515137022395 	 0.8191106557310666
10	3	0	0	0.17647058823529413 	 0.023227526481187945 	 0.2671036514158357 	 10 	 0.0023237794317985 	 0.781417346158079
10	4	0	0	0.1111111111111111 	 0.03083339170509183 	 0.23238761334667815 	 10 	 0.0018305932453772224 	 0.8650631977168051
10	5	0	0	0.25 	 0.06345615542620144 	 0.2805333305367149 	 10 	 0.003034244720189388 	 0.4016851862958936
10	6	0	0	0.25 	 0.05271196603149459 	 0.22595943191623066 	 10 	 0.0014111120809013173 	 0.4684511484382086
10	7	0	0	0.1111111111111111 	 0.04604830258353118 	 0.32834172843046033 	 10 	 0.0024482613517298494 	 0.9100898189068047
10	8	0	0	0.1111111111111111 	 0.07030637889670366 	 0.2886772492542423 	 10 	 0.0028344024048823175 	 0.7177114989166951
10	9	0	0	0.17647058823529413 	 0.0638153148463913 	 0.33896158006628585 	 10 	 0.0031455469228603263 	 0.6789800788308912
10	10	0	0	0.25 	 0.05465802575631688 	 0.19017430829294585 	 10 	 0.0018684645710842895 	 0.5445986787061297
2	1	1	100	0.3333333333333333 	 0.005220446235191584 	 0.42847908172165533 	 2 	 0.0038594818033861914 	 0.4805054845215815
2	1	1	1000	0.3333333333333333 	 0.005062922533650934 	 0.4272713750166418 	 2 	 0.0038594818033861914 	 0.4805054845215815
2	1	1	10000	0.3333333333333333 	 0.005091887296671847 	 0.42714863622740784 	 2 	 0.0038594818033861914 	 0.4805054845215815
2	2	1	100	0.3333333333333333 	 0.0033398150631691044 	 0.5399282224140464 	 2 	 0.0032816895857521117 	 0.40857035342613846
2	2	1	1000	0.3333333333333333 	 0.0033376688947519685 	 0.5397934264409919 	 2 	 0.0032816895857521117 	 0.40857035342613846
2	2	1	10000	0.3333333333333333 	 0.0033440347530019764 	 0.5397716866234739 	 2 	 0.0032816895857521117 	 0.40857035342613846
2	3	1	100	0.0 	 0.019842472255170482 	 0.0961634269678941 	 2 	 0.0009210420445148069 	 1.0
2	3	1	1000	0.0 	 0.020053537909893088 	 0.0961634269678941 	 2 	 0.0009210420445148069 	 1.0
2	3	1	10000	0.0 	 0.020014557587459392 	 0.0961634269678941 	 2 	 0.0009210420445148069 	 1.0
2	4	1	100	0.0 	 0.0032532812327867697 	 0.021737887092016947 	 2 	 0.0003690113617167587 	 1.0
2	4	1	1000	0.0 	 0.005796387852927474 	 0.022650891420775005 	 2 	 0.0003690113617167587 	 1.0
2	4	1	10000	0.0 	 0.005815612333748778 	 0.022907085362558588 	 2 	 0.0003690113617167587 	 1.0
2	5	1	100	0.0 	 0.009448425150096834 	 0.49113840990625995 	 2 	 0.0038438765428362998 	 1.0
2	5	1	1000	0.0 	 0.008145517282675404 	 0.49113840990625995 	 2 	 0.0038438765428362998 	 1.0
2	5	1	10000	0.0 	 0.008176383689828915 	 0.49113840990625995 	 2 	 0.0038438765428362998 	 1.0
2	6	1	100	0.3333333333333333 	 0.0021346807247182194 	 0.0397306484560246 	 2 	 6.504895605084722e-05 	 0.5476574810016723
2	6	1	1000	0.3333333333333333 	 0.0019869164242969635 	 0.03658808591788043 	 2 	 5.1615667215065315e-05 	 0.5459850365416173
2	6	1	10000	0.3333333333333333 	 0.0019721998469614107 	 0.03627296368273916 	 2 	 5.0272338331487056e-05 	 0.5458177920956119
2	7	1	100	0.3333333333333333 	 0.013596874264317205 	 0.22968850281344838 	 2 	 0.00202884174051443 	 0.25259079669404694
2	7	1	1000	0.3333333333333333 	 0.013649519601671104 	 0.22982880880915665 	 2 	 0.00202884174051443 	 0.25259079669404694
2	7	1	10000	0.3333333333333333 	 0.01339482176296835 	 0.22981802721044747 	 2 	 0.00202884174051443 	 0.25259079669404694
2	8	1	100	0.3333333333333333 	 0.00436827561346104 	 0.15269390957584777 	 2 	 0.0005413223804144335 	 0.5429309614134671
2	8	1	1000	0.3333333333333333 	 0.0043866684406580325 	 0.15266642101218772 	 2 	 0.0005434916063814522 	 0.5426608927805732
2	8	1	10000	0.3333333333333333 	 0.004388508730328903 	 0.1526636728932632 	 2 	 0.0005437085289781555 	 0.5426338859172837
2	9	1	100	1.0 	 0.0049778643103211 	 0.1355845307754858 	 2 	 0.0007789996475358336 	 0.09698545611821141
2	9	1	1000	1.0 	 0.005104509945645631 	 0.13769001582959473 	 2 	 0.0007882020252395257 	 0.0981311521423211
2	9	1	10000	1.0 	 0.005117163761345065 	 0.137900486617655 	 2 	 0.000789122263009899 	 0.09824572174473256
2	10	1	100	0.0 	 0.021134599004800487 	 0.2112972133325986 	 2 	 0.0017237958937815084 	 1.0
2	10	1	1000	0.0 	 0.021166469659746293 	 0.2112972125401556 	 2 	 0.0017237956098516106 	 1.0
2	10	1	10000	0.0 	 0.02116975124444346 	 0.21129721173450364 	 2 	 0.0017237955116589832 	 1.0
3	1	1	100	0.0 	 0.025672466638317782 	 0.36465052296117545 	 3 	 0.0012289322507406254 	 1.0
3	1	1	1000	0.0 	 0.025672466638317782 	 0.3649159547380454 	 3 	 0.001253201486690448 	 1.0
3	1	1	10000	0.0 	 0.025672466638317782 	 0.36494253159823836 	 3 	 0.0012556284103125508 	 1.0
3	2	1	100	1.0 	 0.001286757576262591 	 0.033632566414266526 	 3 	 0.00021058013888269075 	 0.026006647152012383
3	2	1	1000	1.0 	 0.00013423674857905357 	 0.003533142889066504 	 3 	 2.1058013888265108e-05 	 0.0026006647152007484
3	2	1	10000	1.0 	 1.348487954447435e-05 	 0.0003551351251328269 	 3 	 2.105801388823488e-06 	 0.0002600664715197016
3	3	1	100	0.2 	 0.011177677653938973 	 0.2595274659501277 	 3 	 0.001099719778905136 	 0.6437388534633698
3	3	1	1000	0.0 	 0.013644300492340855 	 0.2690300410326402 	 3 	 0.0011379625746082821 	 1.0
3	3	1	10000	0.0 	 0.01367370559578276 	 0.26891119059428514 	 3 	 0.0011351196365511395 	 1.0
3	4	1	100	0.0 	 0.006105351831547037 	 0.21447026572788627 	 3 	 0.0014941167496592732 	 1.0
3	4	1	1000	0.0 	 0.006404958166380479 	 0.21482493212543505 	 3 	 0.001498871460707576 	 1.0
3	4	1	10000	0.0 	 0.005879680248281058 	 0.21486040007170315 	 3 	 0.0014993469318124075 	 1.0
3	5	1	100	0.2 	 0.008880997495937588 	 0.260962502076271 	 3 	 0.0024476242405049083 	 1.0
3	5	1	1000	0.2 	 0.009224082773514723 	 0.26569699073389424 	 3 	 0.002447624240504908 	 1.0
3	5	1	10000	0.2 	 0.009260302392252511 	 0.26616728616813945 	 3 	 0.002447624240504908 	 1.0
3	6	1	100	0.2 	 0.01442358737244105 	 0.2321664630324212 	 3 	 0.002396858371886651 	 0.6758549851294191
3	6	1	1000	0.2 	 0.012120589658662147 	 0.11368557687096555 	 3 	 0.002350103101368433 	 0.6758549851294191
3	6	1	10000	0.2 	 0.012693245092733903 	 0.11366462427894691 	 3 	 0.002350014850366755 	 0.6758549851294191
3	7	1	100	0.5 	 0.009542141778570934 	 0.3351169678237319 	 3 	 0.0038805738953067957 	 0.47925087607038924
3	7	1	1000	0.5 	 0.010452811588205132 	 0.30510122946653684 	 3 	 0.0036007001105958624 	 0.4446864636585888
3	7	1	10000	0.5 	 0.006249388463141658 	 0.29123094431084123 	 3 	 0.003467236091629254 	 0.4282036573162126
3	8	1	100	0.0 	 0.012694730250082697 	 0.1396851958643277 	 3 	 0.00061780807160823 	 1.0
3	8	1	1000	0.0 	 0.012694730250082697 	 0.1414300328066708 	 3 	 0.0006645896153358436 	 1.0
3	8	1	10000	0.0 	 0.012694730250082697 	 0.14160412731516997 	 3 	 0.0006692677697085717 	 1.0
3	9	1	100	0.2 	 0.015434684532170869 	 0.23248959590599358 	 3 	 0.0012111121293149152 	 0.9174278612165017
3	9	1	1000	0.2 	 0.015434684532170869 	 0.23213212847435405 	 3 	 0.0012129889682019812 	 0.9191980457084907
3	9	1	10000	0.2 	 0.015434684532170869 	 0.23209653441460865 	 3 	 0.0012131858596662716 	 0.9193773266868736
3	10	1	100	0.2 	 0.020734113013873463 	 0.20436054341820978 	 3 	 0.0016629635770662517 	 0.6580981452285612
3	10	1	1000	0.2 	 0.020734113013873463 	 0.2003304200437382 	 3 	 0.0017059204624152867 	 0.6605688765104611
3	10	1	10000	0.2 	 0.020734113013873463 	 0.19992769473457062 	 3 	 0.0017102161509501867 	 0.6607038386468032
5	1	1	100	0.1111111111111111 	 0.030670082429542337 	 0.2699014821772578 	 5 	 0.0013868843733674154 	 0.7309928625571096
5	1	1	1000	0.1111111111111111 	 0.03288764900055903 	 0.28735007509175176 	 5 	 0.0009616631968289637 	 0.7593986693776136
5	1	1	10000	0.1111111111111111 	 0.033169872155031595 	 0.29009398629578415 	 5 	 0.0009238298858988557 	 0.7652188727816408
5	2	1	100	0.42857142857142855 	 0.027866977861649628 	 0.583992486152552 	 5 	 0.004557418872377597 	 0.8926374315877819
5	2	1	1000	0.42857142857142855 	 0.02888929746464757 	 0.48996298358067825 	 5 	 0.003914746598495019 	 0.8145527503110486
5	2	1	10000	0.25 	 0.03349944501437077 	 0.49169162375077774 	 5 	 0.003889807276303364 	 0.8462787434704834
5	3	1	100	0.1111111111111111 	 0.04179070491553289 	 0.19495072372745698 	 5 	 0.0013707579811337866 	 0.7385643554830325
5	3	1	1000	0.1111111111111111 	 0.020081833031194273 	 0.10258904100392133 	 5 	 0.0012348594078287322 	 0.7025979799879817
5	3	1	10000	0.1111111111111111 	 0.04175256036496442 	 0.1918545465813354 	 5 	 0.001515987850639318 	 0.75514712824717
5	4	1	100	0.0 	 0.026472509909037822 	 0.19635669971658182 	 5 	 0.001639508431563656 	 1.0
5	4	1	1000	0.0 	 0.026587322958588445 	 0.19854167019352273 	 5 	 0.001726888561357348 	 1.0
5	4	1	10000	0.0 	 0.02658172407882561 	 0.19873027978733615 	 5 	 0.0017358546172152984 	 1.0
5	5	1	100	0.1111111111111111 	 0.02519668956926396 	 0.2861566148429327 	 5 	 0.0019322122704630755 	 0.7949041336319396
5	5	1	1000	0.1111111111111111 	 0.024721057053286144 	 0.28801909102586065 	 5 	 0.002025611764133343 	 0.7949041336319396
5	5	1	10000	0.1111111111111111 	 0.029576178425984128 	 0.3075903809479166 	 5 	 0.001934272338287044 	 0.7949041336319396
5	6	1	100	0.1111111111111111 	 0.020414494463990424 	 0.3046787483539402 	 5 	 0.0036021851493164567 	 0.7937571747537422
5	6	1	1000	0.1111111111111111 	 0.04150749366911555 	 0.32916026224326767 	 5 	 0.004129635626545902 	 0.7937571747537422
5	6	1	10000	0.1111111111111111 	 0.03507240736109042 	 0.32947677007486353 	 5 	 0.004129635626545903 	 0.7937571747537422
5	7	1	100	0.25 	 0.030742835269876836 	 0.2991449956727614 	 5 	 0.000699372972828125 	 0.5529967293287182
5	7	1	1000	0.25 	 0.02755282658683418 	 0.28083942605581325 	 5 	 0.0021883604452548047 	 0.5846395216713302
5	7	1	10000	0.25 	 0.02753812813019338 	 0.2809474459376828 	 5 	 0.0021882323506775938 	 0.5848878822775326
5	8	1	100	0.1111111111111111 	 0.047942080132204336 	 0.26271551300066187 	 5 	 0.0006417664318336041 	 0.7884188388737675
5	8	1	1000	0.1111111111111111 	 0.04742996246684807 	 0.2600550467249158 	 5 	 0.0006253353879257102 	 0.7822936925727506
5	8	1	10000	0.1111111111111111 	 0.04693047326857436 	 0.25843165495875253 	 5 	 0.0006379272966136794 	 0.7717693824571072
5	9	1	100	0.25 	 0.02666570980055507 	 0.2980254139117593 	 5 	 0.001759057809202684 	 0.6826038134643581
5	9	1	1000	0.25 	 0.02241134970067709 	 0.32165345008951707 	 5 	 0.0021892953617495795 	 0.6337532465776647
5	9	1	10000	0.25 	 0.024731780782691445 	 0.32181814523018587 	 5 	 0.002189153832026615 	 0.6337360507163244
5	10	1	100	0.42857142857142855 	 0.01098989550550531 	 0.2027053346953992 	 5 	 0.001686710088426426 	 0.5305738650208023
5	10	1	1000	0.42857142857142855 	 0.011413427691616504 	 0.20258880664186285 	 5 	 0.0016189056331416022 	 0.5237624643464611
5	10	1	10000	0.42857142857142855 	 0.011456790076231512 	 0.20257521803158146 	 5 	 0.0016121251876165979 	 0.5230813242794266
7	1	1	100	0.2727272727272727 	 0.04211618567805798 	 0.21857825465856942 	 7 	 0.0013598377591154329 	 0.6466599534766989
7	1	1	1000	0.2727272727272727 	 0.04075454982511962 	 0.20779709104900046 	 7 	 0.0013126707448721168 	 0.6466599534766988
7	1	1	10000	0.07692307692307693 	 0.05662773556896442 	 0.26192355117950444 	 7 	 0.0018194532683762 	 0.8000731617542934
7	2	1	100	0.16666666666666666 	 0.04169582572307801 	 0.34922284704796963 	 7 	 0.00312573965318903 	 0.6309243958800519
7	2	1	1000	0.16666666666666666 	 0.041541273905184625 	 0.346899234026548 	 7 	 0.003004250166467252 	 0.6309248436620501
7	2	1	10000	0.16666666666666666 	 0.04082510078698487 	 0.34720258318088887 	 7 	 0.0030349788869326404 	 0.6309246282490785
7	3	1	100	0.4 	 0.039238070518569874 	 0.22302456625047692 	 7 	 0.002131082361941385 	 0.4719077488691319
7	3	1	1000	0.2727272727272727 	 0.056582284547840166 	 0.26440254093005017 	 7 	 0.002498270177601832 	 0.6395561941121619
7	3	1	10000	0.2727272727272727 	 0.05894573186529656 	 0.2649251561715071 	 7 	 0.002508694696728468 	 0.6406497488274997
7	4	1	100	0.07692307692307693 	 0.04926046621515001 	 0.2604241202949428 	 7 	 0.001705660849278434 	 0.840449504001968
7	4	1	1000	0.07692307692307693 	 0.051349303065858706 	 0.2583321162177458 	 7 	 0.001900320184442775 	 0.8404495040019682
7	4	1	10000	0.07692307692307693 	 0.05146646172673253 	 0.25668133936370113 	 7 	 0.0018856211443010742 	 0.8404495040019679
7	5	1	100	0.16666666666666666 	 0.0432697414745531 	 0.35350794450390005 	 7 	 0.0025280245420534523 	 0.7905326173148312
7	5	1	1000	0.2727272727272727 	 0.045595505084281944 	 0.3666289384094993 	 7 	 0.004025830681092989 	 0.8691557119250041
7	5	1	10000	0.2727272727272727 	 0.04550362954053523 	 0.36604236627524195 	 7 	 0.004026706944239947 	 0.8701200775108803
7	6	1	100	0.16666666666666666 	 0.034739389239501484 	 0.21949648131196647 	 7 	 0.002415092374401687 	 0.7726194969099545
7	6	1	1000	0.0 	 0.03245976322691018 	 0.22284968424490875 	 7 	 0.0022100217704358965 	 1.0
7	6	1	10000	0.0 	 0.03136373669905372 	 0.2228363108552532 	 7 	 0.0022068495861343822 	 1.0
7	7	1	100	0.16666666666666666 	 0.034525379307671016 	 0.22608184809757856 	 7 	 0.000984441944187394 	 0.5257499662130003
7	7	1	1000	0.2727272727272727 	 0.03638080866386409 	 0.22596967861727776 	 7 	 0.000930150537611823 	 0.4977306759720847
7	7	1	10000	0.16666666666666666 	 0.03408713333163662 	 0.22733869619218747 	 7 	 0.0009470382879930386 	 0.5224854260081262
7	8	1	100	0.07692307692307693 	 0.022325733874659682 	 0.2517529031134153 	 7 	 0.001079024596885066 	 0.9504926874105055
7	8	1	1000	0.07692307692307693 	 0.022984002428253606 	 0.25040321793964715 	 7 	 0.0012562206737470139 	 0.9504926874590739
7	8	1	10000	0.07692307692307693 	 0.02317153912708218 	 0.2503514793635065 	 7 	 0.0012444220468820558 	 0.9504926874105053
7	9	1	100	0.2727272727272727 	 0.04417493479041934 	 0.2529231954281474 	 7 	 0.0016700150320752656 	 0.6239532083843095
7	9	1	1000	0.2727272727272727 	 0.04549302685480936 	 0.25672595200586873 	 7 	 0.0016988489798329218 	 0.628692510808246
7	9	1	10000	0.2727272727272727 	 0.04324150023375731 	 0.2571198920745924 	 7 	 0.0017016387945769668 	 0.629062930421361
7	10	1	100	0.16666666666666666 	 0.03740541158606549 	 0.13623231755444695 	 7 	 0.0010889819964541596 	 0.633782450141311
7	10	1	1000	0.16666666666666666 	 0.03858224934922398 	 0.13557317955864873 	 7 	 0.0010262217011541184 	 0.6331501284772459
7	10	1	10000	0.2727272727272727 	 0.03546137969033697 	 0.13606614975389797 	 7 	 0.0010177235837514787 	 0.6327575126165658
10	1	1	100	0.1111111111111111 	 0.08464664822186688 	 0.2687374124445085 	 10 	 0.0031737483936259605 	 0.8029208362757212
10	1	1	1000	0.17647058823529413 	 0.06999197686662294 	 0.2282482025533769 	 10 	 0.0015171860151698363 	 0.7408150857904754
10	1	1	10000	0.25 	 0.0617331240030843 	 0.24653346844060356 	 10 	 0.001192987077947605 	 0.648946918416105
10	2	1	100	0.17647058823529413 	 0.05946598810913653 	 0.3032861800249157 	 10 	 0.0028170702472529443 	 0.6635934324597909
10	2	1	1000	0.1111111111111111 	 0.041583412383665905 	 0.24800809399155072 	 10 	 0.0014332730908544187 	 0.8064100614521467
10	2	1	10000	0.1111111111111111 	 0.0407371100307333 	 0.2559378187461614 	 10 	 0.001425924130969651 	 0.8064073507754481
10	3	1	100	0.17647058823529413 	 0.04268250617970308 	 0.24584043727347119 	 10 	 0.004100351803693583 	 0.9202000527678506
10	3	1	1000	0.17647058823529413 	 0.04274645072178264 	 0.2476460408274606 	 10 	 0.004129824024245845 	 0.9221529480862423
10	3	1	10000	0.17647058823529413 	 0.04686712923318727 	 0.24769174396399515 	 10 	 0.004131945353707614 	 0.9223668649820292
10	4	1	100	0.17647058823529413 	 0.049208731084545966 	 0.39728109466992084 	 10 	 0.003478103286767459 	 0.8980943599886291
10	4	1	1000	0.17647058823529413 	 0.048330479824785035 	 0.3977294369724809 	 10 	 0.0034819630545591907 	 0.898094359988629
10	4	1	10000	0.1111111111111111 	 0.050850995795387224 	 0.38723970881615316 	 10 	 0.0033901701073486765 	 0.8980943599886287
10	5	1	100	0.25 	 0.03688981321481127 	 0.3173692778888844 	 10 	 0.0029383651073906416 	 0.7874541400364746
10	5	1	1000	0.17647058823529413 	 0.047762350125655724 	 0.3254366475615547 	 10 	 0.003534865173171059 	 0.7840056390447271
10	5	1	10000	0.1111111111111111 	 0.045542269735478695 	 0.3041033102941592 	 10 	 0.002967653832423706 	 0.8935127546604646
10	6	1	100	0.17647058823529413 	 0.04104361527430802 	 0.228762494578534 	 10 	 0.002134858807393138 	 0.6272029986002332
10	6	1	1000	0.25 	 0.02596762127427033 	 0.2811567362875924 	 10 	 0.0024459875604689587 	 0.7303787200769086
10	6	1	10000	0.1111111111111111 	 0.03574874101609952 	 0.2184245741979108 	 10 	 0.0018434059402391107 	 0.7575604539062386
10	7	1	100	0.1111111111111111 	 0.05235455294915391 	 0.33719470131990587 	 10 	 0.0017485397433378521 	 0.6839042648981419
10	7	1	1000	0.1111111111111111 	 0.05512743797256252 	 0.3369821092738826 	 10 	 0.0026774457573393064 	 0.6870816362577349
10	7	1	10000	0.1111111111111111 	 0.05694363594032441 	 0.335599538054933 	 10 	 0.002659520729898894 	 0.6873159880210926
10	8	1	100	0.1111111111111111 	 0.054788659656122715 	 0.18840609314101106 	 10 	 0.00120818814483185 	 0.7212058986949101
10	8	1	1000	0.1111111111111111 	 0.06583427589784929 	 0.25833060183786705 	 10 	 0.0024373561254190106 	 0.7797854754743033
10	8	1	10000	0.1111111111111111 	 0.0683723856167403 	 0.2676782935517728 	 10 	 0.0025746420287453046 	 0.7957794068182507
10	9	1	100	0.17647058823529413 	 0.05509070991368003 	 0.27912849165974324 	 10 	 0.002273127899503758 	 0.7017696662583256
10	9	1	1000	0.17647058823529413 	 0.03792487619688217 	 0.1741461195940305 	 10 	 0.0008847354372775059 	 0.68262859065403
10	9	1	10000	0.17647058823529413 	 0.039294737970044576 	 0.18139425967624406 	 10 	 0.0009280473483062621 	 0.682628302802054
10	10	1	100	0.1111111111111111 	 0.0752690469981976 	 0.3674972043038884 	 10 	 0.004112796711255017 	 0.8937413287129584
10	10	1	1000	0.25 	 0.0465203084747278 	 0.17090548359828722 	 10 	 0.0016240053976058942 	 0.5268958556698851
10	10	1	10000	0.17647058823529413 	 0.04761701865211944 	 0.17282247152106445 	 10 	 0.0016240053976058937 	 0.6344385917179995
2	1	2	100	1.0 	 7.819264712314913e-05 	 0.002066345501364059 	 2 	 8.932398065397327e-06 	 0.0011120835591419687
2	1	2	1000	1.0 	 7.83106576723792e-06 	 0.00020684631424404163 	 2 	 8.932398065398886e-07 	 0.0001112083559142163
2	1	2	10000	1.0 	 7.832248090489406e-07 	 2.0686753868002167e-05 	 2 	 8.932398065474685e-08 	 1.1120835591515998e-05
2	2	2	100	0.3333333333333333 	 0.01681683700676217 	 0.2447753886278908 	 2 	 0.0004508190048312653 	 0.056126966101492606
2	2	2	1000	0.3333333333333333 	 0.01698597462019233 	 0.2482056767195594 	 2 	 0.0004508190048312653 	 0.056126966101492606
2	2	2	10000	0.3333333333333333 	 0.016619993856637497 	 0.24854736860074458 	 2 	 0.0004508190048312653 	 0.056126966101492606
2	3	2	100	0.0 	 0.0011429987687159506 	 0.01446173774681255 	 2 	 5.743473091425731e-06 	 1.0
2	3	2	1000	0.0 	 0.0011251503995288019 	 0.25511255493479795 	 2 	 0.0014868950132792711 	 1.0
2	3	2	10000	0.0 	 0.0011251503995288019 	 0.25470397919884885 	 2 	 0.0014825907014672486 	 1.0
2	4	2	100	0.0 	 0.004290223319486294 	 0.02586947522404328 	 2 	 0.0029026941813428448 	 1.0
2	4	2	1000	0.0 	 0.004509338606254473 	 0.02586947522404328 	 2 	 0.0029026941813428448 	 1.0
2	4	2	10000	0.0 	 0.004269586087825397 	 0.02586947522404328 	 2 	 0.0029026941813428448 	 1.0
2	5	2	100	0.3333333333333333 	 0.012544706863333617 	 0.17782662295512214 	 2 	 0.0016317993553425655 	 1.0000035274192627
2	5	2	1000	0.3333333333333333 	 0.012606030975561499 	 0.17782662374921826 	 2 	 0.001631800290090347 	 1.0000036425916188
2	5	2	10000	0.3333333333333333 	 0.012613154843510834 	 0.1778266235590674 	 2 	 0.0016318003526578973 	 1.0000036502550673
2	6	2	100	0.3333333333333333 	 0.0019602271285561034 	 0.02600959926368689 	 2 	 4.3612885715860804e-05 	 0.27646913759442876
2	6	2	1000	0.3333333333333333 	 0.0018985348110545958 	 0.02257024868075524 	 2 	 2.7022009728628994e-05 	 0.2744035735340184
2	6	2	10000	0.3333333333333333 	 0.0018923848920353865 	 0.022225408720030083 	 2 	 2.5362922129905412e-05 	 0.27419701712797734
2	7	2	100	0.3333333333333333 	 0.022588227972564552 	 0.29086496695321357 	 2 	 0.000715835787141892 	 0.08912155549916567
2	7	2	1000	0.3333333333333333 	 0.021746533041471984 	 0.28491956107919875 	 2 	 0.000715835787141892 	 0.08912155549916567
2	7	2	10000	0.3333333333333333 	 0.02017990225526715 	 0.28442288110405195 	 2 	 0.000715835787141892 	 0.08912155549916567
2	8	2	100	0.3333333333333333 	 0.001569630524986987 	 0.01773584858771487 	 2 	 7.931852619470397e-06 	 0.5258178082816661
2	8	2	1000	0.3333333333333333 	 0.0015555945517009165 	 0.018660080226062928 	 2 	 1.8935961579591628e-05 	 0.5281753354983253
2	8	2	10000	0.3333333333333333 	 0.0015541800005857956 	 0.018905354531202317 	 2 	 2.1622742999497272e-05 	 0.5285098397851036
2	9	2	100	0.3333333333333333 	 0.015037598657504016 	 0.10528350522477692 	 2 	 0.0035880142892079185 	 0.5330400408447871
2	9	2	1000	0.3333333333333333 	 0.01510400777186496 	 0.10672422073781081 	 2 	 0.0035994444613159735 	 0.5316169844173342
2	9	2	10000	0.3333333333333333 	 0.015114129284271983 	 0.10691002356103572 	 2 	 0.003598665914253812 	 0.531713913526573
2	10	2	100	0.3333333333333333 	 0.017399309756243726 	 0.0443223553045013 	 2 	 0.0036499383459256043 	 0.4806168789476738
2	10	2	1000	0.3333333333333333 	 0.01750771099402929 	 0.045720110356300026 	 2 	 0.0036637483390152513 	 0.48233622308733487
2	10	2	10000	0.3333333333333333 	 0.017514307794237283 	 0.045796878230132884 	 2 	 0.0036624714391601124 	 0.4821772490553701
3	1	2	100	0.0 	 0.026741084227312528 	 0.4684134554822795 	 3 	 0.001998130601604367 	 1.0
3	1	2	1000	0.0 	 0.026721949279404054 	 0.4672038354221401 	 3 	 0.0019881546061324903 	 1.0
3	1	2	10000	0.0 	 0.027018596784661515 	 0.4670829460355036 	 3 	 0.0019871570065853853 	 1.0
3	2	2	100	0.5 	 0.01961266268434474 	 0.6514724000174017 	 3 	 0.0036974225888131416 	 0.5689976616512687
3	2	2	1000	0.5 	 0.019640673401860133 	 0.6524174772789035 	 3 	 0.0036974225888131416 	 0.5689976616512687
3	2	2	10000	0.5 	 0.019631035467394604 	 0.652507582090908 	 3 	 0.0036974225888131416 	 0.5689976616512687
3	3	2	100	0.2 	 0.002550499788101519 	 0.025957016415042937 	 3 	 0.0002683145250621928 	 0.8454382589492386
3	3	2	1000	0.2 	 0.007274351497858824 	 0.10017500820948932 	 3 	 0.0007207334809049515 	 0.8904696999204532
3	3	2	10000	0.2 	 0.007262854075816982 	 0.09977533799685298 	 3 	 0.0007212638323627495 	 0.8901153308634927
3	4	2	100	0.0 	 0.004856455906702526 	 0.13086409074473235 	 3 	 0.0017817152279200601 	 1.0
3	4	2	1000	0.0 	 0.001115281793518972 	 0.12884852962940407 	 3 	 0.0017817152279200597 	 1.0
3	4	2	10000	0.0 	 0.00512629732360414 	 0.12864701931239853 	 3 	 0.0017817152279200592 	 1.0
3	5	2	100	0.5 	 0.014112017338486644 	 0.18929390264010976 	 3 	 0.002069028694226034 	 0.6679570510915762
3	5	2	1000	0.5 	 0.014112017338486644 	 0.1888090309783126 	 3 	 0.0020559102446804224 	 0.6688690379809461
3	5	2	10000	0.5 	 0.014112017338486644 	 0.188760349183258 	 3 	 0.0020546293942478497 	 0.6689564153336376
3	6	2	100	0.5 	 0.002522063352358428 	 0.037038293757190005 	 3 	 0.0003713242113965893 	 0.20811103127675917
3	6	2	1000	0.5 	 0.0020217636476960845 	 0.019171422680487174 	 3 	 8.459866473680769e-05 	 0.17270042626427598
3	6	2	10000	0.5 	 0.00197012622773167 	 0.017279512445197952 	 3 	 5.5926110070491844e-05 	 0.16915936576298596
3	7	2	100	0.5 	 0.0173241228473181 	 0.06740836220602862 	 3 	 0.00047726213098493167 	 0.05894187317663886
3	7	2	1000	0.5 	 0.01739481809986593 	 0.06920816702844303 	 3 	 0.00047726213098493145 	 0.05894187317663886
3	7	2	10000	0.5 	 0.017400831419356236 	 0.0693858489006859 	 3 	 0.00047726213098493134 	 0.05894187317663886
3	8	2	100	0.0 	 0.008174624983144628 	 0.268078386795788 	 3 	 0.001684181323472052 	 1.0
3	8	2	1000	0.0 	 0.008174624983144628 	 0.26439330123734817 	 3 	 0.0016651373795430824 	 1.0
3	8	2	10000	0.0 	 0.008174624983144628 	 0.2640234796721255 	 3 	 0.0016632329851472482 	 1.0
3	9	2	100	0.2 	 0.011484724101133688 	 0.026193283643648996 	 3 	 2.4295120340149192e-05 	 0.5095294378361354
3	9	2	1000	0.2 	 0.010720645356978628 	 0.023661014113260527 	 3 	 7.370471028581268e-05 	 0.5029607855059098
3	9	2	10000	0.2 	 0.02034482522132821 	 0.03391227480518079 	 3 	 7.788587300326544e-05 	 0.5059307896837435
3	10	2	100	0.2 	 0.019141124621398848 	 0.03977428521371122 	 3 	 0.0001178575604503868 	 0.5555593895516852
3	10	2	1000	0.5 	 0.021341768693075903 	 0.31073915725067014 	 3 	 0.001966725211498929 	 0.33945387212435574
3	10	2	10000	0.5 	 0.02137413632014861 	 0.31050575787148715 	 3 	 0.001963065674423693 	 0.3390019179250799
5	1	2	100	0.25 	 0.03640522703264465 	 0.4704500064483458 	 5 	 0.0029491620827369375 	 0.8174240922142358
5	1	2	1000	0.25 	 0.03651511736763856 	 0.4679990007165525 	 5 	 0.0028724869011968737 	 0.809114392071301
5	1	2	10000	0.25 	 0.037327091271279415 	 0.4688053116811858 	 5 	 0.002876473875676128 	 0.8080695984848142
5	2	2	100	0.1111111111111111 	 0.018051066500806463 	 0.30626306458541996 	 5 	 0.001967124204713922 	 0.9999986513459175
5	2	2	1000	0.1111111111111111 	 0.01954466804197168 	 0.30438268532931156 	 5 	 0.0019671469242143525 	 1.0
5	2	2	10000	0.1111111111111111 	 0.019743402074837414 	 0.30329768654740985 	 5 	 0.0019671469242143525 	 1.0
5	3	2	100	0.0 	 0.02966169110106042 	 0.21864464972329267 	 5 	 0.0022338877825341563 	 1.0
5	3	2	1000	0.0 	 0.03045479966941531 	 0.21545854717670093 	 5 	 0.002233900078864625 	 1.0
5	3	2	10000	0.0 	 0.030579428964384498 	 0.21513975126227192 	 5 	 0.0022339018343617272 	 1.0
5	4	2	100	0.0 	 0.010182848458998993 	 0.1052466103714338 	 5 	 0.0014325957631350947 	 1.0
5	4	2	1000	0.0 	 0.010326132404281556 	 0.10765129697348741 	 5 	 0.0014445017733240135 	 1.0
5	4	2	10000	0.0 	 0.005943223111565205 	 0.08386289615575722 	 5 	 0.0011550145445373451 	 1.0
5	5	2	100	0.1111111111111111 	 0.04110753963026105 	 0.29278719140764253 	 5 	 0.0024506182044853842 	 0.6605866615650715
5	5	2	1000	0.1111111111111111 	 0.0350727511744452 	 0.2897095984986361 	 5 	 0.0024116756732448638 	 0.6605866615762263
5	5	2	10000	0.1111111111111111 	 0.04049390664390196 	 0.2893927546850889 	 5 	 0.0024071490196766673 	 0.6605866615762263
5	6	2	100	0.25 	 0.06252211012139705 	 0.23642190998467932 	 5 	 0.0017941518422043843 	 0.4064162437166088
5	6	2	1000	0.25 	 0.06952028088359997 	 0.2845220003694948 	 5 	 0.0007967432073334311 	 0.4327562560666273
5	6	2	10000	0.25 	 0.0695400599386795 	 0.2848154846918276 	 5 	 0.0007998875333326338 	 0.4321807797373617
5	7	2	100	0.25 	 0.016883218224469105 	 0.37089430279569596 	 5 	 0.0024188908979020022 	 0.7335147034266317
5	7	2	1000	0.25 	 0.016903091875028302 	 0.37052313689277966 	 5 	 0.0024154714295701206 	 0.7336651294057953
5	7	2	10000	0.25 	 0.01690507681996395 	 0.37048609517934245 	 5 	 0.00241512948224313 	 0.733680172064277
5	8	2	100	0.0 	 0.0390070527330281 	 0.3062725728585444 	 5 	 0.0021364928018450576 	 1.0
5	8	2	1000	0.1111111111111111 	 0.03313686111585981 	 0.3779361304368746 	 5 	 0.0020125790760339474 	 0.9330229743012823
5	8	2	10000	0.1111111111111111 	 0.03347222809039407 	 0.3782015847409042 	 5 	 0.002016708121143531 	 0.9330229743012824
5	9	2	100	0.1111111111111111 	 0.04337216507773777 	 0.23917918673339472 	 5 	 0.0018130271877223182 	 0.7218365582949875
5	9	2	1000	0.1111111111111111 	 0.044521180312338385 	 0.23938399106144187 	 5 	 0.001826173319923988 	 0.7234355799784572
5	9	2	10000	0.1111111111111111 	 0.044523088198576685 	 0.23940506187287397 	 5 	 0.0018274891811989108 	 0.7235955059779527
5	10	2	100	0.25 	 0.014180834760139975 	 0.19743876948965405 	 5 	 0.0007737786780938407 	 0.4828232807015033
5	10	2	1000	0.25 	 0.013997225579647651 	 0.1973361215959736 	 5 	 0.0007792155812201756 	 0.4828231314956485
5	10	2	10000	0.25 	 0.013980058339832986 	 0.19732584229595465 	 5 	 0.0007797592798779832 	 0.4828231196757414
7	1	2	100	0.07692307692307693 	 0.04533145706582641 	 0.3027461090228359 	 7 	 0.0028047765463517014 	 0.8306213432873398
7	1	2	1000	0.07692307692307693 	 0.043134408772959834 	 0.29989080510633026 	 7 	 0.0027949628012058363 	 0.8265331328066023
7	1	2	10000	0.07692307692307693 	 0.04592053500878035 	 0.29948761922313427 	 7 	 0.002795582316085097 	 0.8261152594516723
7	2	2	100	0.16666666666666666 	 0.02710169960635011 	 0.42677063540578497 	 7 	 0.0036601122360893114 	 0.9148098593312726
7	2	2	1000	0.16666666666666666 	 0.028288369295291917 	 0.42779168778394117 	 7 	 0.0036104360154943097 	 0.9148098593312726
7	2	2	10000	0.16666666666666666 	 0.026569066346085593 	 0.42157506149722884 	 7 	 0.003586474384086843 	 0.9147991362464147
7	3	2	100	0.16666666666666666 	 0.029984568767006718 	 0.22380079316605575 	 7 	 0.0019041895042712393 	 0.5983456244010231
7	3	2	1000	0.16666666666666666 	 0.03962326796373229 	 0.1974086608641822 	 7 	 0.0018970944685263687 	 0.6304613445334186
7	3	2	10000	0.16666666666666666 	 0.03293024739136885 	 0.19722221188191605 	 7 	 0.0018933434093166097 	 0.6303621345351695
7	4	2	100	0.07692307692307693 	 0.03227782186609621 	 0.2285216841239819 	 7 	 0.0012206116795860909 	 0.8444108791508995
7	4	2	1000	0.07692307692307693 	 0.0340823571909053 	 0.20106779081439013 	 7 	 0.002401142303934479 	 0.8112285259446501
7	4	2	10000	0.07692307692307693 	 0.029915218483632565 	 0.20008009485013717 	 7 	 0.002397523438723824 	 0.8110085934320204
7	5	2	100	0.16666666666666666 	 0.03591164315118432 	 0.219292971680886 	 7 	 0.0018791583597204725 	 0.5875445152988239
7	5	2	1000	0.16666666666666666 	 0.040114727268212726 	 0.22158890327998176 	 7 	 0.0018966181183082335 	 0.5875440965858247
7	5	2	10000	0.16666666666666666 	 0.04018890763859048 	 0.22181904204096242 	 7 	 0.0018996329615352137 	 0.5875440965858247
7	6	2	100	0.2727272727272727 	 0.05168781444625318 	 0.2090070696185791 	 7 	 0.0013628134736882525 	 0.4572901874182152
7	6	2	1000	0.2727272727272727 	 0.06392102158288925 	 0.28892470744396936 	 7 	 0.0013544994937985657 	 0.4430647700236461
7	6	2	10000	0.2727272727272727 	 0.06389569441107058 	 0.2887433694959123 	 7 	 0.0013601487285978605 	 0.44342016379272203
7	7	2	100	0.4 	 0.01715401156597673 	 0.2426076783924668 	 7 	 0.0018743554791528646 	 0.599752416206653
7	7	2	1000	0.16666666666666666 	 0.02157940668063091 	 0.2180009987409135 	 7 	 0.0015920597019239966 	 0.7315303268672477
7	7	2	10000	0.16666666666666666 	 0.021556250952154538 	 0.21788178048413734 	 7 	 0.0015942002064944839 	 0.7319742925552867
7	8	2	100	0.07692307692307693 	 0.04841550386919146 	 0.23354811188104332 	 7 	 0.0010968092416374546 	 0.9405792431612755
7	8	2	1000	0.07692307692307693 	 0.048389969356606465 	 0.23296054120725654 	 7 	 0.0010552892924424629 	 0.9405792435973299
7	8	2	10000	0.07692307692307693 	 0.04838784830439537 	 0.23290167898526828 	 7 	 0.0010511372975246906 	 0.9405792436416557
7	9	2	100	0.16666666666666666 	 0.06127126506998267 	 0.24925236856721364 	 7 	 0.00153905924801676 	 0.6249754289926421
7	9	2	1000	0.16666666666666666 	 0.05921291875557358 	 0.2638818383233623 	 7 	 0.001710834317951784 	 0.6249754289926422
7	9	2	10000	0.16666666666666666 	 0.05622612103944716 	 0.2636638830315456 	 7 	 0.00170517868116128 	 0.6249754289926421
7	10	2	100	0.16666666666666666 	 0.040608446658566805 	 0.22158503538166577 	 7 	 0.001832826782998872 	 0.8407830095357403
7	10	2	1000	0.16666666666666666 	 0.04053308193202568 	 0.22334370455855046 	 7 	 0.0018515567594216146 	 0.8407452814518487
7	10	2	10000	0.16666666666666666 	 0.04053104105895286 	 0.22351957820855076 	 7 	 0.0018534296634051413 	 0.8407415046168725
10	1	2	100	0.1111111111111111 	 0.0706104612111928 	 0.1897763723433575 	 10 	 0.0012802917093052838 	 0.6915163421929209
10	1	2	1000	0.25 	 0.06710584507113353 	 0.24816308185402866 	 10 	 0.0010607079338879393 	 0.6149704482952956
10	1	2	10000	0.25 	 0.06720074776032291 	 0.2484575853075871 	 10 	 0.0010537605869159264 	 0.6155299048778411
10	2	2	100	0.17647058823529413 	 0.06585489885584868 	 0.32349705098863635 	 10 	 0.0030076212722976543 	 0.8018589881460949
10	2	2	1000	0.1111111111111111 	 0.06339946483183793 	 0.3052253790326455 	 10 	 0.004093329598508469 	 0.8221372128936422
10	2	2	10000	0.17647058823529413 	 0.06231562524300903 	 0.3053778663703649 	 10 	 0.004102080364176479 	 0.8210250748281196
10	3	2	100	0.1111111111111111 	 0.04626715230600323 	 0.2659806759477143 	 10 	 0.0029478604312347793 	 0.8082812785741162
10	3	2	1000	0.17647058823529413 	 0.02334425688683123 	 0.26761032055359724 	 10 	 0.0023058598842148324 	 0.7814173046358668
10	3	2	10000	0.17647058823529413 	 0.023027933106054436 	 0.2670299954029118 	 10 	 0.002323212245680804 	 0.7814172840809457
10	4	2	100	0.1111111111111111 	 0.03151623854280598 	 0.22948505813060455 	 10 	 0.0017545654852637994 	 0.8293495926459379
10	4	2	1000	0.1111111111111111 	 0.030621647034785867 	 0.22995242567771154 	 10 	 0.001758498888842609 	 0.8306844242169776
10	4	2	10000	0.05263157894736842 	 0.03535875760717848 	 0.23143568330736305 	 10 	 0.0025379399247404395 	 0.873603707127777
10	5	2	100	0.3333333333333333 	 0.05568541223300581 	 0.30609778686044786 	 10 	 0.0030147705172426788 	 0.4439883331435689
10	5	2	1000	0.3333333333333333 	 0.054392079967932334 	 0.28926903515221386 	 10 	 0.003239835073665615 	 0.40168518629589356
10	5	2	10000	0.25 	 0.05776599774706668 	 0.29210324475247773 	 10 	 0.0022918467096302944 	 0.4508513439502504
10	6	2	100	0.25 	 0.05617875540327781 	 0.22282671652292615 	 10 	 0.001431318346906879 	 0.4734431815621372
10	6	2	1000	0.25 	 0.05087125370799908 	 0.22609069001708282 	 10 	 0.0014076187971914015 	 0.4689116705991123
10	6	2	10000	0.25 	 0.052671788605545895 	 0.22565013697559874 	 10 	 0.0014077705596385708 	 0.46847214116496927
10	7	2	100	0.25 	 0.04995867896742428 	 0.36000391721254704 	 10 	 0.0027816101784404346 	 0.8534705869801159
10	7	2	1000	0.17647058823529413 	 0.048040808298276685 	 0.3420409703668034 	 10 	 0.002641088192462235 	 0.8370997756136555
10	7	2	10000	0.1111111111111111 	 0.04960623626850355 	 0.25913137469576475 	 10 	 0.0023856463693076135 	 0.9100916903746005
10	8	2	100	0.05263157894736842 	 0.06576663454899616 	 0.24234965744186454 	 10 	 0.0027923858539170227 	 0.8358225924010051
10	8	2	1000	0.1111111111111111 	 0.06878445433890906 	 0.28798082429876926 	 10 	 0.00282775257840745 	 0.7175949172721235
10	8	2	10000	0.1111111111111111 	 0.06777899088227442 	 0.2878015666342873 	 10 	 0.0028207457099506555 	 0.7179296362115231
10	9	2	100	0.1111111111111111 	 0.05566919981368975 	 0.33960054531810885 	 10 	 0.00312052553874057 	 0.722772302660836
10	9	2	1000	0.17647058823529413 	 0.06348876081701997 	 0.3384683463404142 	 10 	 0.0031375019770307363 	 0.6786285247574836
10	9	2	10000	0.17647058823529413 	 0.06377286783060797 	 0.3389122335811739 	 10 	 0.0031447423646962258 	 0.6789449209283299
10	10	2	100	0.25 	 0.056506067362740164 	 0.19177452789393898 	 10 	 0.0019220828555446489 	 0.5471240778604766
10	10	2	1000	0.25 	 0.05463557605795025 	 0.19033404210445568 	 10 	 0.0018738259742645713 	 0.5448511713615057
10	10	2	10000	0.25 	 0.05465452175124916 	 0.19019023439896662 	 10 	 0.0018690002976115992 	 0.5446238793339242
