2	1	0	0	0.3333333333333333 	 0.011484368138732189 	 0.2680813514365037 	 2 	 0.0010679415067397298 	 0.5003790511710565
2	2	0	0	1.0 	 7.0416464126316e-16 	 8.312560881239917e-15 	 2 	 1.9701999960089973e-17 	 2.4528989950312052e-15
2	3	0	0	0.0 	 0.02238832995951091 	 0.3729497813217578 	 2 	 0.003514107206702098 	 1.0
2	4	0	0	0.0 	 0.0025158330322118568 	 0.02586947522404328 	 2 	 0.0029026941813428448 	 1.0
2	5	0	0	0.3333333333333333 	 0.013703214492511995 	 0.16667781009116406 	 2 	 0.002381897205792401 	 0.4997016841777638
2	6	0	0	0.3333333333333333 	 0.02412104173378312 	 0.3688998049192357 	 2 	 0.0012072861162094333 	 0.2710393333228042
2	7	0	0	0.3333333333333333 	 0.019159449965284618 	 0.15067271960566084 	 2 	 0.000715835787141892 	 0.08912155549916567
2	8	0	0	0.0 	 0.02427724855736614 	 0.41301374351205133 	 2 	 0.0038086820211950803 	 1.0
2	9	0	0	0.3333333333333333 	 0.01510365259692314 	 0.1067920589578701 	 2 	 0.0036049501404949837 	 0.5309315273595474
2	10	0	0	0.0 	 0.02120072065608956 	 0.062007086879727724 	 2 	 0.00021041143112185523 	 1.0
3	1	0	0	0.0 	 0.04934000055648839 	 0.5494775129699868 	 3 	 0.0035757129388962455 	 1.0
3	2	0	0	0.2 	 0.021510026039422366 	 0.2863803895072857 	 3 	 0.0036974225888131416 	 0.45663168971842455
3	3	0	0	0.0 	 0.03302358706499727 	 0.35634060757861336 	 3 	 0.0043976627505613285 	 1.0
3	4	0	0	0.0 	 0.02173503407234786 	 0.2694127593608468 	 3 	 0.004930235426828269 	 1.0
3	5	0	0	0.2 	 0.028725580491475885 	 0.27043925174317723 	 3 	 0.002671400744325313 	 0.999999152023248
3	6	0	0	0.5 	 0.02801272920380162 	 0.2920449375302981 	 3 	 0.00347723384710708 	 0.4644471164945285
3	7	0	0	0.2 	 0.01806484451910022 	 0.32721839523777807 	 3 	 0.0014943073822553609 	 0.7565111651148246
3	8	0	0	0.2 	 0.025012988930715168 	 0.4883509716043541 	 3 	 0.005204287506996185 	 0.9999857326640378
3	9	0	0	0.2 	 0.024888049556887528 	 0.4062058630331539 	 3 	 0.0040655801862219875 	 0.9999901781012461
3	10	0	0	0.0 	 0.03605708110468115 	 0.3766804105090169 	 3 	 0.003716554282564734 	 1.0
5	1	0	0	0.0 	 0.05605929757440381 	 0.40393567752027915 	 5 	 0.0032935637842750227 	 1.0
5	2	0	0	0.1111111111111111 	 0.04081416255102622 	 0.3458050630448386 	 5 	 0.005807684789722656 	 1.0
5	3	0	0	0.1111111111111111 	 0.058202106483680745 	 0.577517908904195 	 5 	 0.0057422326495057815 	 1.0000011291580748
5	4	0	0	0.0 	 0.028953080270994063 	 0.26735463204329046 	 5 	 0.004136399162077869 	 1.0
5	5	0	0	0.1111111111111111 	 0.04917526090397682 	 0.35508342659117814 	 5 	 0.0022793129232761794 	 0.9107181489632977
5	6	0	0	0.25 	 0.0681194106158681 	 0.3501818299567937 	 5 	 0.0032795217683684002 	 0.5413083828133134
5	7	0	0	0.1111111111111111 	 0.043329335418461595 	 0.5136290214043168 	 5 	 0.005544063165460222 	 1.0000079734250686
5	8	0	0	0.1111111111111111 	 0.05494423290673564 	 0.5739220031691188 	 5 	 0.00593635339750782 	 1.0000011773799293
5	9	0	0	0.25 	 0.044244299599109714 	 0.23571406974294742 	 5 	 0.0007479124740652632 	 0.545860155506856
5	10	0	0	0.0 	 0.045019511728650353 	 0.43629483276024233 	 5 	 0.005691104254871876 	 1.0
7	1	0	0	0.07692307692307693 	 0.0680605490094125 	 0.3139276093576572 	 7 	 0.0032959425810493736 	 0.7468036718057854
7	2	0	0	0.07692307692307693 	 0.06263616960723133 	 0.42115002365020837 	 7 	 0.006453465857812382 	 1.0
7	3	0	0	0.16666666666666666 	 0.0896580430081053 	 0.5165010022154424 	 7 	 0.0041145150483424715 	 0.753636980148978
7	4	0	0	0.07692307692307693 	 0.06814536315305994 	 0.5010434139979152 	 7 	 0.0062201125566349914 	 0.8082674362856033
7	5	0	0	0.07692307692307693 	 0.06328753594776222 	 0.5160514133883238 	 7 	 0.004701905755098672 	 1.0
7	6	0	0	0.07692307692307693 	 0.08967527705606758 	 0.42997070130711573 	 7 	 0.003057012223317052 	 0.7310898553410294
7	7	0	0	0.07692307692307693 	 0.04022390112059519 	 0.33034286121171264 	 7 	 0.00472310754477931 	 0.7576658983564889
7	8	0	0	0.0 	 0.05953603715888795 	 0.408163093775541 	 7 	 0.004433016946891865 	 1.0
7	9	0	0	0.16666666666666666 	 0.056851208935658606 	 0.27268261131794963 	 7 	 0.00063179392072524 	 0.7072914305205622
7	10	0	0	0.07692307692307693 	 0.07728302779926423 	 0.487111388493372 	 7 	 0.006283295521197006 	 0.9999996482521477
10	1	0	0	0.05263157894736842 	 0.09290994028656084 	 0.5069034960970096 	 10 	 0.0053881271288157015 	 1.0
10	2	0	0	0.1111111111111111 	 0.08178766816959493 	 0.356039726893841 	 10 	 0.005787420069149095 	 0.8274123181550621
10	3	0	0	0.05263157894736842 	 0.09099863617520822 	 0.4318219539732569 	 10 	 0.0035260826945444873 	 0.8082805898841267
10	4	0	0	0.1111111111111111 	 0.0806636374952102 	 0.48005011754685734 	 10 	 0.00713532563511735 	 1.0
10	5	0	0	0.1111111111111111 	 0.0836728806906887 	 0.5134469051441005 	 10 	 0.005564427452845506 	 1.0
10	6	0	0	0.17647058823529413 	 0.07607495715631034 	 0.40280538253325515 	 10 	 0.004337466911868389 	 0.8674652081915978
10	7	0	0	0.05263157894736842 	 0.0802042069327108 	 0.4904339050133769 	 10 	 0.00686207037311205 	 1.0
10	8	0	0	0.05263157894736842 	 0.0956715171510403 	 0.572774646118412 	 10 	 0.007020984124588193 	 1.0
10	9	0	0	0.0 	 0.1136088180818842 	 0.4968861628712754 	 10 	 0.003718769779201326 	 1.0
10	10	0	0	0.05263157894736842 	 0.07878311343499911 	 0.24193927276877078 	 10 	 0.0009399005611204705 	 0.8788229655562387
2	1	1	100	0.3333333333333333 	 0.011046524088976781 	 0.37792205614374424 	 2 	 0.0038595021035142314 	 1.0000025256028127
2	1	1	1000	0.3333333333333333 	 0.011043269456423789 	 0.3779220722159149 	 2 	 0.003859503056029454 	 1.0000026440999614
2	1	1	10000	0.3333333333333333 	 0.011042967912047057 	 0.3779220738304212 	 2 	 0.003859503151661754 	 1.0000026559970658
2	2	1	100	0.3333333333333333 	 0.004732037330059124 	 0.3920451997574613 	 2 	 0.0022313399136120976 	 0.5914296475281278
2	2	1	1000	0.3333333333333333 	 0.004731869059792443 	 0.3926390864150366 	 2 	 0.0022383070558495057 	 0.5914296475202804
2	2	1	10000	0.3333333333333333 	 0.004731853842743966 	 0.392698459611288 	 2 	 0.002239002422471616 	 0.5914296475195189
2	3	1	100	0.0 	 0.020252330072233714 	 0.0961634269678941 	 2 	 0.0009210420445148069 	 1.0
2	3	1	1000	0.0 	 0.01980796765319303 	 0.0961634269678941 	 2 	 0.0009210420445148069 	 1.0
2	3	1	10000	0.0 	 0.021477003539997076 	 0.0961634269678941 	 2 	 0.0009210420445148069 	 1.0
2	4	1	100	0.0 	 0.0029373309113907434 	 0.06469804281522142 	 2 	 0.0003690113617167587 	 1.0
2	4	1	1000	0.0 	 0.004829556337399794 	 0.06469804281522142 	 2 	 0.0003690113617167587 	 1.0
2	4	1	10000	0.0 	 0.0048040211845273 	 0.06469804281522142 	 2 	 0.0003690113617167587 	 1.0
2	5	1	100	0.3333333333333333 	 0.011873208175251967 	 0.39336833825717604 	 2 	 0.003843793161071552 	 0.9999896212795001
2	5	1	1000	0.3333333333333333 	 0.011873077084227109 	 0.3933683384078328 	 2 	 0.0038437932187161744 	 0.9999896284498487
2	5	1	10000	0.3333333333333333 	 0.011873062846818612 	 0.39336833842402275 	 2 	 0.00384379322486741 	 0.9999896292149814
2	6	1	100	0.0 	 0.011476666876071647 	 0.3340771888777099 	 2 	 0.003698316646819336 	 1.0
2	6	1	1000	0.0 	 0.01144989215293989 	 0.3340771883495823 	 2 	 0.003698316594298337 	 1.0
2	6	1	10000	0.0 	 0.011447236235141121 	 0.33407718829510297 	 2 	 0.0036983165891690574 	 1.0
2	7	1	100	0.3333333333333333 	 0.005485739077240437 	 0.22385610957424648 	 2 	 0.0010716933978820661 	 0.6139833752696356
2	7	1	1000	0.3333333333333333 	 0.005552533178060036 	 0.22479981210451858 	 2 	 0.0010793813134560978 	 0.6130262297806688
2	7	1	10000	0.3333333333333333 	 0.005560502793939464 	 0.2249231821566259 	 2 	 0.0010794956828842869 	 0.6130119907868592
2	8	1	100	0.3333333333333333 	 0.02309748493338604 	 0.3230204854679046 	 2 	 0.0031299400075244692 	 0.3896763117518983
2	8	1	1000	0.3333333333333333 	 0.02309797376696769 	 0.32302048041804027 	 2 	 0.003129939490501942 	 0.38967627246590736
2	8	1	10000	0.3333333333333333 	 0.023098023887869728 	 0.32302047991082655 	 2 	 0.0031299394385726313 	 0.38967626852005494
2	9	1	100	0.3333333333333333 	 0.014812747395273003 	 0.3266794362840698 	 2 	 0.0009068478624395429 	 0.49967377685126524
2	9	1	1000	0.3333333333333333 	 0.014812747395273003 	 0.3266794362840698 	 2 	 0.0009061470989169145 	 0.49958653179269796
2	9	1	10000	0.3333333333333333 	 0.014812747395273003 	 0.3266794362840698 	 2 	 0.0009073150528033447 	 0.4997319420515586
2	10	1	100	0.0 	 0.020789853510462954 	 0.21129711418771271 	 2 	 0.0017237655681205197 	 1.0
2	10	1	1000	0.0 	 0.020959312376417835 	 0.21129711940826532 	 2 	 0.001723766301283449 	 1.0
2	10	1	10000	0.0 	 0.0209775946146605 	 0.21129711990498096 	 2 	 0.0017237663761425124 	 1.0
3	1	1	100	0.2 	 0.03097292236598573 	 0.44438039404395824 	 3 	 0.004451245087296828 	 0.9999978102171154
3	1	1	1000	0.2 	 0.031002392264356294 	 0.44438039511262134 	 3 	 0.004451244600202026 	 0.9999977794526902
3	1	1	10000	0.2 	 0.03100541176281526 	 0.4443803952240712 	 3 	 0.004451244549915186 	 0.9999977762767639
3	2	1	100	0.0 	 0.023004788537821324 	 0.5847876879653129 	 3 	 0.0044348308066934836 	 1.0
3	2	1	1000	0.0 	 0.022991782054383035 	 0.5847876879653129 	 3 	 0.0044348308066934836 	 1.0
3	2	1	10000	0.0 	 0.022999141576528024 	 0.5847876879653129 	 3 	 0.0044348308066934836 	 1.0
3	3	1	100	0.0 	 0.03090910277597122 	 0.3429006684888575 	 3 	 0.0034824170848397227 	 1.0
3	3	1	1000	0.0 	 0.03207006910367386 	 0.3429006684888575 	 3 	 0.0034824170848397227 	 1.0
3	3	1	10000	0.0 	 0.027836293776242166 	 0.3429006684888575 	 3 	 0.0034824170848397227 	 1.0
3	4	1	100	0.0 	 0.01895449340552259 	 0.28334128305940387 	 3 	 0.0035273716628598985 	 1.0
3	4	1	1000	0.0 	 0.01912248192245893 	 0.28334128305940387 	 3 	 0.0035273716628598985 	 1.0
3	4	1	10000	0.0 	 0.01900252844997875 	 0.28334128305940387 	 3 	 0.0035273716628598985 	 1.0
3	5	1	100	0.2 	 0.03872021527428328 	 0.5519852660830418 	 3 	 0.005151253257350016 	 0.6977184057407773
3	5	1	1000	0.2 	 0.03872056607123686 	 0.5519852661515283 	 3 	 0.0051512532101202135 	 0.6977184057417664
3	5	1	10000	0.2 	 0.03872060131449693 	 0.5519852661583734 	 3 	 0.005151253205407123 	 0.6977184057418668
3	6	1	100	0.0 	 0.013176005432760025 	 0.19066385423136176 	 3 	 0.002396856915746391 	 1.0
3	6	1	1000	0.0 	 0.0119785375169841 	 0.18925422455855298 	 3 	 0.0023968637671049654 	 1.0
3	6	1	10000	0.0 	 0.012958745451879819 	 0.1891134316101436 	 3 	 0.0023969252645471657 	 1.0
3	7	1	100	0.5 	 0.011243340315462015 	 0.1349782168322573 	 3 	 0.00153438936207805 	 0.21265721325428294
3	7	1	1000	0.5 	 0.011181856397724989 	 0.13462698322925742 	 3 	 0.0015363243594307917 	 0.21353677489840003
3	7	1	10000	0.5 	 0.011175710588184099 	 0.13459197792151517 	 3 	 0.0015365178591660671 	 0.21362473106281582
3	8	1	100	0.2 	 0.023323597353790634 	 0.41316834372564326 	 3 	 0.004397269308814627 	 1.0
3	8	1	1000	0.2 	 0.019872536896461596 	 0.4131683437256433 	 3 	 0.004397269308814627 	 1.0
3	8	1	10000	0.2 	 0.022712865012454675 	 0.4131683437256433 	 3 	 0.004397269308814627 	 1.0
3	9	1	100	0.2 	 0.02493159653865134 	 0.4228325317500547 	 3 	 0.004728043240453473 	 0.999988300156839
3	9	1	1000	0.2 	 0.024920696940970436 	 0.42283252526254633 	 3 	 0.0047280413314225115 	 0.9999881898946335
3	9	1	10000	0.2 	 0.024919621145948645 	 0.42283252462356175 	 3 	 0.00472804114420569 	 0.9999881790882075
3	10	1	100	0.2 	 0.020734113013873463 	 0.13699216615612647 	 3 	 0.001403563864782788 	 0.7130515083320784
3	10	1	1000	0.2 	 0.020734113013873463 	 0.13724524466054075 	 3 	 0.0013965103407619635 	 0.7137523019201304
3	10	1	10000	0.2 	 0.020734113013873463 	 0.13727054723842735 	 3 	 0.0013962294114132595 	 0.7138747975260282
5	1	1	100	0.0 	 0.05652004692777696 	 0.49307200760877945 	 5 	 0.0043344138582183615 	 1.0
5	1	1	1000	0.0 	 0.05634634262935962 	 0.4923825352789815 	 5 	 0.004325992966753313 	 1.0
5	1	1	10000	0.0 	 0.05647661044637949 	 0.49231361534093443 	 5 	 0.004325150877606805 	 1.0
5	2	1	100	0.1111111111111111 	 0.042012114375914004 	 0.5247548595145678 	 5 	 0.005441061410749765 	 1.0
5	2	1	1000	0.1111111111111111 	 0.04106478828064648 	 0.5247548595145678 	 5 	 0.005441061410749765 	 1.0
5	2	1	10000	0.1111111111111111 	 0.04076949118471563 	 0.5247548595145678 	 5 	 0.005441061410749765 	 1.0
5	3	1	100	0.0 	 0.05957507034865858 	 0.39855097061397854 	 5 	 0.004314709424050668 	 1.0
5	3	1	1000	0.0 	 0.05777178215229398 	 0.39855097061397854 	 5 	 0.004314709424050668 	 1.0
5	3	1	10000	0.0 	 0.06022278549242047 	 0.39855097061397854 	 5 	 0.004314709424050668 	 1.0
5	4	1	100	0.0 	 0.046483288777889736 	 0.41682158681737264 	 5 	 0.005151335107531322 	 1.0
5	4	1	1000	0.0 	 0.04602344343821373 	 0.41682158681737264 	 5 	 0.005151335107531322 	 1.0
5	4	1	10000	0.0 	 0.04643871390384483 	 0.41682158681737264 	 5 	 0.005151335107531322 	 1.0
5	5	1	100	0.1111111111111111 	 0.05385567090560884 	 0.5715015723636973 	 5 	 0.004713506355710996 	 1.0
5	5	1	1000	0.1111111111111111 	 0.05458494857133101 	 0.5715024951564238 	 5 	 0.004713506355710996 	 1.0
5	5	1	10000	0.1111111111111111 	 0.05462053179114305 	 0.5715025874362009 	 5 	 0.004713506355710996 	 1.0
5	6	1	100	0.0 	 0.042436233423867584 	 0.4430242117618279 	 5 	 0.006068110293707148 	 1.0
5	6	1	1000	0.0 	 0.03776106363805743 	 0.22759307544733057 	 5 	 0.0025370216918766835 	 1.0
5	6	1	10000	0.0 	 0.037768453769117506 	 0.22765606165877783 	 5 	 0.0025396751426208708 	 1.0
5	7	1	100	0.1111111111111111 	 0.04031765615563603 	 0.2967819545656521 	 5 	 0.0012425395490859705 	 0.7374219542278431
5	7	1	1000	0.1111111111111111 	 0.04031765615563603 	 0.29680298229455276 	 5 	 0.0012374406679478177 	 0.7376245310806377
5	7	1	10000	0.1111111111111111 	 0.04031765615563603 	 0.29680508447914955 	 5 	 0.001236930779833977 	 0.7377814415335558
5	8	1	100	0.1111111111111111 	 0.0474391901334913 	 0.3904170758375375 	 5 	 0.003234826495729098 	 1.0
5	8	1	1000	0.1111111111111111 	 0.0486996547266902 	 0.39043109363005113 	 5 	 0.0032348264957290976 	 1.0
5	8	1	10000	0.1111111111111111 	 0.04915655272628386 	 0.3904324953738441 	 5 	 0.003234826495729098 	 1.0
5	9	1	100	0.1111111111111111 	 0.06289759519231734 	 0.569553043462974 	 5 	 0.005933445446708887 	 0.9999912375718453
5	9	1	1000	0.1111111111111111 	 0.05937067555498423 	 0.5695633803333169 	 5 	 0.005933720506865601 	 1.0000019900080686
5	9	1	10000	0.1111111111111111 	 0.05935041418315702 	 0.5695634128864775 	 5 	 0.005933721313192754 	 1.0000020130482983
5	10	1	100	0.1111111111111111 	 0.044798589005728924 	 0.5366878396553025 	 5 	 0.005994517134454379 	 1.0
5	10	1	1000	0.1111111111111111 	 0.043732487755508365 	 0.5366878396553025 	 5 	 0.005994517134454379 	 1.0
5	10	1	10000	0.1111111111111111 	 0.04355039326980522 	 0.5366878396553025 	 5 	 0.005994517134454379 	 1.0
7	1	1	100	0.07692307692307693 	 0.07911181330590271 	 0.5316759770202706 	 7 	 0.006608183006477682 	 1.0
7	1	1	1000	0.07692307692307693 	 0.07909695307105942 	 0.5316759770202706 	 7 	 0.006608183006477682 	 1.0
7	1	1	10000	0.07692307692307693 	 0.07919172085767107 	 0.5316759770202706 	 7 	 0.006608183006477682 	 1.0
7	2	1	100	0.07692307692307693 	 0.05794531337214881 	 0.40867511637867737 	 7 	 0.004798552562005608 	 1.0
7	2	1	1000	0.07692307692307693 	 0.057951407594363145 	 0.4087676900807336 	 7 	 0.004798552562005608 	 1.0
7	2	1	10000	0.07692307692307693 	 0.05839472271504495 	 0.40877695260657854 	 7 	 0.004798552562005608 	 1.0
7	3	1	100	0.16666666666666666 	 0.085422264184688 	 0.46107425186803574 	 7 	 0.0043019996724356 	 0.7714381662484602
7	3	1	1000	0.16666666666666666 	 0.09120542529412928 	 0.4606663272561621 	 7 	 0.004288428389334871 	 0.7714381348457248
7	3	1	10000	0.16666666666666666 	 0.09143688325676294 	 0.4606245542892934 	 7 	 0.004287071259369854 	 0.7714381188601139
7	4	1	100	0.0 	 0.08086363463153917 	 0.4795935080698559 	 7 	 0.006024094636915552 	 1.0
7	4	1	1000	0.0 	 0.08105537488855455 	 0.4795935080698559 	 7 	 0.006024094636915552 	 1.0
7	4	1	10000	0.0 	 0.08078323944166214 	 0.4795935080698559 	 7 	 0.006024094636915552 	 1.0
7	5	1	100	0.07692307692307693 	 0.0648944765297301 	 0.5754730009373066 	 7 	 0.006918402864074176 	 1.0
7	5	1	1000	0.07692307692307693 	 0.06457010273296797 	 0.5754730009373066 	 7 	 0.006918402864074176 	 1.0
7	5	1	10000	0.07692307692307693 	 0.06502214162196247 	 0.5754730009373066 	 7 	 0.006918402864074176 	 1.0
7	6	1	100	0.0 	 0.07008481940989811 	 0.41627689797431555 	 7 	 0.00429891412871144 	 1.0
7	6	1	1000	0.0 	 0.07062210507485793 	 0.41854869037681897 	 7 	 0.004314683220524177 	 1.0
7	6	1	10000	0.0 	 0.07032791650353154 	 0.41877626565704745 	 7 	 0.004316260129705451 	 1.0
7	7	1	100	0.07692307692307693 	 0.059680732165516864 	 0.40331966499426075 	 7 	 0.00543522246545926 	 0.942532275888279
7	7	1	1000	0.0 	 0.060465263515807506 	 0.40534235884813674 	 7 	 0.005441872931953702 	 1.0
7	7	1	10000	0.0 	 0.060469403319131004 	 0.4053628042871493 	 7 	 0.005442289330995953 	 1.0
7	8	1	100	0.07692307692307693 	 0.08000266366149317 	 0.5983672378940738 	 7 	 0.006343036680196045 	 1.0
7	8	1	1000	0.07692307692307693 	 0.08014084420674189 	 0.5983672378940738 	 7 	 0.006343036680196045 	 1.0
7	8	1	10000	0.07692307692307693 	 0.0803193219775951 	 0.5983672378940738 	 7 	 0.006343036680196045 	 1.0
7	9	1	100	0.16666666666666666 	 0.07145426655147785 	 0.41595886934494974 	 7 	 0.003357170013380057 	 0.8037944586399131
7	9	1	1000	0.16666666666666666 	 0.07192379980319516 	 0.4174905970594292 	 7 	 0.003570763751688161 	 0.811595165821098
7	9	1	10000	0.16666666666666666 	 0.07263057823659848 	 0.41753930599881317 	 7 	 0.0035736451506311164 	 0.8119392953237469
7	10	1	100	0.16666666666666666 	 0.07361508488948205 	 0.5489259526768148 	 7 	 0.006278908753720468 	 1.0
7	10	1	1000	0.16666666666666666 	 0.07195946266801607 	 0.5489259526768148 	 7 	 0.006278908753720468 	 1.0
7	10	1	10000	0.16666666666666666 	 0.07265754061017929 	 0.5489259526768148 	 7 	 0.006278908753720468 	 1.0
10	1	1	100	0.1111111111111111 	 0.07289072298764625 	 0.22409359312418808 	 10 	 0.0037869014135293176 	 0.8871734075767571
10	1	1	1000	0.1111111111111111 	 0.07280547058064418 	 0.22408382742153618 	 10 	 0.0037651646430507902 	 0.8871734075767571
10	1	1	10000	0.1111111111111111 	 0.07293174350657551 	 0.22408285049275634 	 10 	 0.0037629909660029503 	 0.887173407576757
10	2	1	100	0.1111111111111111 	 0.07228437628961903 	 0.3706695029829449 	 10 	 0.0043717815117382194 	 1.0
10	2	1	1000	0.05263157894736842 	 0.07539580816560848 	 0.37130254258516115 	 10 	 0.00437178151173822 	 1.0
10	2	1	10000	0.05263157894736842 	 0.07396176755967371 	 0.3713657276690353 	 10 	 0.004371781511738221 	 1.0
10	3	1	100	0.1111111111111111 	 0.07862886034069472 	 0.3092396470614403 	 10 	 0.0023113889432021806 	 0.8237356257959673
10	3	1	1000	0.1111111111111111 	 0.07753185251319049 	 0.3083610103107144 	 10 	 0.002326967905085742 	 0.8222608328131688
10	3	1	10000	0.1111111111111111 	 0.0776328996334178 	 0.30827313572758247 	 10 	 0.0023285258012740975 	 0.8221232830751778
10	4	1	100	0.1111111111111111 	 0.08093529893843572 	 0.3170174726260645 	 10 	 0.006697030647088247 	 1.0
10	4	1	1000	0.1111111111111111 	 0.08064504851813568 	 0.3170174726260645 	 10 	 0.006697030647088247 	 1.0
10	4	1	10000	0.1111111111111111 	 0.08128053426867342 	 0.3170174726260645 	 10 	 0.006697030647088247 	 1.0
10	5	1	100	0.1111111111111111 	 0.08324765480177611 	 0.5787170374771952 	 10 	 0.007324421226692642 	 1.0
10	5	1	1000	0.1111111111111111 	 0.0844327094771403 	 0.5787170374771952 	 10 	 0.007324421226692642 	 1.0
10	5	1	10000	0.1111111111111111 	 0.08209725208628826 	 0.5787170374771952 	 10 	 0.007324421226692642 	 1.0
10	6	1	100	0.1111111111111111 	 0.08624031972454173 	 0.5155968225880617 	 10 	 0.00727097089899925 	 1.0
10	6	1	1000	0.1111111111111111 	 0.08594286200076007 	 0.5155968225880617 	 10 	 0.00727097089899925 	 1.0
10	6	1	10000	0.1111111111111111 	 0.08616499556738381 	 0.5155968225880617 	 10 	 0.00727097089899925 	 1.0
10	7	1	100	0.05263157894736842 	 0.08109284556866109 	 0.4483567839911136 	 10 	 0.006998007249019535 	 1.0
10	7	1	1000	0.05263157894736842 	 0.0803685823843588 	 0.4483567839911136 	 10 	 0.006998007249019535 	 1.0
10	7	1	10000	0.05263157894736842 	 0.0798914833567712 	 0.4483567839911136 	 10 	 0.006998007249019535 	 1.0
10	8	1	100	0.05263157894736842 	 0.09220349756954507 	 0.38192226364453347 	 10 	 0.0053979409041581645 	 1.0
10	8	1	1000	0.05263157894736842 	 0.0860064698568476 	 0.3819220730697728 	 10 	 0.0053979409041581645 	 1.0
10	8	1	10000	0.05263157894736842 	 0.08458934875640037 	 0.38192205401229024 	 10 	 0.0053979409041581645 	 1.0
10	9	1	100	0.0 	 0.10867712636702942 	 0.5315515952812497 	 10 	 0.005120868262980311 	 1.0
10	9	1	1000	0.0 	 0.10565392534470376 	 0.49355811911410535 	 10 	 0.00512086826298031 	 1.0
10	9	1	10000	0.0 	 0.10540651063813226 	 0.49356589574379 	 10 	 0.005120868262980311 	 1.0
10	10	1	100	0.1111111111111111 	 0.09899853458847119 	 0.5372510282275458 	 10 	 0.0058634583188039375 	 1.0
10	10	1	1000	0.1111111111111111 	 0.09883083465537891 	 0.5371988256151087 	 10 	 0.005863458318803938 	 1.0
10	10	1	10000	0.1111111111111111 	 0.09835438333202595 	 0.537193606835117 	 10 	 0.0058634583188039375 	 1.0
2	1	2	100	0.3333333333333333 	 0.011484368138732189 	 0.2680813514365037 	 2 	 0.0010664236827539505 	 0.500568020257286
2	1	2	1000	0.3333333333333333 	 0.011484368138732189 	 0.2680813514365037 	 2 	 0.001067591115927261 	 0.5004226748272088
2	1	2	10000	0.3333333333333333 	 0.011484368138732189 	 0.2680813514365037 	 2 	 0.0010667735369166952 	 0.5005244634140243
2	2	2	100	1.0 	 0.002023263114709504 	 0.019455862274431062 	 2 	 4.815607198318981e-05 	 0.00599543096190714
2	2	2	1000	1.0 	 0.0002214211783071157 	 0.0021179818701132316 	 2 	 4.815607198339982e-06 	 0.0005995430961933286
2	2	2	10000	1.0 	 2.2353247508729164e-05 	 0.00021370482699460138 	 2 	 4.815607198554697e-07 	 5.995430962200607e-05
2	3	2	100	0.0 	 0.0222963444684778 	 0.3729497944365995 	 2 	 0.0035141063205951432 	 1.0
2	3	2	1000	0.0 	 0.022378151532574685 	 0.37294978263326495 	 2 	 0.0035141071180963953 	 1.0
2	3	2	10000	0.0 	 0.022387301405060584 	 0.3729497814529079 	 2 	 0.0035141071978449525 	 1.0
2	4	2	100	0.0 	 0.0038267483081505247 	 0.02586947522404328 	 2 	 0.0029026941813428448 	 1.0
2	4	2	1000	0.0 	 0.0025158330322118568 	 0.02586947522404328 	 2 	 0.0029026941813428448 	 1.0
2	4	2	10000	0.0 	 0.004172772691882628 	 0.02586947522404328 	 2 	 0.0029026941813428448 	 1.0
2	5	2	100	0.3333333333333333 	 0.013703214492511995 	 0.16667781009116406 	 2 	 0.0023827168122604156 	 0.49980372518303157
2	5	2	1000	0.3333333333333333 	 0.013703214492511995 	 0.16667781009116406 	 2 	 0.0023818972158464796 	 0.4997016854294965
2	5	2	10000	0.3333333333333333 	 0.013703214492511995 	 0.16667781009116406 	 2 	 0.002380960884984474 	 0.4995851122371768
2	6	2	100	0.3333333333333333 	 0.02406812895608625 	 0.36665957424210527 	 2 	 0.0011573034352364354 	 0.27103933332280417
2	6	2	1000	0.3333333333333333 	 0.02411578418305731 	 0.36867760130977906 	 2 	 0.0012022878481120504 	 0.2710393333228041
2	6	2	10000	0.3333333333333333 	 0.02412051631361774 	 0.36887760263289515 	 2 	 0.0012067862893997553 	 0.2710393333228042
2	7	2	100	0.3333333333333333 	 0.01908884480058626 	 0.14503975402427427 	 2 	 0.000715835787141892 	 0.08912155549916567
2	7	2	1000	0.3333333333333333 	 0.019120502452041364 	 0.15010647096423366 	 2 	 0.000715835787141892 	 0.08912155549916567
2	7	2	10000	0.3333333333333333 	 0.019186006704685694 	 0.15061606505041464 	 2 	 0.000715835787141892 	 0.08912155549916567
2	8	2	100	0.0 	 0.024274644614355377 	 0.4130137436110853 	 2 	 0.003808681952947374 	 1.0
2	8	2	1000	0.0 	 0.024276986993633544 	 0.4130137435224345 	 2 	 0.003808682014216946 	 1.0
2	8	2	10000	0.0 	 0.024277222662306044 	 0.41301374351315107 	 2 	 0.003808682020499962 	 1.0
2	9	2	100	0.3333333333333333 	 0.015037598657504016 	 0.10528350522477692 	 2 	 0.0035880142892079185 	 0.5330400408447871
2	9	2	1000	0.3333333333333333 	 0.01510400777186496 	 0.10672422073781081 	 2 	 0.0035994444613159735 	 0.5316169844173342
2	9	2	10000	0.3333333333333333 	 0.015114129284271983 	 0.10691002356103572 	 2 	 0.003598665914253812 	 0.531713913526573
2	10	2	100	0.0 	 0.018803212882241755 	 0.06200702285524192 	 2 	 0.00021044805496870647 	 1.0
2	10	2	1000	0.0 	 0.021275261128023065 	 0.06200763863604862 	 2 	 0.00021050574803790263 	 1.0
2	10	2	10000	0.0 	 0.020490452472705235 	 0.06200695728237334 	 2 	 0.0002104286184424048 	 1.0
3	1	2	100	0.0 	 0.04952211563818203 	 0.5494775129699868 	 3 	 0.0035757129388962455 	 1.0
3	1	2	1000	0.0 	 0.0497453333703004 	 0.5494775129699868 	 3 	 0.0035757129388962455 	 1.0
3	1	2	10000	0.0 	 0.04957149582214225 	 0.5494775129699868 	 3 	 0.0035757129388962455 	 1.0
3	2	2	100	0.2 	 0.021779324384926305 	 0.2863803895072857 	 3 	 0.0036974225888131416 	 0.45663168971842455
3	2	2	1000	0.2 	 0.02158681411289865 	 0.2863803895072857 	 3 	 0.0036974225888131416 	 0.45663168971842455
3	2	2	10000	0.2 	 0.02152769727354799 	 0.2863803895072857 	 3 	 0.0036974225888131416 	 0.45663168971842455
3	3	2	100	0.0 	 0.03291597681615047 	 0.35634113443550136 	 3 	 0.004397691808696543 	 1.0
3	3	2	1000	0.0 	 0.03301145490297586 	 0.35634066026437916 	 3 	 0.0043976656563743345 	 1.0
3	3	2	10000	0.0 	 0.03302235821729908 	 0.35634061284718205 	 3 	 0.00439766304113916 	 1.0
3	4	2	100	0.0 	 0.022105286814805995 	 0.2694127593608468 	 3 	 0.004930235426828269 	 1.0
3	4	2	1000	0.0 	 0.021984159937608508 	 0.2694127593608468 	 3 	 0.004930235426828269 	 1.0
3	4	2	10000	0.0 	 0.021152509299039408 	 0.2694127593608468 	 3 	 0.004930235426828269 	 1.0
3	5	2	100	0.2 	 0.028718663537706912 	 0.27043925153097875 	 3 	 0.0026714007596537973 	 0.9999991527488042
3	5	2	1000	0.2 	 0.02872489656571966 	 0.27043925172200334 	 3 	 0.0026714007456900618 	 0.999999152083847
3	5	2	10000	0.2 	 0.0287255135561388 	 0.2704392517407632 	 3 	 0.002671400744458356 	 0.9999991520235184
3	6	2	100	0.5 	 0.02719784324124424 	 0.2808555726038557 	 3 	 0.0032011156677926944 	 0.43034667523158215
3	6	2	1000	0.5 	 0.02784605767955625 	 0.29047949752174523 	 3 	 0.0034495965912688786 	 0.4610339320898826
3	6	2	10000	0.5 	 0.02799568160519237 	 0.2918884592930003 	 3 	 0.0034744702422926203 	 0.4641058129857154
3	7	2	100	0.2 	 0.01806484451910022 	 0.32690700630614566 	 3 	 0.001490202216056247 	 0.7569919017773357
3	7	2	1000	0.2 	 0.01806484451910022 	 0.32718726931025227 	 3 	 0.0014925662945250093 	 0.756726189449523
3	7	2	10000	0.2 	 0.01806484451910022 	 0.3272152827746226 	 3 	 0.0014922633124989238 	 0.7567636077297446
3	8	2	100	0.2 	 0.0250159572024001 	 0.48835097301046504 	 3 	 0.005204287811150468 	 0.9999857497660711
3	8	2	1000	0.2 	 0.025013284906166996 	 0.4883509717438 	 3 	 0.005204287537156477 	 0.9999857343532894
3	8	2	10000	0.2 	 0.02501301836543959 	 0.4883509716178923 	 3 	 0.0052042875100041 	 0.9999857328267945
3	9	2	100	0.2 	 0.024902168018163633 	 0.40620586808976916 	 3 	 0.004065581577693534 	 0.9999902567887514
3	9	2	1000	0.2 	 0.02488945338502977 	 0.4062058635330014 	 3 	 0.004065580322772988 	 0.999990185814525
3	9	2	10000	0.2 	 0.024888189919214158 	 0.4062058630833617 	 3 	 0.004065580199847313 	 0.9999901788763906
3	10	2	100	0.0 	 0.03603145290487822 	 0.3766804126700548 	 3 	 0.0037165536349546818 	 1.0
3	10	2	1000	0.0 	 0.036054448525909576 	 0.3766804107272138 	 3 	 0.003716554217678577 	 1.0
3	10	2	10000	0.0 	 0.03605681560763467 	 0.37668041053069007 	 3 	 0.003716554276063655 	 1.0
5	1	2	100	0.0 	 0.05618782196690359 	 0.40449119730053257 	 5 	 0.0032935637842750227 	 1.0
5	1	2	1000	0.0 	 0.05705709518951317 	 0.4039912142967981 	 5 	 0.0032935637842750227 	 1.0
5	1	2	10000	0.0 	 0.05611172413636576 	 0.4039412310459617 	 5 	 0.0032935637842750227 	 1.0
5	2	2	100	0.1111111111111111 	 0.04064628043402185 	 0.3458050630448386 	 5 	 0.005807684789722656 	 1.0
5	2	2	1000	0.1111111111111111 	 0.040786950520377195 	 0.3458050630448386 	 5 	 0.005807684789722656 	 1.0
5	2	2	10000	0.1111111111111111 	 0.04109050227920999 	 0.3458050630448386 	 5 	 0.005807684789722656 	 1.0
5	3	2	100	0.1111111111111111 	 0.057844135960561684 	 0.5775180239926669 	 5 	 0.005742235493985548 	 1.0000012161380034
5	3	2	1000	0.1111111111111111 	 0.058160786705868314 	 0.5775179204132223 	 5 	 0.0057422329339451485 	 1.000001137859308
5	3	2	10000	0.1111111111111111 	 0.058197912081651565 	 0.5775179100553254 	 5 	 0.0057422326779492504 	 1.0000011300291343
5	4	2	100	0.0 	 0.046337564290284225 	 0.5203713393978157 	 5 	 0.006177458567375711 	 1.0
5	4	2	1000	0.0 	 0.04650930415136901 	 0.5203713393978157 	 5 	 0.006177458567375711 	 1.0
5	4	2	10000	0.0 	 0.029641288567248847 	 0.2673542298650471 	 5 	 0.004136399162077869 	 1.0
5	5	2	100	0.1111111111111111 	 0.04917537026467355 	 0.35534639587677075 	 5 	 0.002287176328258799 	 0.9105344231711796
5	5	2	1000	0.1111111111111111 	 0.04917526875422096 	 0.3551097121465604 	 5 	 0.002280099868859367 	 0.9106997029021711
5	5	2	10000	0.1111111111111111 	 0.04917526272354824 	 0.3550860550333217 	 5 	 0.0022793916239171033 	 0.9107163036186454
5	6	2	100	0.25 	 0.06617073807478943 	 0.33728106608384706 	 5 	 0.0030235276640347207 	 0.5107913726487013
5	6	2	1000	0.25 	 0.06784944630149514 	 0.34883689751911706 	 5 	 0.003254004145106968 	 0.5382663224968033
5	6	2	10000	0.25 	 0.06809154953295522 	 0.350047390809305 	 5 	 0.003276970185130259 	 0.5410041979661232
5	7	2	100	0.1111111111111111 	 0.04332777917725209 	 0.5136289273369444 	 5 	 0.005544055832803704 	 1.0000077552520636
5	7	2	1000	0.1111111111111111 	 0.043329282005954026 	 0.5136290180922047 	 5 	 0.005544062907814058 	 1.0000079657853163
5	7	2	10000	0.1111111111111111 	 0.043329330249992595 	 0.513629021072722 	 5 	 0.005544063139665659 	 1.0000079726580082
5	8	2	100	0.1111111111111111 	 0.05463863951996824 	 0.5739221299523954 	 5 	 0.005936356276204406 	 1.0000012655370745
5	8	2	1000	0.1111111111111111 	 0.05490937737326114 	 0.5739220157501003 	 5 	 0.005936353685389401 	 1.0000011861949205
5	8	2	10000	0.1111111111111111 	 0.05494070437783155 	 0.5739220044278355 	 5 	 0.0059363534263025385 	 1.0000011782616949
5	9	2	100	0.25 	 0.044285037945954744 	 0.2358650028907268 	 5 	 0.0007307404644749064 	 0.543770823961716
5	9	2	1000	0.25 	 0.04425292727576482 	 0.23572912253054948 	 5 	 0.0007461952735658395 	 0.545651222391963
5	9	2	10000	0.25 	 0.044247834213447114 	 0.23571557461503834 	 5 	 0.0007477407539865637 	 0.5458392621943409
5	10	2	100	0.0 	 0.04413063781843806 	 0.4362842034515443 	 5 	 0.005690585071894591 	 1.0
5	10	2	1000	0.0 	 0.04494490128420304 	 0.43629376966735034 	 5 	 0.005691052350924805 	 1.0
5	10	2	10000	0.0 	 0.045012291169282674 	 0.43629472645070067 	 5 	 0.005691099064628571 	 1.0
7	1	2	100	0.07692307692307693 	 0.06795551497522544 	 0.31403026441402004 	 7 	 0.0032959425810493736 	 0.7468036718057854
7	1	2	1000	0.07692307692307693 	 0.06818633392876848 	 0.3139378672976441 	 7 	 0.0032959425810493736 	 0.7468036718057854
7	1	2	10000	0.07692307692307693 	 0.06843939462330594 	 0.31392863507606045 	 7 	 0.0032959425810493736 	 0.7468036718057854
7	2	2	100	0.07692307692307693 	 0.06182361418323252 	 0.42115002365020837 	 7 	 0.006453465857812382 	 1.0
7	2	2	1000	0.07692307692307693 	 0.06327159340468642 	 0.42115002365020837 	 7 	 0.006453465857812382 	 1.0
7	2	2	10000	0.07692307692307693 	 0.064098932548601 	 0.42115002365020837 	 7 	 0.006453465857812382 	 1.0
7	3	2	100	0.16666666666666666 	 0.09119846930142088 	 0.516278728665646 	 7 	 0.004111423744688034 	 0.7521401067217693
7	3	2	1000	0.16666666666666666 	 0.08974024209370683 	 0.5164787713055857 	 7 	 0.0041142059057895026 	 0.7534873049997575
7	3	2	10000	0.16666666666666666 	 0.08966550329181873 	 0.516498779067498 	 7 	 0.004114484132597128 	 0.753622013107449
7	4	2	100	0.07692307692307693 	 0.06941919822097702 	 0.5013565351065228 	 7 	 0.006224837137328484 	 0.8082674362856033
7	4	2	1000	0.07692307692307693 	 0.06883340521013417 	 0.50107472520155 	 7 	 0.006220585014704343 	 0.8082674362856033
7	4	2	10000	0.07692307692307693 	 0.06918745767523782 	 0.5010465451092068 	 7 	 0.0062201598024419266 	 0.8082674362856033
7	5	2	100	0.07692307692307693 	 0.06219352033034704 	 0.5160439686435262 	 7 	 0.004701905755098672 	 1.0
7	5	2	1000	0.07692307692307693 	 0.06406189690641223 	 0.516050668995281 	 7 	 0.004701905755098672 	 1.0
7	5	2	10000	0.07692307692307693 	 0.06343492530931959 	 0.5160513389498337 	 7 	 0.004701905755098672 	 1.0
7	6	2	100	0.07692307692307693 	 0.08940881349405064 	 0.4289182894893622 	 7 	 0.003036537121990881 	 0.7310898553410294
7	6	2	1000	0.07692307692307693 	 0.08913990120772021 	 0.4298654138959891 	 7 	 0.0030549647131843513 	 0.7310898553410294
7	6	2	10000	0.07692307692307693 	 0.089821129120569 	 0.4299601721034862 	 7 	 0.003056807472303834 	 0.7310898553410294
7	7	2	100	0.07692307692307693 	 0.04067519876592528 	 0.33033226490871603 	 7 	 0.004723107544779311 	 0.757665898356489
7	7	2	1000	0.07692307692307693 	 0.04119543833449386 	 0.3303418015648668 	 7 	 0.00472310754477931 	 0.757665898356489
7	7	2	10000	0.07692307692307693 	 0.04077203556679456 	 0.3303427552468626 	 7 	 0.004723107544779311 	 0.757665898356489
7	8	2	100	0.0 	 0.059546078546044594 	 0.40810538595781815 	 7 	 0.004433027946006449 	 1.0
7	8	2	1000	0.0 	 0.05953707142673518 	 0.4081573231226146 	 7 	 0.004433018056935456 	 1.0
7	8	2	10000	0.0 	 0.05953614143638989 	 0.40816251671158543 	 7 	 0.00443301705799023 	 1.0
7	9	2	100	0.16666666666666666 	 0.057096484267498276 	 0.27212724054017934 	 7 	 0.0006034619135611057 	 0.7053367149785438
7	9	2	1000	0.16666666666666666 	 0.059238724403092226 	 0.2726272667131821 	 7 	 0.0006289607151502919 	 0.7070959098787302
7	9	2	10000	0.16666666666666666 	 0.05685370404140474 	 0.27267706643162554 	 7 	 0.0006315106001331496 	 0.7072718784365374
7	10	2	100	0.07692307692307693 	 0.07724571746870626 	 0.48711138569821805 	 7 	 0.0062832948895264005 	 0.999999640604373
7	10	2	1000	0.07692307692307693 	 0.07727923842689066 	 0.48711138821390065 	 7 	 0.006283295458026952 	 0.9999996474879844
7	10	2	10000	0.07692307692307693 	 0.07728264300382068 	 0.4871113884654714 	 7 	 0.006283295514874167 	 0.9999996481766715
10	1	2	100	0.05263157894736842 	 0.09315862509824586 	 0.5069481146542703 	 10 	 0.005388127128815702 	 1.0
10	1	2	1000	0.05263157894736842 	 0.09311256174177918 	 0.5069079577654159 	 10 	 0.0053881271288157015 	 1.0
10	1	2	10000	0.05263157894736842 	 0.09280626286787133 	 0.5069039422619772 	 10 	 0.0053881271288157015 	 1.0
10	2	2	100	0.1111111111111111 	 0.08178984533148777 	 0.3560117723819317 	 10 	 0.005787409960999004 	 0.8274119737719647
10	2	2	1000	0.1111111111111111 	 0.0817879019274942 	 0.35603693129030045 	 10 	 0.005787419032417049 	 0.8274122828458084
10	2	2	10000	0.1111111111111111 	 0.0817876874985059 	 0.3560394472985303 	 10 	 0.005787419961854737 	 0.8274123144994204
10	3	2	100	0.05263157894736842 	 0.09122588586597223 	 0.4318639771056965 	 10 	 0.003507240505948053 	 0.8082805151919843
10	3	2	1000	0.05263157894736842 	 0.09090288588833131 	 0.4318312536226076 	 10 	 0.003524184227420106 	 0.8082805882097935
10	3	2	10000	0.05263157894736842 	 0.09098950860552717 	 0.4318228786261327 	 10 	 0.0035258928546974136 	 0.8082805897218828
10	4	2	100	0.1111111111111111 	 0.08073184267150911 	 0.48005011754685734 	 10 	 0.00713532563511735 	 1.0
10	4	2	1000	0.1111111111111111 	 0.08041739594149977 	 0.48005011754685734 	 10 	 0.00713532563511735 	 1.0
10	4	2	10000	0.1111111111111111 	 0.08074054551812106 	 0.48005011754685734 	 10 	 0.00713532563511735 	 1.0
10	5	2	100	0.1111111111111111 	 0.08064288004467805 	 0.5134116432716817 	 10 	 0.005564427452845506 	 1.0
10	5	2	1000	0.1111111111111111 	 0.08339989258183982 	 0.5134433795402802 	 10 	 0.005564427452845506 	 1.0
10	5	2	10000	0.1111111111111111 	 0.08315717321350631 	 0.5134465525895516 	 10 	 0.005564427452845507 	 1.0
10	6	2	100	0.17647058823529413 	 0.07515625669279444 	 0.4024772732785396 	 10 	 0.004335741303910498 	 0.8674652081915978
10	6	2	1000	0.17647058823529413 	 0.07485576356186399 	 0.40277258435078117 	 10 	 0.004337294351072597 	 0.8674652081915977
10	6	2	10000	0.17647058823529413 	 0.07486751507825205 	 0.40280210284238305 	 10 	 0.00433744965578881 	 0.8674652081915977
10	7	2	100	0.05263157894736842 	 0.08137984952058316 	 0.4904339050133769 	 10 	 0.00686207037311205 	 1.0
10	7	2	1000	0.05263157894736842 	 0.08153614761729934 	 0.4904339050133769 	 10 	 0.00686207037311205 	 1.0
10	7	2	10000	0.05263157894736842 	 0.07989881437678094 	 0.4904339050133769 	 10 	 0.00686207037311205 	 1.0
10	8	2	100	0.05263157894736842 	 0.09599623614537815 	 0.572774646118412 	 10 	 0.007020984124588193 	 1.0
10	8	2	1000	0.05263157894736842 	 0.09561395814547508 	 0.572774646118412 	 10 	 0.007020984124588193 	 1.0
10	8	2	10000	0.05263157894736842 	 0.0948745250465248 	 0.572774646118412 	 10 	 0.007020984124588193 	 1.0
10	9	2	100	0.0 	 0.11382801092971413 	 0.49711002115697495 	 10 	 0.003698280075045526 	 1.0
10	9	2	1000	0.0 	 0.11390050655472987 	 0.4968955909101902 	 10 	 0.0037167604726262237 	 1.0
10	9	2	10000	0.0 	 0.11391738778870099 	 0.4968741282614746 	 10 	 0.0037186085093089557 	 1.0
10	10	2	100	0.05263157894736842 	 0.07652020065734028 	 0.2432193997167824 	 10 	 0.0007992160322598126 	 0.8788229750179058
10	10	2	1000	0.05263157894736842 	 0.07803870963130227 	 0.24205825354445284 	 10 	 0.0009238527776202093 	 0.8788229753219816
10	10	2	10000	0.05263157894736842 	 0.07868987730408515 	 0.2419511681353189 	 10 	 0.0009382960662469944 	 0.8788229665348717
