2	1	0	0	0.0 	 0.0004926611592930402 	 0.056245148066410865 	 2 	 0.00027632802152313457 	 1.0
2	2	0	0	0.3333333333333333 	 0.007076151110048017 	 0.03822581905665843 	 2 	 0.00015569178518817979 	 0.05612696600403024
2	3	0	0	0.3333333333333333 	 0.0011923973080473279 	 0.2337784012514485 	 2 	 0.0012136123890174409 	 1.0
2	4	0	0	0.0 	 0.002127857349491114 	 0.1431521793080326 	 2 	 0.0006677212262910907 	 1.0
2	5	0	0	0.3333333333333333 	 0.0090629358316102 	 0.1344867580372679 	 2 	 0.0005635380916965583 	 0.20315548205660933
2	6	0	0	1.0 	 6.604105606037755e-18 	 1.1306198538447815e-16 	 2 	 7.69918879767792e-20 	 2.7755575615628914e-17
2	7	0	0	0.0 	 0.004887704462022203 	 0.047791826558758736 	 2 	 0.00024721652010864254 	 1.0
2	8	0	0	0.3333333333333333 	 0.0010332031603337895 	 0.2035088575340685 	 2 	 0.0010325339012544925 	 0.5258178082816661
2	9	0	0	0.3333333333333333 	 0.0035274446182322425 	 0.019113405497778572 	 2 	 5.617803092600986e-05 	 0.020252180148826567
2	10	0	0	0.0 	 0.010292435044649483 	 0.026210276513172752 	 2 	 7.267560299565996e-05 	 1.0
3	1	0	0	0.0 	 0.0051921454444617205 	 0.1108998164566154 	 3 	 0.0004899963351739678 	 1.0
3	2	0	0	0.2 	 0.00860068862058214 	 0.07551683829493896 	 3 	 0.0003489059862027111 	 0.5689976616512687
3	3	0	0	0.0 	 0.0046040551493805384 	 0.0922637480200071 	 3 	 0.0005221101109761908 	 1.0
3	4	0	0	0.2 	 0.00911757348540268 	 0.2385265496495521 	 3 	 0.0011011818583003962 	 0.6088840752132908
3	5	0	0	0.2 	 0.008792082569752929 	 0.3149945452944276 	 3 	 0.0008533867440824502 	 0.9768728783063543
3	6	0	0	0.0 	 0.007688733646601697 	 0.15983938777795195 	 3 	 0.0015677933176545316 	 1.0
3	7	0	0	0.0 	 0.004314342433552531 	 0.16479859905653776 	 3 	 0.00022552777627267784 	 1.0
3	8	0	0	0.2 	 0.0030980794566587834 	 0.04239687749148206 	 3 	 0.0008917892005211139 	 0.6794017824126575
3	9	0	0	0.5 	 0.003284405694501007 	 0.03239309822077822 	 3 	 0.00022022590871881675 	 0.07917121418441513
3	10	0	0	0.0 	 0.010845668533465226 	 0.024966913230165824 	 3 	 0.00010373545918688473 	 1.0
5	1	0	0	0.42857142857142855 	 0.014297288325518624 	 0.2577106949021117 	 5 	 0.0016008812462865948 	 0.9177670367294584
5	2	0	0	0.1111111111111111 	 0.015043428884974296 	 0.16926083638216302 	 5 	 0.0008704627168823567 	 0.7665072467617734
5	3	0	0	0.1111111111111111 	 0.010598876578207257 	 0.22140904424744154 	 5 	 0.0012809010483844966 	 0.9015092516539691
5	4	0	0	0.1111111111111111 	 0.014999318187060441 	 0.16128510728219655 	 5 	 0.000934225555392487 	 0.7587403337377456
5	5	0	0	0.1111111111111111 	 0.007880078764417145 	 0.22297282088478002 	 5 	 0.0006052857494412288 	 1.0
5	6	0	0	0.1111111111111111 	 0.010830517240774398 	 0.19524435521000097 	 5 	 0.0006132698351304082 	 0.9810074699058037
5	7	0	0	0.0 	 0.01035712115348025 	 0.13558044345714607 	 5 	 0.0005058250379120599 	 1.0
5	8	0	0	0.0 	 0.008702502977064038 	 0.13398455886881588 	 5 	 0.0010162153151690259 	 1.0
5	9	0	0	0.1111111111111111 	 0.007988256363621757 	 0.09567937639390699 	 5 	 0.00016702970938459579 	 0.6091205684616665
5	10	0	0	0.0 	 0.0156535549417512 	 0.04420717917058506 	 5 	 0.0011043865003236178 	 1.0
7	1	0	0	0.0 	 0.012138764879834419 	 0.13011178962035708 	 7 	 0.0011348545715953345 	 1.0
7	2	0	0	0.0 	 0.03502226900800977 	 0.25745527964533255 	 7 	 0.0010184468555624895 	 1.0
7	3	0	0	0.07692307692307693 	 0.010919746637504 	 0.14401431874568787 	 7 	 0.0013691783656542013 	 0.8614520366448959
7	4	0	0	0.16666666666666666 	 0.025559002201509123 	 0.2270860793933742 	 7 	 0.00120203359850674 	 0.6172399387324601
7	5	0	0	0.0 	 0.02660713154777269 	 0.42126221573093725 	 7 	 0.0014132604886644773 	 1.0
7	6	0	0	0.16666666666666666 	 0.017777856698924982 	 0.15200716384364124 	 7 	 0.000670754670451536 	 0.5518733681843679
7	7	0	0	0.07692307692307693 	 0.019907391092413 	 0.1566440960427751 	 7 	 0.0011747147397607705 	 0.757665898356489
7	8	0	0	0.0 	 0.024818435976960262 	 0.10562974692522253 	 7 	 0.0008866581826485729 	 1.0
7	9	0	0	0.16666666666666666 	 0.01074994384886413 	 0.24987994886796003 	 7 	 0.00099059768575648 	 0.5208910494760598
7	10	0	0	0.0 	 0.025807910858550238 	 0.19558418400240607 	 7 	 0.002112114409302884 	 1.0
10	1	0	0	0.05263157894736842 	 0.021822526759925194 	 0.1069693664518176 	 10 	 0.0008323490095663219 	 0.9583899848749143
10	2	0	0	0.0 	 0.045365918161829305 	 0.29673436906484707 	 10 	 0.001567934253429202 	 1.0
10	3	0	0	0.0 	 0.021607245867428033 	 0.12315865492497757 	 10 	 0.0007172889865701069 	 1.0
10	4	0	0	0.0 	 0.03753092121496537 	 0.2392507730210226 	 10 	 0.0009821994222034241 	 1.0
10	5	0	0	0.05263157894736842 	 0.029068089808135453 	 0.37825374762586184 	 10 	 0.0017557906327593169 	 1.0
10	6	0	0	0.1111111111111111 	 0.03043537945385616 	 0.20761126127880697 	 10 	 0.0009026695638125753 	 0.809909493319537
10	7	0	0	0.05263157894736842 	 0.027787204746138428 	 0.1417206273991136 	 10 	 0.0013283296060440986 	 1.0
10	8	0	0	0.1111111111111111 	 0.027482573377156285 	 0.1126158903903084 	 10 	 0.0010391033031787748 	 0.6724520209517547
10	9	0	0	0.17647058823529413 	 0.02854034293478685 	 0.262936289113394 	 10 	 0.0011557467421500023 	 0.5639710854429266
10	10	0	0	0.0 	 0.03152021024832988 	 0.1387550195284252 	 10 	 0.002304985549675058 	 1.0
2	1	1	100	0.3333333333333333 	 0.009093921032976968 	 0.16409249821235086 	 2 	 0.0007171003536123292 	 0.49861298120506625
2	1	1	1000	0.3333333333333333 	 0.009093921032976968 	 0.16409249821235086 	 2 	 0.000716979310394539 	 0.4985693451250529
2	1	1	10000	0.3333333333333333 	 0.009093921032976968 	 0.16409249821235086 	 2 	 0.0007171411931128603 	 0.49862770384500776
2	2	1	100	0.3333333333333333 	 0.008034544670670605 	 0.03836451342835604 	 2 	 0.00015668713902578234 	 0.05648581232195702
2	2	1	1000	0.3333333333333333 	 0.007271904217298557 	 0.038347753599395 	 2 	 0.0001566872746564075 	 0.05648581234751256
2	2	1	10000	0.3333333333333333 	 0.007981572393960018 	 0.03817799294731389 	 2 	 0.00015668717426752462 	 0.05648581233230184
2	3	1	100	0.3333333333333333 	 0.0007053085276769568 	 0.11111210657008856 	 2 	 0.0005519912390066413 	 1.0
2	3	1	1000	0.3333333333333333 	 0.0007163865978165644 	 0.11111210657008856 	 2 	 0.0005519912390066413 	 1.0
2	3	1	10000	0.3333333333333333 	 0.0007200624761541419 	 0.11111210657008856 	 2 	 0.0005519912390066413 	 1.0
2	4	1	100	0.0 	 0.002127857349491114 	 0.1330741207402773 	 2 	 0.00045523656355533535 	 1.0
2	4	1	1000	0.0 	 0.002127857349491114 	 0.12094712930704099 	 2 	 0.00038724408869988643 	 1.0
2	4	1	10000	0.0 	 0.002127857349491114 	 0.11972653004579839 	 2 	 0.00038044484121434256 	 1.0
2	5	1	100	0.3333333333333333 	 0.0013936414036082691 	 0.08840410870985531 	 2 	 0.0002858879121515027 	 0.6150070358771921
2	5	1	1000	0.3333333333333333 	 0.0013936414036082691 	 0.08818763948383462 	 2 	 0.00028720401795791055 	 0.615007035877192
2	5	1	10000	0.3333333333333333 	 0.0013936414036082691 	 0.08816599496974727 	 2 	 0.0002873356285385505 	 0.615007035877192
2	6	1	100	0.3333333333333333 	 0.01059396733547332 	 0.12177984966697657 	 2 	 0.000995927666196481 	 0.49504515802178456
2	6	1	1000	0.3333333333333333 	 0.01059396733547332 	 0.12177984966697657 	 2 	 0.0009955634301240046 	 0.4949138509176569
2	6	1	10000	0.3333333333333333 	 0.01059396733547332 	 0.12177984966697657 	 2 	 0.0009956847642234323 	 0.4949575918605006
2	7	1	100	0.0 	 0.004856645196718425 	 0.1276181584889765 	 2 	 0.0008048200293820266 	 1.0
2	7	1	1000	0.0 	 0.004844637881104933 	 0.1276181584889765 	 2 	 0.0008048200293820266 	 1.0
2	7	1	10000	0.0 	 0.0048475946577262955 	 0.1276181584889765 	 2 	 0.0008048200293820266 	 1.0
2	8	1	100	0.3333333333333333 	 0.00018074066059886075 	 0.005696658128163716 	 2 	 1.2562362721779928e-06 	 0.7099827169773166
2	8	1	1000	0.3333333333333333 	 0.002017990689515324 	 0.08651992813819369 	 2 	 0.0003420765323972751 	 0.8328484337304142
2	8	1	10000	0.3333333333333333 	 0.002017990689515324 	 0.08668080980533636 	 2 	 0.0003433181721111104 	 0.8332960448472518
2	9	1	100	0.3333333333333333 	 0.0027700770640600165 	 0.08885999036765374 	 2 	 0.0002836164815779365 	 0.6207596555299887
2	9	1	1000	0.3333333333333333 	 0.00279766443687829 	 0.08929090827516917 	 2 	 0.00027714546763618815 	 0.6207596555299886
2	9	1	10000	0.3333333333333333 	 0.002800433000333738 	 0.08933397167369289 	 2 	 0.00027649836624201097 	 0.6207596555299887
2	10	1	100	0.0 	 0.0014266308648445678 	 0.3762518815390816 	 2 	 0.0013319160559382083 	 1.0
2	10	1	1000	0.0 	 0.0014266308648445678 	 0.3743917023226784 	 2 	 0.0013242844384229384 	 1.0
2	10	1	10000	0.0 	 0.0014266308648445678 	 0.3742056148708247 	 2 	 0.0013235212766714109 	 1.0
3	1	1	100	0.2 	 0.011238911429703555 	 0.23939807119105416 	 3 	 0.0003630821510951956 	 0.543644129475783
3	1	1	1000	0.2 	 0.011396726128303317 	 0.23939807119105416 	 3 	 0.0003630821510951956 	 0.543644129475783
3	1	1	10000	0.2 	 0.011413337242071896 	 0.23939807119105416 	 3 	 0.0003630821510951956 	 0.543644129475783
3	2	1	100	0.2 	 0.00918453770354169 	 0.06159784614184348 	 3 	 0.00015293380500267875 	 0.2949370455087584
3	2	1	1000	0.2 	 0.009619262297400821 	 0.06382121835342355 	 3 	 0.00011942034358522552 	 0.28288895484447985
3	2	1	10000	0.2 	 0.009614887711809999 	 0.06375598803437238 	 3 	 0.00011942034406389705 	 0.28288895484484156
3	3	1	100	0.0 	 0.00931623772304662 	 0.12268779425133657 	 3 	 0.0013184300716909837 	 1.0
3	3	1	1000	0.0 	 0.008977281736767075 	 0.12268779425133657 	 3 	 0.0013184300716909837 	 1.0
3	3	1	10000	0.0 	 0.009265616461630934 	 0.12268779425133657 	 3 	 0.0013184300716909837 	 1.0
3	4	1	100	0.2 	 0.0013703959798041464 	 0.19183270069949085 	 3 	 0.0010388855374324673 	 0.7554004368280568
3	4	1	1000	0.2 	 0.0014143070737789108 	 0.1927284149082497 	 3 	 0.0010446348874619108 	 0.7574673281636417
3	4	1	10000	0.2 	 0.0027305370451494405 	 0.18831344619587312 	 3 	 0.0008491710174766533 	 0.6871980669039411
3	5	1	100	0.2 	 0.004870849659689492 	 0.11252200267372135 	 3 	 0.0007460377482508666 	 0.7182623684919477
3	5	1	1000	0.2 	 0.004739257638184626 	 0.11236533535480402 	 3 	 0.0007460377482508668 	 0.7182623684919477
3	5	1	10000	0.2 	 0.0044486095423342635 	 0.11234967496592572 	 3 	 0.0007460377482508667 	 0.7182623684919477
3	6	1	100	0.5 	 0.005389801247192342 	 0.023582179123665687 	 3 	 0.00027462087337459205 	 0.09872620397816648
3	6	1	1000	0.5 	 0.005408373377864039 	 0.02414989963615013 	 3 	 0.0002763494463393513 	 0.09934762595899743
3	6	1	10000	0.5 	 0.00541178965138799 	 0.02424828185772246 	 3 	 0.00027652230363582755 	 0.09940976815708064
3	7	1	100	0.0 	 0.009094933278962084 	 0.14255865664137526 	 3 	 0.00025197253393598716 	 1.0
3	7	1	1000	0.0 	 0.009094933278962084 	 0.1438406526184758 	 3 	 0.00026492492820164905 	 1.0
3	7	1	10000	0.0 	 0.009094933278962084 	 0.14396897223231053 	 3 	 0.0002662201676282146 	 1.0
3	8	1	100	0.2 	 0.004185015684685922 	 0.07309487691875592 	 3 	 0.0005408570568717904 	 0.5166867038624917
3	8	1	1000	0.2 	 0.004185015684685922 	 0.07427427190393446 	 3 	 0.00047483082369410346 	 0.5166867038624916
3	8	1	10000	0.2 	 0.004185015684685922 	 0.07439213178665238 	 3 	 0.0004681655039069967 	 0.5166867038624917
3	9	1	100	0.2 	 0.005506069341682171 	 0.10224681714615876 	 3 	 0.0013296196213735726 	 0.9972939837952611
3	9	1	1000	0.2 	 0.0045866188244580025 	 0.1026452919009517 	 3 	 0.001337174807160214 	 1.0000104473910356
3	9	1	10000	0.2 	 0.004372199284047729 	 0.10264313811311765 	 3 	 0.00133714659131497 	 0.9999999889044076
3	10	1	100	0.0 	 0.00130544419716249 	 0.0720379600466909 	 3 	 0.0008178663701650431 	 1.0
3	10	1	1000	0.0 	 0.00130544419716249 	 0.07272731390157575 	 3 	 0.0008221298682899952 	 1.0
3	10	1	10000	0.0 	 0.00130544419716249 	 0.07279582646017635 	 3 	 0.000822557418787087 	 1.0
5	1	1	100	0.42857142857142855 	 0.010736852747300919 	 0.10738926489012086 	 5 	 0.0005583323196989031 	 0.6262480210185376
5	1	1	1000	0.25 	 0.010725564581218436 	 0.10065569992837886 	 5 	 0.0004888024947240198 	 0.8320837460693126
5	1	1	10000	0.42857142857142855 	 0.010984749468022612 	 0.1030926522795491 	 5 	 0.00048648687578550185 	 0.6129135555127884
5	2	1	100	0.1111111111111111 	 0.016205462647981107 	 0.16663841950785668 	 5 	 0.0009943872159219498 	 0.5654224506161355
5	2	1	1000	0.1111111111111111 	 0.0162973171815651 	 0.16872547081818534 	 5 	 0.0009943872159219498 	 0.5654224506161355
5	2	1	10000	0.1111111111111111 	 0.01629227962568333 	 0.16893357853326546 	 5 	 0.0009943872159219496 	 0.5654224506161355
5	3	1	100	0.0 	 0.011058519572851939 	 0.1498319295205207 	 5 	 0.000643611528650103 	 1.0
5	3	1	1000	0.0 	 0.011137844033055127 	 0.15057615602118996 	 5 	 0.0006436115286501038 	 1.0
5	3	1	10000	0.0 	 0.011086799808709549 	 0.1506506710614757 	 5 	 0.0006436115286501038 	 1.0
5	4	1	100	0.25 	 0.016033326878193165 	 0.19315824413315574 	 5 	 0.0015537952306104684 	 0.777076873554717
5	4	1	1000	0.25 	 0.015960209768661512 	 0.19248504897433236 	 5 	 0.0015537952306104682 	 0.777076873554717
5	4	1	10000	0.25 	 0.015906871996678416 	 0.19241794187127437 	 5 	 0.0015537952306104682 	 0.7770768735547169
5	5	1	100	0.1111111111111111 	 0.01368392675017822 	 0.26067464971092835 	 5 	 0.0013864847201665613 	 1.0
5	5	1	1000	0.1111111111111111 	 0.014987404468235915 	 0.25970535458928484 	 5 	 0.001386484720166561 	 1.0
5	5	1	10000	0.1111111111111111 	 0.014500789011892846 	 0.2596084980894698 	 5 	 0.0013864847201665613 	 1.0
5	6	1	100	0.1111111111111111 	 0.020723901011526952 	 0.2590237109041305 	 5 	 0.0018333307988362365 	 1.0
5	6	1	1000	0.1111111111111111 	 0.01650552839670662 	 0.25902371090413057 	 5 	 0.0018333307988362365 	 1.0
5	6	1	10000	0.25 	 0.016811716869458093 	 0.25902371090413057 	 5 	 0.0018333307988362365 	 1.0
5	7	1	100	0.0 	 0.01365154216265076 	 0.13912977916401845 	 5 	 0.0005975360376794551 	 1.0
5	7	1	1000	0.0 	 0.013822851553184058 	 0.1397460074633085 	 5 	 0.00046931460357258034 	 1.0
5	7	1	10000	0.0 	 0.013810791597860134 	 0.13984558037642247 	 5 	 0.00046973852424908385 	 1.0
5	8	1	100	0.1111111111111111 	 0.006974476978505114 	 0.06974420568217493 	 5 	 0.00046065151262413955 	 0.6224399171473405
5	8	1	1000	0.25 	 0.007674170630860633 	 0.10552111343906329 	 5 	 0.0008569129253387104 	 0.4640462993155171
5	8	1	10000	0.25 	 0.007672435549814785 	 0.10550657117354804 	 5 	 0.0008569578527988873 	 0.4647202595240013
5	9	1	100	0.1111111111111111 	 0.008910901386925966 	 0.09503908604480085 	 5 	 0.0011005686122652694 	 0.7624779633959359
5	9	1	1000	0.0 	 0.008679149584121911 	 0.09889588027155263 	 5 	 0.001000295455590345 	 1.0
5	9	1	10000	0.0 	 0.00911654308027213 	 0.09883335235996148 	 5 	 0.0009986843972171677 	 1.0
5	10	1	100	0.0 	 0.01540981534237181 	 0.2378971840923495 	 5 	 0.0015603024343050808 	 1.0
5	10	1	1000	0.0 	 0.015391393417614354 	 0.2580555493123666 	 5 	 0.0021983347011281453 	 1.0
5	10	1	10000	0.0 	 0.014706470820384123 	 0.2580555493123666 	 5 	 0.0021983347011281453 	 1.0
7	1	1	100	0.07692307692307693 	 0.01163725339417815 	 0.17339189862674803 	 7 	 0.0012852007576980588 	 1.0
7	1	1	1000	0.07692307692307693 	 0.014343111817752049 	 0.1794999974471394 	 7 	 0.00162615816829516 	 1.0
7	1	1	10000	0.07692307692307693 	 0.011393812830821616 	 0.1711078590937484 	 7 	 0.0012863451717873902 	 1.0
7	2	1	100	0.07692307692307693 	 0.022797234524247326 	 0.13829013882913263 	 7 	 0.00011475843578299068 	 0.8910982666563134
7	2	1	1000	0.07692307692307693 	 0.022196609234238517 	 0.14989291836748006 	 7 	 0.0004691856702904467 	 0.9017671564104743
7	2	1	10000	0.07692307692307693 	 0.031156707055036266 	 0.22038768568462636 	 7 	 0.0011795015973194737 	 1.0
7	3	1	100	0.0 	 0.015665027255034412 	 0.1429037471046455 	 7 	 0.0009289858841655927 	 1.0
7	3	1	1000	0.07692307692307693 	 0.014561397975521051 	 0.13815403327914902 	 7 	 0.0009289858841655943 	 1.0
7	3	1	10000	0.07692307692307693 	 0.014186718843990555 	 0.1432813697785972 	 7 	 0.0009289858841655938 	 1.0
7	4	1	100	0.07692307692307693 	 0.02814935244452826 	 0.21379394657576098 	 7 	 0.0014739895740378613 	 0.8435565752041334
7	4	1	1000	0.07692307692307693 	 0.026074446877796517 	 0.21317212552402617 	 7 	 0.0011380285191237558 	 0.8805658449780396
7	4	1	10000	0.07692307692307693 	 0.026086624958863457 	 0.2131609930361662 	 7 	 0.001138404279079668 	 0.8806994276423665
7	5	1	100	0.0 	 0.0259269768974563 	 0.36237586037459835 	 7 	 0.0017649201822857836 	 1.0
7	5	1	1000	0.0 	 0.02613193206320336 	 0.36099876934174496 	 7 	 0.0017649201822857838 	 1.0
7	5	1	10000	0.0 	 0.025821420222701116 	 0.33994476881711794 	 7 	 0.0017649201822857868 	 1.0
7	6	1	100	0.16666666666666666 	 0.03518149205140532 	 0.3230580618399709 	 7 	 0.0019577650474257857 	 0.9991903142771899
7	6	1	1000	0.16666666666666666 	 0.032927267939059535 	 0.3233502378199256 	 7 	 0.001960042644395716 	 1.0
7	6	1	10000	0.16666666666666666 	 0.03508948531102934 	 0.32263558634405115 	 7 	 0.0019544689251201376 	 0.9980185427975321
7	7	1	100	0.0 	 0.02121991730772232 	 0.16539244218428042 	 7 	 0.0010749374028445756 	 1.0
7	7	1	1000	0.0 	 0.022566195485351045 	 0.16634026604203064 	 7 	 0.0010886587595355015 	 1.0
7	7	1	10000	0.0 	 0.020956328056735214 	 0.16643512133539426 	 7 	 0.0010900308952555883 	 1.0
7	8	1	100	0.0 	 0.02063271495986411 	 0.49964049951078165 	 7 	 0.0013533636731699042 	 1.0
7	8	1	1000	0.0 	 0.020652466893266115 	 0.5005779154941252 	 7 	 0.001353363673169904 	 1.0
7	8	1	10000	0.0 	 0.020842041536723654 	 0.5006719287237321 	 7 	 0.0013533636731699037 	 1.0
7	9	1	100	0.0 	 0.019251916246909327 	 0.201603840173485 	 7 	 0.0014295092236457263 	 1.0
7	9	1	1000	0.0 	 0.015934508953257626 	 0.17945234068549237 	 7 	 0.0009573609638969828 	 1.0
7	9	1	10000	0.0 	 0.016225161585477155 	 0.17936711061114904 	 7 	 0.0009624499682609945 	 1.0
7	10	1	100	0.0 	 0.016331471066459005 	 0.23951678060366305 	 7 	 0.0016748868158301597 	 1.0
7	10	1	1000	0.0 	 0.016328558191780758 	 0.24004945357133248 	 7 	 0.001671686967195706 	 1.0
7	10	1	10000	0.0 	 0.013786663804970692 	 0.24984357823003428 	 7 	 0.0017862505237718493 	 1.0
10	1	1	100	0.05263157894736842 	 0.016662397369143524 	 0.13914798775861095 	 10 	 0.0016512235306880604 	 0.9745408876583107
10	1	1	1000	0.0 	 0.020800804355555293 	 0.14575408925991817 	 10 	 0.0011847934199494114 	 1.0
10	1	1	10000	0.0 	 0.01998649808393786 	 0.1490666702382967 	 10 	 0.0019876667527056 	 1.0
10	2	1	100	0.05263157894736842 	 0.02965731293796285 	 0.18982727210736225 	 10 	 0.000742774981547019 	 1.0000003313551913
10	2	1	1000	0.1111111111111111 	 0.02539147047001839 	 0.2085280392920049 	 10 	 0.00069780228683859 	 0.8827757765146087
10	2	1	10000	0.1111111111111111 	 0.029467059551338555 	 0.19126008657701105 	 10 	 0.0007531799652590421 	 0.7978932032875453
10	3	1	100	0.05263157894736842 	 0.020575616132808148 	 0.1726405361002668 	 10 	 0.00124958042352349 	 1.0
10	3	1	1000	0.05263157894736842 	 0.023771354526082537 	 0.1779293521047077 	 10 	 0.0010600312673404578 	 0.9173055054280608
10	3	1	10000	0.0 	 0.026167414434481676 	 0.18612423030728398 	 10 	 0.0012383271266299583 	 1.0
10	4	1	100	0.1111111111111111 	 0.04042385501288546 	 0.2700902377211152 	 10 	 0.0016287530576563417 	 0.8909040747146748
10	4	1	1000	0.05263157894736842 	 0.03758429711320639 	 0.22452012605019572 	 10 	 0.001321762203395587 	 0.8909038851622828
10	4	1	10000	0.0 	 0.03935114961706797 	 0.23652690748095964 	 10 	 0.0013850283958556436 	 1.0
10	5	1	100	0.05263157894736842 	 0.0385953422987277 	 0.30503816937044603 	 10 	 0.0019454718119505422 	 1.0
10	5	1	1000	0.05263157894736842 	 0.03851482013148642 	 0.303660065264946 	 10 	 0.0015700546635705262 	 1.0
10	5	1	10000	0.0 	 0.041503968391842866 	 0.31444313720128003 	 10 	 0.0016260982220195775 	 1.0
10	6	1	100	0.1111111111111111 	 0.034113739553729226 	 0.18468531155232706 	 10 	 0.0011121571116019767 	 0.752513786423043
10	6	1	1000	0.1111111111111111 	 0.03437358672395705 	 0.17090449117693943 	 10 	 0.0010218910093917019 	 0.7525091318356066
10	6	1	10000	0.1111111111111111 	 0.03451655135452018 	 0.17085004078299487 	 10 	 0.0010212458745178642 	 0.7525093231889532
10	7	1	100	0.1111111111111111 	 0.02809420521678287 	 0.1369564869140196 	 10 	 0.0010025033813185185 	 0.8334025088613803
10	7	1	1000	0.1111111111111111 	 0.03007243949000897 	 0.1543574485201789 	 10 	 0.0011243632888308574 	 0.8379979147570704
10	7	1	10000	0.1111111111111111 	 0.02929187098560546 	 0.1517238496536843 	 10 	 0.0011540813069579234 	 0.8383340271066765
10	8	1	100	0.0 	 0.034613443091379224 	 0.5110035840159554 	 10 	 0.0016358300663975825 	 1.0
10	8	1	1000	0.0 	 0.03221984943901077 	 0.512360299386549 	 10 	 0.0016358300663975825 	 1.0
10	8	1	10000	0.0 	 0.033155925049032565 	 0.5125162937931244 	 10 	 0.0016358300663975825 	 1.0
10	9	1	100	0.05263157894736842 	 0.03175794499966411 	 0.2620843366629583 	 10 	 0.002036427516457982 	 0.8623629906618032
10	9	1	1000	0.05263157894736842 	 0.03252658270447703 	 0.2535181129358592 	 10 	 0.002036427516457982 	 0.8623629906618032
10	9	1	10000	0.1111111111111111 	 0.03327790805367579 	 0.25486928711277435 	 10 	 0.002036427516457982 	 0.8623629906618032
10	10	1	100	0.0 	 0.03471113371567884 	 0.22515799552514137 	 10 	 0.0017460219786008117 	 1.0
10	10	1	1000	0.0 	 0.03195878776900902 	 0.24566410171184774 	 10 	 0.0016421738642879108 	 1.0
10	10	1	10000	0.0 	 0.0319485033701298 	 0.24576774102620846 	 10 	 0.0016442326257082825 	 1.0
2	1	2	100	0.3333333333333333 	 0.0003979258073873291 	 0.006717956708185382 	 2 	 4.1749408797197495e-06 	 0.368167297426986
2	1	2	1000	0.0 	 0.0004931118310784498 	 0.05650869852388409 	 2 	 0.0002777724752942432 	 1.0
2	1	2	10000	0.0 	 0.0004926611592930402 	 0.05627068271732116 	 2 	 0.0002764725471283308 	 1.0
2	2	2	100	0.3333333333333333 	 0.007967683296687733 	 0.039536338082393006 	 2 	 0.00015569180864647867 	 0.05612696601887841
2	2	2	1000	0.3333333333333333 	 0.008086975567389222 	 0.038318016606798184 	 2 	 0.00015569177530864184 	 0.056126966009064146
2	2	2	10000	0.3333333333333333 	 0.007046961926741835 	 0.03823293362191057 	 2 	 0.00015569178091773416 	 0.05612696600763622
2	3	2	100	0.3333333333333333 	 0.0011930987446530452 	 0.2337784012514485 	 2 	 0.0012136123890174409 	 1.0
2	3	2	1000	0.3333333333333333 	 0.001191068349560001 	 0.2337784012514485 	 2 	 0.0012136123890174409 	 1.0
2	3	2	10000	0.3333333333333333 	 0.0011914217270997632 	 0.2337784012514485 	 2 	 0.0012136123890174409 	 1.0
2	4	2	100	0.0 	 0.002127857349491114 	 0.13234473961607418 	 2 	 0.0006044022130344796 	 1.0
2	4	2	1000	0.0 	 0.002127857349491114 	 0.1420649879429821 	 2 	 0.0006613893249654292 	 1.0
2	4	2	10000	0.0 	 0.002127857349491114 	 0.14304339527422053 	 2 	 0.0006670880361585232 	 1.0
2	5	2	100	0.3333333333333333 	 0.009064130195183397 	 0.1344867580372679 	 2 	 0.0005635380916965583 	 0.20315548205660933
2	5	2	1000	0.3333333333333333 	 0.009064062686563117 	 0.1344867580372679 	 2 	 0.0005635380916965583 	 0.20315548205660933
2	5	2	10000	0.3333333333333333 	 0.0090641478639468 	 0.1344867580372679 	 2 	 0.0005635380916965583 	 0.20315548205660933
2	6	2	100	1.0 	 5.601443683576864e-05 	 0.0009018427551419229 	 2 	 1.8642192103056121e-06 	 0.0006720510253151736
2	6	2	1000	1.0 	 5.589085576352165e-06 	 9.023688286074295e-05 	 2 	 1.8642192102996837e-07 	 6.720510253130364e-05
2	6	2	10000	1.0 	 5.587852812437788e-07 	 9.02421470236858e-06 	 2 	 1.8642192102465593e-08 	 6.720510252938849e-06
2	7	2	100	0.0 	 0.004845378573733039 	 0.047791826558758736 	 2 	 0.00024721652010864254 	 1.0
2	7	2	1000	0.0 	 0.004845692610280773 	 0.047791826558758736 	 2 	 0.00024721652010864254 	 1.0
2	7	2	10000	0.0 	 0.004852890684453662 	 0.047791826558758736 	 2 	 0.00024721652010864254 	 1.0
2	8	2	100	0.3333333333333333 	 0.00014877899275234956 	 0.0041882822846268895 	 2 	 1.7998590236271276e-06 	 0.5264666574596838
2	8	2	1000	0.3333333333333333 	 0.0010307554602149531 	 0.20352501920409044 	 2 	 0.0010332056449707202 	 0.5258178082816661
2	8	2	10000	0.3333333333333333 	 0.0010329583309201772 	 0.2035104735045318 	 2 	 0.001032601075626114 	 0.5258178082816661
2	9	2	100	0.3333333333333333 	 0.003580995950651042 	 0.01992430801437996 	 2 	 5.617803092600986e-05 	 0.020252180148826567
2	9	2	1000	0.3333333333333333 	 0.0035566361311379128 	 0.019194307068730414 	 2 	 5.617803092600986e-05 	 0.020252180148826567
2	9	2	10000	0.3333333333333333 	 0.003549135172476903 	 0.0191214254542195 	 2 	 5.617803092600986e-05 	 0.020252180148826567
2	10	2	100	0.0 	 0.010328958592095792 	 0.026210276513172752 	 2 	 7.267560299565996e-05 	 1.0
2	10	2	1000	0.0 	 0.010331096533814655 	 0.026210276513172752 	 2 	 7.267560299565996e-05 	 1.0
2	10	2	10000	0.0 	 0.010297123865678848 	 0.026210276513172752 	 2 	 7.267560299565996e-05 	 1.0
3	1	2	100	0.0 	 0.005071215620314025 	 0.1104891111446451 	 3 	 0.0004877193986732109 	 1.0
3	1	2	1000	0.0 	 0.005124853048176955 	 0.11085875418066223 	 3 	 0.0004897686415238923 	 1.0
3	1	2	10000	0.0 	 0.005137461965130206 	 0.11089571031155425 	 3 	 0.0004899735658089602 	 1.0
3	2	2	100	0.2 	 0.008709906592324497 	 0.08109445541629817 	 3 	 0.00047202053780126475 	 0.5689976616512687
3	2	2	1000	0.2 	 0.008611811570115282 	 0.07608489061647995 	 3 	 0.0003612174413625564 	 0.5689976616512687
3	2	2	10000	0.2 	 0.008601802967886226 	 0.07557374852182498 	 3 	 0.0003501371317186835 	 0.5689976616512687
3	3	2	100	0.0 	 0.004950326629162495 	 0.08796513315572219 	 3 	 0.0005221101109761907 	 1.0
3	3	2	1000	0.0 	 0.004440606767732355 	 0.09183312012717064 	 3 	 0.0005221101109761908 	 1.0
3	3	2	10000	0.0 	 0.004852023730644344 	 0.09222067755162591 	 3 	 0.0005221101109761907 	 1.0
3	4	2	100	0.2 	 0.009061583899861664 	 0.23613128480271053 	 3 	 0.0010731431607002204 	 0.6088840752132908
3	4	2	1000	0.2 	 0.009111968707640727 	 0.23828867880053028 	 3 	 0.0010983780033746874 	 0.6088840752132908
3	4	2	10000	0.2 	 0.009116987489441461 	 0.23850255294121436 	 3 	 0.0011009014879295954 	 0.6088840752132908
3	5	2	100	0.2 	 0.008791825261452819 	 0.3117944849507091 	 3 	 0.0008254621746921775 	 0.9668339956105512
3	5	2	1000	0.2 	 0.008793392684137176 	 0.3146761191859521 	 3 	 0.0008506055113433796 	 0.9758730251366583
3	5	2	10000	0.2 	 0.008793372748928666 	 0.31496397166445844 	 3 	 0.000853119679878874 	 0.9767768687251686
3	6	2	100	0.0 	 0.007504551425235179 	 0.15983938777795195 	 3 	 0.0015677933176545316 	 1.0
3	6	2	1000	0.0 	 0.008118091818958773 	 0.15983938777795195 	 3 	 0.0015677933176545316 	 1.0
3	6	2	10000	0.0 	 0.008516121870136464 	 0.15983938777795195 	 3 	 0.0015677933176545316 	 1.0
3	7	2	100	0.0 	 0.004326157495322666 	 0.1646392789664 	 3 	 0.00022448407556074646 	 1.0
3	7	2	1000	0.0 	 0.004318889656534823 	 0.16475697546886006 	 3 	 0.00022525508989769543 	 1.0
3	7	2	10000	0.0 	 0.004324518609674905 	 0.1647654139957689 	 3 	 0.00022531037210223322 	 1.0
3	8	2	100	0.2 	 0.0031280067422887596 	 0.04335218484445262 	 3 	 0.0008958645531236362 	 0.6794017824126575
3	8	2	1000	0.2 	 0.0031009577260547 	 0.04238525290273301 	 3 	 0.0008917892005211141 	 0.6794017824126575
3	8	2	10000	0.2 	 0.003098115990307095 	 0.04239571490174737 	 3 	 0.000891789200521114 	 0.6794017824126574
3	9	2	100	0.5 	 0.0032219786685621105 	 0.02970699437257528 	 3 	 0.0002010939437434692 	 0.07229327277577764
3	9	2	1000	0.5 	 0.003278199838520523 	 0.03212511859100102 	 3 	 0.00021831271222128094 	 0.07848342004355101
3	9	2	10000	0.5 	 0.0032840238754514167 	 0.03236630654128102 	 3 	 0.00022003458906906276 	 0.07910243477032856
3	10	2	100	0.0 	 0.010702715465701942 	 0.02552818778281527 	 3 	 0.0001124418180502521 	 1.0
3	10	2	1000	0.0 	 0.010733665855968643 	 0.02503856068391341 	 3 	 0.00010484685877029906 	 1.0
3	10	2	10000	0.0 	 0.010689734952570454 	 0.024982901535262957 	 3 	 0.0001039834712668745 	 1.0
5	1	2	100	0.42857142857142855 	 0.01350215398474279 	 0.2611991628156146 	 5 	 0.0016373441392302898 	 0.9308025981233257
5	1	2	1000	0.42857142857142855 	 0.013501319447475481 	 0.2580590981042971 	 5 	 0.0016045304681593245 	 0.9190717114113158
5	1	2	10000	0.42857142857142855 	 0.014280422519840468 	 0.2577455233410361 	 5 	 0.0016012459007565543 	 0.917897405759334
5	2	2	100	0.1111111111111111 	 0.015009922708912816 	 0.18607733608641017 	 5 	 0.0010908989932330855 	 0.7665072467617733
5	2	2	1000	0.1111111111111111 	 0.015496551576543272 	 0.1583435186133775 	 5 	 0.0006685548287889262 	 0.7665072467617734
5	2	2	10000	0.1111111111111111 	 0.01531036208550564 	 0.17416892703159279 	 5 	 0.0009026291627338858 	 0.7665072467617734
5	3	2	100	0.0 	 0.008890319529955186 	 0.12446051962416281 	 5 	 0.0005187505327978476 	 1.0
5	3	2	1000	0.1111111111111111 	 0.008237705741031996 	 0.17706449455562123 	 5 	 0.0009700333109813285 	 0.9015092516539692
5	3	2	10000	0.1111111111111111 	 0.010326438916160561 	 0.22140489558417417 	 5 	 0.0012809010483844966 	 0.9015092516539692
5	4	2	100	0.1111111111111111 	 0.01489963701126576 	 0.1629350918891289 	 5 	 0.0009454458703976215 	 0.7625164415526151
5	4	2	1000	0.1111111111111111 	 0.014949851918747181 	 0.16145015793555045 	 5 	 0.0009353475868959381 	 0.7591179445197662
5	4	2	10000	0.1111111111111111 	 0.014738774804594172 	 0.1613016128696489 	 5 	 0.0009343377585429209 	 0.7587780948159689
5	5	2	100	0.0 	 0.008328769802326786 	 0.21908539130908386 	 5 	 0.0006084971996167289 	 1.0
5	5	2	1000	0.0 	 0.008724823543282644 	 0.21853131785507945 	 5 	 0.000609339843283156 	 1.0
5	5	2	10000	0.0 	 0.008328765874426767 	 0.21896340141088708 	 5 	 0.0006098428586796616 	 1.0
5	6	2	100	0.1111111111111111 	 0.012147194702280869 	 0.17700771621747008 	 5 	 0.0006132698351304082 	 1.0
5	6	2	1000	0.1111111111111111 	 0.010834441257909848 	 0.19540469026792262 	 5 	 0.0006132698351304082 	 0.9810074699058036
5	6	2	10000	0.1111111111111111 	 0.010832268301303205 	 0.19526038834532883 	 5 	 0.0006132698351304082 	 0.9810074699058036
5	7	2	100	0.0 	 0.009815142920195601 	 0.13539746380617462 	 5 	 0.0004890098327359644 	 1.0
5	7	2	1000	0.0 	 0.009731725434327897 	 0.13556063511036848 	 5 	 0.0005041277799505375 	 1.0
5	7	2	10000	0.0 	 0.011993444929565313 	 0.13557846255891684 	 5 	 0.0005056553121159075 	 1.0
5	8	2	100	0.0 	 0.006428676239052993 	 0.10182330962040248 	 5 	 0.0011356629835245317 	 1.0
5	8	2	1000	0.0 	 0.008697996829440348 	 0.13383217597722305 	 5 	 0.00101511298044525 	 1.0
5	8	2	10000	0.0 	 0.008695433478580216 	 0.13396932186461954 	 5 	 0.0010161050816966401 	 1.0
5	9	2	100	0.1111111111111111 	 0.007828785903583357 	 0.0941079841343578 	 5 	 0.00018352964792196742 	 0.6098184864051306
5	9	2	1000	0.1111111111111111 	 0.008208189855451107 	 0.09580967403653863 	 5 	 0.0001682799702899761 	 0.6091205684616665
5	9	2	10000	0.1111111111111111 	 0.007582651928054356 	 0.09569240410642615 	 5 	 0.0001671547354727196 	 0.6091205684616665
5	10	2	100	0.0 	 0.01565488749477163 	 0.04401035221874361 	 5 	 0.0011039259098587534 	 1.0
5	10	2	1000	0.0 	 0.015647460460624457 	 0.04418460773109335 	 5 	 0.001102024240678629 	 1.0
5	10	2	10000	0.0 	 0.01566683844083801 	 0.04420494710908677 	 5 	 0.001104170413968042 	 1.0
7	1	2	100	0.0 	 0.012202169617255109 	 0.13205724369700447 	 7 	 0.0011589567126713488 	 1.0
7	1	2	1000	0.0 	 0.012144062659667405 	 0.13030667174030022 	 7 	 0.0011372647855890697 	 1.0
7	1	2	10000	0.0 	 0.0121388350089136 	 0.13013128120923495 	 7 	 0.0011350955929909227 	 1.0
7	2	2	100	0.0 	 0.03491818860741397 	 0.2640910298830387 	 7 	 0.001142349856990923 	 1.0
7	2	2	1000	0.0 	 0.034549823646636064 	 0.2570731469847969 	 7 	 0.0010113155275598637 	 1.0
7	2	2	10000	0.07692307692307693 	 0.03417159267198918 	 0.24973228195525762 	 7 	 0.0009920583872434828 	 0.8185061570581647
7	3	2	100	0.16666666666666666 	 0.007561977963259137 	 0.13929187492794876 	 7 	 0.0013997468076188942 	 0.8308193542237198
7	3	2	1000	0.07692307692307693 	 0.010906852938858345 	 0.1438848506542677 	 7 	 0.0013683429483820403 	 0.8614520366448958
7	3	2	10000	0.07692307692307693 	 0.010916156063472031 	 0.14400137206188574 	 7 	 0.0013690948239269865 	 0.8614520366448959
7	4	2	100	0.16666666666666666 	 0.025597061171740064 	 0.22750237872051735 	 7 	 0.0012020335985067395 	 0.6172399387324602
7	4	2	1000	0.16666666666666666 	 0.02677781743688829 	 0.22712772903169556 	 7 	 0.0012020335985067397 	 0.6172399387324602
7	4	2	10000	0.16666666666666666 	 0.0263412025783036 	 0.22709024455437107 	 7 	 0.0012020335985067397 	 0.6172399387324603
7	5	2	100	0.0 	 0.020762165469702 	 0.40076005304833684 	 7 	 0.0015805280948925215 	 1.0
7	5	2	1000	0.07692307692307693 	 0.02386873645000352 	 0.43401734100973577 	 7 	 0.0014734173351072764 	 1.0
7	5	2	10000	0.07692307692307693 	 0.025461273508245834 	 0.4253942928003817 	 7 	 0.0015173374580611386 	 1.0
7	6	2	100	0.16666666666666666 	 0.017778023469633815 	 0.15035571632375788 	 7 	 0.000676253707825673 	 0.5518733951833287
7	6	2	1000	0.16666666666666666 	 0.017777908609885627 	 0.1518417893745697 	 7 	 0.0006713052373390182 	 0.5518733716972156
7	6	2	10000	0.16666666666666666 	 0.017777862025318336 	 0.151990620910592 	 7 	 0.0006708103168926051 	 0.5518733685341324
7	7	2	100	0.0 	 0.01758268223962714 	 0.17508832499323912 	 7 	 0.0008172178427364136 	 1.0
7	7	2	1000	0.0 	 0.017438660736454017 	 0.17722950945300145 	 7 	 0.0008351627777646877 	 1.0
7	7	2	10000	0.07692307692307693 	 0.01996141658978583 	 0.15661655351262113 	 7 	 0.0011745225512247853 	 0.757665898356489
7	8	2	100	0.0 	 0.025755273666684574 	 0.10641631437620569 	 7 	 0.0009021281788132075 	 1.0
7	8	2	1000	0.0 	 0.024787284564168663 	 0.10581068963419385 	 7 	 0.0008871155072124937 	 1.0
7	8	2	10000	0.0 	 0.024847844402854116 	 0.10564784562862393 	 7 	 0.000886703915104078 	 1.0
7	9	2	100	0.16666666666666666 	 0.009926576778483727 	 0.249862835018809 	 7 	 0.0009954841816347615 	 0.5208910908869258
7	9	2	1000	0.16666666666666666 	 0.010751318807138234 	 0.24994826972308964 	 7 	 0.000991101514727423 	 0.5208910453216138
7	9	2	10000	0.16666666666666666 	 0.010750039092729584 	 0.2498867765689528 	 7 	 0.0009906480698281409 	 0.520891049069294
7	10	2	100	0.0 	 0.024594358390068252 	 0.19558418400240607 	 7 	 0.002112114409302884 	 1.0
7	10	2	1000	0.0 	 0.026598571908394163 	 0.19558418400240607 	 7 	 0.002112114409302884 	 1.0
7	10	2	10000	0.0 	 0.026065957895965688 	 0.19558418400240607 	 7 	 0.002112114409302884 	 1.0
10	1	2	100	0.05263157894736842 	 0.023112055690649575 	 0.1558913813010742 	 10 	 0.0014349866185968058 	 0.7908906568530696
10	1	2	1000	0.05263157894736842 	 0.021824790031431885 	 0.10682151666777205 	 10 	 0.0008360331934061055 	 0.959688659678438
10	1	2	10000	0.05263157894736842 	 0.021823976175731813 	 0.10695445037594555 	 10 	 0.0008327148498848575 	 0.9585189435871981
10	2	2	100	0.05263157894736842 	 0.03651648929315301 	 0.20658479789332715 	 10 	 0.0015221536162609648 	 0.9079337000918235
10	2	2	1000	0.05263157894736842 	 0.03870386069135032 	 0.19598560782264857 	 10 	 0.0013275224709040775 	 0.9079337000918235
10	2	2	10000	0.0 	 0.04823902687317532 	 0.2975050475493682 	 10 	 0.001567934253429202 	 1.0
10	3	2	100	0.05263157894736842 	 0.021629565467360164 	 0.11437101152631589 	 10 	 0.0005062320702225931 	 0.8821828552377249
10	3	2	1000	0.1111111111111111 	 0.01963263539042691 	 0.11708358283129491 	 10 	 0.0005817294661282972 	 0.8199575534049939
10	3	2	10000	0.0 	 0.02551931683818157 	 0.13513099553174038 	 10 	 0.0014388253867104795 	 1.0
10	4	2	100	0.05263157894736842 	 0.04081282824794569 	 0.21264489005848844 	 10 	 0.0013589713160963451 	 0.8318859311461195
10	4	2	1000	0.17647058823529413 	 0.03540224343957152 	 0.17851756555413836 	 10 	 0.0012019563874920186 	 0.5908263953424879
10	4	2	10000	0.1111111111111111 	 0.03646289992682364 	 0.15989109114119343 	 10 	 0.0011159118018322295 	 0.6850183243600442
10	5	2	100	0.05263157894736842 	 0.025666512831916007 	 0.3445502450184232 	 10 	 0.001151435809894693 	 1.0
10	5	2	1000	0.0 	 0.027651999882096462 	 0.3466354293377144 	 10 	 0.0011593221619640814 	 1.0
10	5	2	10000	0.05263157894736842 	 0.030124941520276033 	 0.3782187638695488 	 10 	 0.0017617676591593493 	 1.0
10	6	2	100	0.05263157894736842 	 0.040451374556085856 	 0.24776465927383945 	 10 	 0.0009245193293890306 	 0.8099094982795183
10	6	2	1000	0.1111111111111111 	 0.033449165581036 	 0.19579119161128708 	 10 	 0.0007462386541543211 	 0.6971110581664861
10	6	2	10000	0.05263157894736842 	 0.035435707523069536 	 0.20399628725851057 	 10 	 0.000746238397851644 	 0.8099094963814695
10	7	2	100	0.05263157894736842 	 0.029426451731583328 	 0.15587170008929044 	 10 	 0.0007883848033798478 	 1.0
10	7	2	1000	0.05263157894736842 	 0.02946516209460283 	 0.1602964728196238 	 10 	 0.0008734698820092745 	 1.0
10	7	2	10000	0.05263157894736842 	 0.027626895229784156 	 0.14987557498270096 	 10 	 0.0007914257412179602 	 0.9999999483590382
10	8	2	100	0.1111111111111111 	 0.027553655756299228 	 0.11237000225745976 	 10 	 0.0010296478439427513 	 0.6724551580441367
10	8	2	1000	0.1111111111111111 	 0.02748251257673626 	 0.11251677346038921 	 10 	 0.0010381650881737014 	 0.672453361086485
10	8	2	10000	0.1111111111111111 	 0.027482737043798187 	 0.11260597556480408 	 10 	 0.0010390094056696698 	 0.6724521461960283
10	9	2	100	0.17647058823529413 	 0.02486381222628569 	 0.258688750319247 	 10 	 0.0011522673643595183 	 0.5580208452146791
10	9	2	1000	0.17647058823529413 	 0.02727434994440205 	 0.25582969216722995 	 10 	 0.0011504152199779685 	 0.5611663145645622
10	9	2	10000	0.17647058823529413 	 0.026636608745496445 	 0.25823549777977195 	 10 	 0.0011531265009670027 	 0.5632037436681211
10	10	2	100	0.0 	 0.03144372608740255 	 0.13686567997744328 	 10 	 0.002304985549675058 	 1.0
10	10	2	1000	0.0 	 0.03348075586261823 	 0.1387550195284252 	 10 	 0.002304985549675058 	 1.0
10	10	2	10000	0.0 	 0.03357693460032375 	 0.1387550195284252 	 10 	 0.002304985549675058 	 1.0
