2	1	0	0	1.0 	 2.1527207512927417e-12 	 9.16552039550668e-12 	 2 	 2.570701227646376e-13 	 7.069428376027531e-12
2	2	0	0	1.0 	 2.2381756559738533e-16 	 2.516068203824191e-16 	 2 	 2.5232341468753566e-19 	 6.938893903907228e-18
2	3	0	0	1.0 	 9.860549171017317e-11 	 2.6550476514293825e-10 	 2 	 3.792466340968305e-12 	 1.0429282437662835e-10
2	4	0	0	1.0 	 2.256462954060855e-09 	 8.440413851125106e-09 	 2 	 1.1660774790200893e-09 	 3.2067130673052407e-08
2	5	0	0	1.0 	 2.068021105164334e-12 	 5.939879530408676e-12 	 2 	 8.879462821586129e-14 	 2.441852275936185e-12
2	6	0	0	1.0 	 4.3157519291266377e-13 	 2.116474856930474e-12 	 2 	 2.999317965707799e-14 	 8.248124405696445e-13
2	7	0	0	1.0 	 1.4616155855246501e-08 	 2.6549664313048397e-08 	 2 	 7.041853188691975e-09 	 1.9365096268902926e-07
2	8	0	0	1.0 	 1.7053204362963068e-09 	 5.809258435816536e-09 	 2 	 7.249281145068925e-10 	 1.9935523148939528e-08
2	9	0	0	1.0 	 2.9778867903380525e-10 	 2.689887354423254e-10 	 2 	 1.972509674536499e-11 	 5.424401604975371e-10
2	10	0	0	1.0 	 4.2694782035652154e-11 	 2.9114820260751266e-11 	 2 	 7.886286951757691e-13 	 2.168728911733364e-11
3	1	0	0	1.0 	 1.3204398394320486e-12 	 3.261364804856557e-12 	 3 	 9.297384665087347e-14 	 2.4638069362481474e-12
3	2	0	0	1.0 	 4.253751120645004e-12 	 2.0881883668226646e-12 	 3 	 7.215009512272139e-14 	 1.9119775207521172e-12
3	3	0	0	1.0 	 6.533013607985847e-09 	 2.253821585001823e-08 	 3 	 4.073506516494349e-09 	 1.8127103998399872e-07
3	4	0	0	1.0 	 3.1542335706272343e-09 	 8.710448308411289e-09 	 3 	 1.1360513557132966e-09 	 3.0105360926402376e-08
3	5	0	0	1.0 	 2.1508063195865525e-12 	 5.698524741658842e-12 	 3 	 8.584014002755089e-14 	 2.274763710730099e-12
3	6	0	0	1.0 	 4.4805213124204865e-13 	 1.1248092286084257e-12 	 3 	 2.1666630753687073e-14 	 5.741657149727076e-13
3	7	0	0	1.0 	 1.4900039464299193e-08 	 1.929457990515426e-08 	 3 	 4.838683098849692e-09 	 1.2822510211951688e-07
3	8	0	0	1.0 	 7.137888662797755e-06 	 7.394262143615265e-05 	 3 	 1.8854906246532752e-05 	 0.0004996550155331178
3	9	0	0	1.0 	 5.74248376244812e-10 	 2.4617925959945695e-10 	 3 	 1.5563263564419123e-11 	 4.1242648445710683e-10
3	10	0	0	1.0 	 3.667665104559846e-12 	 1.7069323044933616e-12 	 3 	 3.922265719142847e-13 	 1.745408245018565e-11
5	1	0	0	1.0 	 0.0011378997950576473 	 0.005674546415175344 	 5 	 0.0024211902172939525 	 0.05931916032370192
5	2	0	0	1.0 	 0.006063617665492264 	 0.0031644007618375504 	 5 	 0.00027509924004715685 	 0.008797689727282539
5	3	0	0	1.0 	 1.4723899052109032e-05 	 8.063919582769123e-05 	 5 	 2.090441335189454e-05 	 0.0005121581271214159
5	4	0	0	1.0 	 0.00048406518711458673 	 0.0008495108442517816 	 5 	 0.0002801419945751993 	 0.006863478867092318
5	5	0	0	1.0 	 3.5474336776933496e-06 	 1.0293467623809691e-05 	 5 	 3.5964497131768336e-06 	 8.811301797283241e-05
5	6	0	0	1.0 	 1.2551802053177006e-09 	 1.086836767471831e-09 	 5 	 8.281269016618518e-11 	 2.028910909071535e-09
5	7	0	0	0.6666666666666666 	 0.006433903893529435 	 0.007073204291853846 	 5 	 0.003266427699491307 	 0.10549676154668162
5	8	0	0	1.0 	 8.018061595377103e-06 	 6.559084096977838e-05 	 5 	 1.5960188553452257e-05 	 0.0003910246195595808
5	9	0	0	1.0 	 0.0023328876357181414 	 0.00431742655905541 	 5 	 0.0017003111675248396 	 0.04810762156353253
5	10	0	0	0.6666666666666666 	 0.03861197592141283 	 0.019066628933390672 	 5 	 0.0035012656793405894 	 0.23705228726507407
7	1	0	0	0.75 	 0.014612028272300895 	 0.03989230073584709 	 7 	 0.0021503575503876854 	 0.17032145283356673
7	2	0	0	1.0 	 0.021025708129356422 	 0.01624819320515537 	 7 	 0.0013723506538227295 	 0.03532501235958694
7	3	0	0	1.0 	 0.0039555871095473165 	 0.0035009801386240045 	 7 	 0.00010547113445691203 	 0.0023731005252803795
7	4	0	0	1.0 	 0.0025439682980249617 	 0.0037220490990648083 	 7 	 0.0005903480462433157 	 0.023462824131379297
7	5	0	0	0.75 	 0.026389722491807738 	 0.03429411353516409 	 7 	 0.002087818839099299 	 0.09759176447180634
7	6	0	0	1.0 	 2.444041454926633e-07 	 3.521056457965898e-07 	 7 	 2.203901641454401e-08 	 4.958778693272411e-07
7	7	0	0	1.0 	 0.001420149998081487 	 0.0018097944737024876 	 7 	 4.178010836018382e-05 	 0.0009400524381041366
7	8	0	0	1.0 	 1.2203061917921372e-05 	 6.039970585882835e-05 	 7 	 1.527186144530174e-05 	 0.0003436168825192886
7	9	0	0	0.75 	 0.013999577758302444 	 0.008752781381003662 	 7 	 0.002778654853383272 	 0.09516374021326234
7	10	0	0	0.75 	 0.04279793248993374 	 0.01668849707179238 	 7 	 0.0033290124708979262 	 0.2084078363287677
10	1	0	0	0.5384615384615384 	 0.03823955490102915 	 0.03407737716898041 	 10 	 0.004523089964805617 	 0.33770076224179507
10	2	0	0	0.8181818181818182 	 0.08462597083076352 	 0.03145257663523742 	 10 	 0.003453264292944088 	 0.1782219976603588
10	3	0	0	0.46153846153846156 	 0.05223779229760141 	 0.03720634283720152 	 10 	 0.007720896831083468 	 0.4228452075057072
10	4	0	0	0.8181818181818182 	 0.109083899459618 	 0.045446665476752114 	 10 	 0.0029568406750923927 	 0.08178131820224245
10	5	0	0	0.8181818181818182 	 0.061989253268275854 	 0.04875646224944543 	 10 	 0.0025574307239522556 	 0.07542576977690392
10	6	0	0	0.8181818181818182 	 0.033349727415830775 	 0.03127744941605277 	 10 	 0.0022359013349035886 	 0.08427607782223147
10	7	0	0	0.25 	 0.19631709192435023 	 0.18883024557075603 	 10 	 0.008139295774345613 	 0.559134809973714
10	8	0	0	0.17647058823529413 	 0.1710400626457634 	 0.07108231377640377 	 10 	 0.0054685969970906835 	 0.7764081720446135
10	9	0	0	0.3333333333333333 	 0.1876911093190353 	 0.11611688432840453 	 10 	 0.005765528741376535 	 0.49070309556003777
10	10	0	0	0.6666666666666666 	 0.07656780885118167 	 0.037342568547758796 	 10 	 0.0026964625461516306 	 0.10905407870036109
2	1	1	100	1.0 	 0.0004614917935825019 	 0.0024337606539485473 	 2 	 0.00011264342529563931 	 0.0030976941956300796
2	1	1	1000	1.0 	 4.633213209778209e-05 	 0.00024427544748489274 	 2 	 1.1264342435150666e-05 	 0.00030976941696664323
2	1	1	10000	1.0 	 4.635062037109197e-06 	 2.4436605584273535e-05 	 2 	 1.1264341491376314e-06 	 3.097693910128486e-05
2	2	1	100	1.0 	 0.0011654709352157066 	 0.005126296068402126 	 2 	 0.00012330568134588465 	 0.003390906237011826
2	2	1	1000	1.0 	 0.00011597589757105082 	 0.0005143383324032537 	 2 	 1.2330568134584627e-05 	 0.0003390906237010771
2	2	1	10000	1.0 	 1.1591953315912234e-05 	 5.145099957458514e-05 	 2 	 1.233056813456444e-06 	 3.39090623700522e-05
2	3	1	100	1.0 	 0.00028115370955969477 	 0.0009864052152910592 	 2 	 1.6792732151227345e-05 	 0.0004618001341587519
2	3	1	1000	1.0 	 2.81286349293721e-05 	 9.866505762458207e-05 	 2 	 1.679276479004223e-06 	 4.6180103172616116e-05
2	3	1	10000	1.0 	 2.812925129261647e-06 	 9.8666567145751e-06 	 2 	 1.679309119368372e-07 	 4.618100078263021e-06
2	4	1	100	1.0 	 0.0003576066130966949 	 0.0010529514648167303 	 2 	 9.049215333734446e-05 	 0.0024885342167769707
2	4	1	1000	1.0 	 3.573803207338894e-05 	 0.00010537519557702547 	 2 	 9.048907769125916e-06 	 0.00024884496365096254
2	4	1	10000	1.0 	 3.5739260562582064e-06 	 1.0538041527740688e-05 	 2 	 9.045834905544149e-07 	 2.4876045990246388e-05
2	5	1	100	1.0 	 0.00022263345605034532 	 0.0009318006923447117 	 2 	 3.926559870001427e-05 	 0.001079803964250392
2	5	1	1000	1.0 	 2.2215078249449695e-05 	 9.323302523137663e-05 	 2 	 3.926559820732757e-06 	 0.00010798039507015078
2	5	1	10000	1.0 	 2.221025626838341e-06 	 9.323829193942117e-06 	 2 	 3.9265593280157786e-07 	 1.0798038152043388e-05
2	6	1	100	1.0 	 0.0013114206341598535 	 0.008574331753477526 	 2 	 0.000206217956921704 	 0.0056709938153468595
2	6	1	1000	1.0 	 0.00013132701695225447 	 0.0008633016105859255 	 2 	 2.0621795682280132e-05 	 0.0005670993812627034
2	6	1	10000	1.0 	 1.3134706567803015e-05 	 8.638951120341086e-05 	 2 	 2.0621795583324944e-06 	 5.670993785414358e-05
2	7	1	100	0.0 	 0.0035825633095251923 	 0.0333534821708359 	 2 	 0.011792532714828725 	 1.0
2	7	1	1000	0.0 	 0.0035624907340932716 	 0.03219942697318689 	 2 	 0.01167719100410658 	 1.0
2	7	1	10000	0.0 	 0.0035604749979630725 	 0.032084094439677385 	 2 	 0.011665656833044265 	 1.0
2	8	1	100	1.0 	 0.0007305433230185743 	 0.0022147756761190913 	 2 	 0.00019879990158932045 	 0.005466997293706307
2	8	1	1000	1.0 	 7.300069956444741e-05 	 0.00022178739113927316 	 2 	 1.988108318967069e-05 	 0.0005467297877159434
2	8	1	10000	1.0 	 7.299732912461647e-06 	 2.218630207902088e-05 	 2 	 1.989201278789816e-06 	 5.470303516671988e-05
2	9	1	100	1.0 	 0.0004211335983870023 	 0.0025053851671941697 	 2 	 0.0002654524203939358 	 0.007299941560833231
2	9	1	1000	1.0 	 4.283400598685627e-05 	 0.00025260453266434885 	 2 	 2.654525366350843e-05 	 0.0007299944757464816
2	9	1	10000	1.0 	 4.290894241357899e-06 	 2.5281935080528498e-05 	 2 	 2.6545369902077707e-06 	 7.299976723071366e-05
2	10	1	100	1.0 	 0.00230601390432629 	 0.002703594498847213 	 2 	 7.435484288873632e-05 	 0.002044758179440248
2	10	1	1000	1.0 	 0.000226717595032424 	 0.00027083264574690136 	 2 	 7.435484195235e-06 	 0.00020447581536896242
2	10	1	10000	1.0 	 2.2633721675655336e-05 	 2.7088003786989574e-05 	 2 	 7.435483257789928e-07 	 2.0447578958922297e-05
3	1	1	100	1.0 	 0.0015932480772758034 	 0.004710398882254055 	 3 	 0.00010926361307155567 	 0.0028954857463962262
3	1	1	1000	1.0 	 0.00015930264824647934 	 0.0004732315982643143 	 3 	 1.0926361197298684e-05 	 0.0002895485717284152
3	1	1	10000	1.0 	 1.593011337139311e-05 	 4.734526150578646e-05 	 3 	 1.0926360098613599e-06 	 2.895485426132605e-05
3	2	1	100	1.0 	 0.0018798227260760233 	 0.004912830923635687 	 3 	 0.0001383724081935474 	 0.003666868817129007
3	2	1	1000	1.0 	 0.00018742775712627128 	 0.0004927636949255675 	 3 	 1.3837240816509061e-05 	 0.0003666868816374902
3	2	1	10000	1.0 	 1.873729562238028e-05 	 4.929122459334498e-05 	 3 	 1.3837240787942813e-06 	 3.666868808804846e-05
3	3	1	100	1.0 	 0.00022203910708376272 	 0.0010393578840889623 	 3 	 0.00012536003107268808 	 0.0033220408234262357
3	3	1	1000	1.0 	 2.2165495335668108e-05 	 0.00010392484935104761 	 3 	 1.2539118561037125e-05 	 0.00033228664186748386
3	3	1	10000	1.0 	 2.220652710850257e-06 	 1.0406387628726035e-05 	 3 	 1.2570260827306298e-06 	 3.331119119236171e-05
3	4	1	100	1.0 	 0.0011812696458266532 	 0.00242848928808765 	 3 	 0.00023023554308395565 	 0.006101241891724828
3	4	1	1000	1.0 	 0.00011646649673378807 	 0.00024364538818581595 	 3 	 2.3023000475621007e-05 	 0.000610109512603957
3	4	1	10000	1.0 	 1.1628910083340233e-05 	 2.4368467228034085e-05 	 3 	 2.301745560062998e-06 	 6.0996257341669475e-05
3	5	1	100	1.0 	 0.0010918943998050063 	 0.0034456053231995856 	 3 	 3.1767208803316504e-05 	 0.0014060024437865248
3	5	1	1000	1.0 	 0.00010898707537493159 	 0.0003441193692760668 	 3 	 5.305669574062858e-06 	 0.00014060024371266577
3	5	1	10000	1.0 	 1.0896688512362868e-05 	 3.440753246177588e-05 	 3 	 5.305669322931982e-07 	 1.4060023705769753e-05
3	6	1	100	1.0 	 0.0023733291455204798 	 0.007473098388243429 	 3 	 0.00019449582044312846 	 0.0051541392417429055
3	6	1	1000	1.0 	 0.0002420262651428408 	 0.0007549953014866704 	 3 	 1.944958197790166e-05 	 0.0005154139224143942
3	6	1	10000	1.0 	 2.425178827515524e-05 	 7.557889587514333e-05 	 3 	 1.9449581313717283e-06 	 5.154139048135081e-05
3	7	1	100	0.2 	 0.005127965868337431 	 0.03197443543755096 	 3 	 0.00853286632604402 	 0.6976267247394835
3	7	1	1000	0.2 	 0.003771761462549116 	 0.025191334814269148 	 3 	 0.008396704066532104 	 0.6929517575594832
3	7	1	10000	0.2 	 0.003638366387112483 	 0.024496267222273507 	 3 	 0.008383087840569726 	 0.6924842608414835
3	8	1	100	1.0 	 0.0008290127983487881 	 0.006893819405974853 	 3 	 0.0007166330523245346 	 0.05598389950910595
3	8	1	1000	1.0 	 8.681308531990057e-05 	 0.0006686276095111116 	 3 	 0.00019987591753135197 	 0.005296711814580826
3	8	1	10000	1.0 	 3.7344514115820345e-06 	 2.470701840872302e-05 	 3 	 8.596351902246462e-06 	 0.0002278033254095312
3	9	1	100	1.0 	 0.001920124854072823 	 0.0064532562687811155 	 3 	 0.0006327398156713649 	 0.016767605115291174
3	9	1	1000	1.0 	 0.00020366801784740663 	 0.0006652763524164503 	 3 	 6.327399303358455e-05 	 0.001676760815389991
3	9	1	10000	1.0 	 2.049587083251314e-05 	 6.674795671803366e-05 	 3 	 6.327410772853254e-06 	 0.00016767638548061128
3	10	1	100	0.2 	 0.0424383057915066 	 0.051336648318282316 	 3 	 0.002646764565246789 	 0.24973891466533132
3	10	1	1000	0.2 	 0.022086083891935084 	 0.049608898661483686 	 3 	 0.0024747607140476234 	 0.24973891466533132
3	10	1	10000	0.2 	 0.020799131590812075 	 0.04945268692654959 	 3 	 0.0024536204044417562 	 0.24973891466533138
5	1	1	100	0.6666666666666666 	 0.07461785804012097 	 0.017436603305814428 	 5 	 0.004249898709893853 	 0.12924279917392678
5	1	1	1000	0.6666666666666666 	 0.0029081834795726892 	 0.010328326376310584 	 5 	 0.004012433240213769 	 0.12219365482977296
5	1	1	10000	0.6666666666666666 	 0.0008512878424996405 	 0.009649625092613516 	 5 	 0.003936130548477316 	 0.12137840231970594
5	2	1	100	0.6666666666666666 	 0.05151089558859919 	 0.040574924854787614 	 5 	 0.0025152139873102714 	 0.0823619003176024
5	2	1	1000	1.0 	 0.004214077330576114 	 0.006607592565705981 	 5 	 0.000752676499952681 	 0.018440574248840585
5	2	1	10000	1.0 	 0.0038221533070885625 	 0.006176480717552498 	 5 	 0.0007371621844668183 	 0.018060473519436952
5	3	1	100	0.6666666666666666 	 0.0016383387356312471 	 0.003648142322964164 	 5 	 0.0006159358563926891 	 0.0306371732839389
5	3	1	1000	1.0 	 8.942677192343787e-05 	 0.0002826459343756247 	 5 	 3.79216253898808e-05 	 0.0009290798220520776
5	3	1	10000	1.0 	 1.9326854416473412e-05 	 7.62700926798009e-05 	 5 	 1.7137080385506122e-05 	 0.00041985846944489973
5	4	1	100	0.6666666666666666 	 0.08504508086009367 	 0.008928213952556505 	 5 	 0.0011227050192598952 	 0.03386278353240348
5	4	1	1000	1.0 	 0.003539939644783785 	 0.003827566344742039 	 5 	 0.001363949889711552 	 0.03341677229793423
5	4	1	10000	1.0 	 0.003317081643397786 	 0.0034195734152347845 	 5 	 0.0012816170285798656 	 0.031399617200207876
5	5	1	100	0.6666666666666666 	 0.06850278622461181 	 0.029938227543134265 	 5 	 0.002046336034890254 	 0.09516760357459671
5	5	1	1000	0.6666666666666666 	 0.008835806372228487 	 0.008673798931341768 	 5 	 0.004143502725289118 	 0.13551177603267678
5	5	1	10000	1.0 	 4.431663666815955e-05 	 0.00011677769542381427 	 5 	 1.9075395207848373e-05 	 0.00046734718259228673
5	6	1	100	0.25 	 0.07923942530071953 	 0.035255261299510635 	 5 	 0.0019957933185622135 	 0.43269990724597096
5	6	1	1000	1.0 	 0.0026655301664464982 	 0.0024791861349995293 	 5 	 0.00016416162558811027 	 0.004021959826908698
5	6	1	10000	1.0 	 0.00026670661885742864 	 0.00025429602386609854 	 5 	 1.6416183462613777e-05 	 0.0004021964948340371
5	7	1	100	0.42857142857142855 	 0.03271983244669531 	 0.047059533957726066 	 5 	 0.007099219244707255 	 0.4818991318821983
5	7	1	1000	0.42857142857142855 	 0.02206895068750525 	 0.030973635864901244 	 5 	 0.007095264119446203 	 0.4703225476508426
5	7	1	10000	0.42857142857142855 	 0.021017988698744505 	 0.029296825577592982 	 5 	 0.007094868606957108 	 0.46916488922775634
5	8	1	100	0.6666666666666666 	 0.011768217603473059 	 0.022607996251325004 	 5 	 0.0015228043700785125 	 0.2127691889686951
5	8	1	1000	1.0 	 0.0005268278139893976 	 0.001216956113973464 	 5 	 0.00023201233597597878 	 0.005684302231411487
5	8	1	10000	1.0 	 4.749300436797722e-05 	 9.118198817613344e-05 	 5 	 1.5682592581642318e-05 	 0.00038422351825023726
5	9	1	100	0.25 	 0.11711620857960604 	 0.03250227011610405 	 5 	 0.012382028900798989 	 0.46529867786998963
5	9	1	1000	0.42857142857142855 	 0.11047689976912838 	 0.023772069226084238 	 5 	 0.012336369558182306 	 0.37537796262721596
5	9	1	10000	0.42857142857142855 	 0.014102279567845764 	 0.022476109633897408 	 5 	 0.012459320632908423 	 0.37078791417122964
5	10	1	100	0.6666666666666666 	 0.07788343525781549 	 0.025436132955557637 	 5 	 0.002490851615907965 	 0.07203886907978053
5	10	1	1000	0.6666666666666666 	 0.008557958050860895 	 0.021680734772398243 	 5 	 0.0022211849151397896 	 0.07174821096988004
5	10	1	10000	0.6666666666666666 	 0.005762404057663837 	 0.021160467822341777 	 5 	 0.00216836713838441 	 0.07159505658102712
7	1	1	100	0.75 	 0.10149911221252297 	 0.024506479538753262 	 7 	 0.003622967868121381 	 0.10064079680021155
7	1	1	1000	0.75 	 0.015131213349488021 	 0.01143268686950295 	 7 	 0.0033695192102934854 	 0.08361636912271603
7	1	1	10000	0.75 	 0.007968941406306334 	 0.011689694423571706 	 7 	 0.0033376982191010178 	 0.08311265876793428
7	2	1	100	0.75 	 0.06706687303999695 	 0.043775083759565986 	 7 	 0.001263323447057249 	 0.08444465979187403
7	2	1	1000	1.0 	 0.005534068292060102 	 0.007923654034068181 	 7 	 0.000898054795681127 	 0.020206232902825663
7	2	1	10000	1.0 	 0.008859245852847156 	 0.01268394434227058 	 7 	 0.0010821808948642923 	 0.026895642893202096
7	3	1	100	0.75 	 0.020007207152485548 	 0.038111780100048925 	 7 	 0.001515845418853212 	 0.05180956345111748
7	3	1	1000	1.0 	 0.007042647887480279 	 0.019402324441975573 	 7 	 0.0005496102685243662 	 0.012366231041797595
7	3	1	10000	1.0 	 9.561263963424893e-05 	 0.00014786075170449006 	 7 	 1.7981392966678047e-05 	 0.0004045813417502403
7	4	1	100	0.75 	 0.10208270389979157 	 0.01889210082945557 	 7 	 0.0019223194923989168 	 0.04945682281616415
7	4	1	1000	0.4 	 0.10300338540555626 	 0.04457890624426444 	 7 	 0.003193277208938565 	 0.3036859346844708
7	4	1	10000	0.2727272727272727 	 0.10232076915603387 	 0.04600406447844186 	 7 	 0.003864952844918649 	 0.5060284547634912
7	5	1	100	0.75 	 0.13596117997401078 	 0.07422445832711623 	 7 	 0.007080597087243692 	 0.22433767403131202
7	5	1	1000	0.75 	 0.13277055520681094 	 0.07445190073865657 	 7 	 0.007662960947210484 	 0.2530787705975319
7	5	1	10000	1.0 	 0.12401481262845626 	 0.06759587127332814 	 7 	 0.003718101495077553 	 0.13489491937408007
7	6	1	100	0.5555555555555556 	 0.13457592131545731 	 0.07179789503272649 	 7 	 0.0014833004071997497 	 0.11971419487804069
7	6	1	1000	1.0 	 0.005198153845696274 	 0.0074439324234742334 	 7 	 0.0003197851329947576 	 0.007195165492382054
7	6	1	10000	0.75 	 0.06986146122645472 	 0.05255652550523029 	 7 	 0.0024297128953657365 	 0.07362985079098548
7	7	1	100	0.4 	 0.1494671717027171 	 0.07319321511224347 	 7 	 0.007618742953000683 	 0.48071220536902687
7	7	1	1000	0.5555555555555556 	 0.07432941800303224 	 0.06959821172828352 	 7 	 0.007309501254395895 	 0.4525341598853839
7	7	1	10000	0.5555555555555556 	 0.07408715245992924 	 0.0718460425746619 	 7 	 0.007021045518558121 	 0.45244291015479515
7	8	1	100	0.4 	 0.038889487997965266 	 0.04447734496721921 	 7 	 0.004093404737857879 	 0.38417351770507546
7	8	1	1000	0.5555555555555556 	 0.00883986099768146 	 0.016856077925155328 	 7 	 0.00044041977465059687 	 0.25162063871343177
7	8	1	10000	0.5555555555555556 	 0.007978277434805165 	 0.016114005232653706 	 7 	 0.000353344772203962 	 0.24838060755380015
7	9	1	100	0.4 	 0.016391895387942487 	 0.022484170771045815 	 7 	 0.0017341498005360439 	 0.3237941654130651
7	9	1	1000	0.5555555555555556 	 0.006325822862396618 	 0.013907214095659346 	 7 	 0.00180003248292442 	 0.25903793377921114
7	9	1	10000	0.75 	 0.003144554915569251 	 0.012430815187552399 	 7 	 0.0020310904226674077 	 0.14774899131487185
7	10	1	100	0.5555555555555556 	 0.09394890439404682 	 0.020102957949296604 	 7 	 0.0008152101463981543 	 0.07503883598300638
7	10	1	1000	0.75 	 0.009667798743954872 	 0.01566330611042629 	 7 	 0.0014302272625293275 	 0.0419141268528215
7	10	1	10000	0.75 	 0.005968229397691498 	 0.014612470636071769 	 7 	 0.0013673456667642123 	 0.04142887594361788
10	1	1	100	0.25 	 0.0881807289350548 	 0.029960297318044313 	 10 	 0.006705184376736264 	 0.6316457814912113
10	1	1	1000	0.17647058823529413 	 0.15773767026810162 	 0.1033213463859276 	 10 	 0.007889740416682911 	 0.6876786218890117
10	1	1	10000	1.0 	 0.003501890612231769 	 0.005175003109071315 	 10 	 0.00028365066177451657 	 0.020026742567915246
10	2	1	100	0.6666666666666666 	 0.10063478968201092 	 0.07022117035177257 	 10 	 0.0044620289767868405 	 0.18813105742181932
10	2	1	1000	0.6666666666666666 	 0.05542543378100147 	 0.06686655952863638 	 10 	 0.007058947691902387 	 0.44474861353189993
10	2	1	10000	0.6666666666666666 	 0.05682504801984197 	 0.06633919565036812 	 10 	 0.006931954938001607 	 0.440795612581681
10	3	1	100	0.6666666666666666 	 0.19478736642130778 	 0.0658446666271011 	 10 	 0.004260002190345459 	 0.1269318010078748
10	3	1	1000	0.8181818181818182 	 0.033704028186131454 	 0.03143786506242937 	 10 	 0.0024040623385286606 	 0.050977122424864754
10	3	1	10000	0.8181818181818182 	 0.03136208621769049 	 0.03006237092174457 	 10 	 0.002334168631959384 	 0.04904441448139097
10	4	1	100	0.25 	 0.05842528560577965 	 0.046692898233041825 	 10 	 0.004452367501852559 	 0.8004201903419996
10	4	1	1000	0.8181818181818182 	 0.06316051550605951 	 0.0479764351376489 	 10 	 0.003314582256916398 	 0.20113269600302033
10	4	1	10000	0.25 	 0.06411686732239066 	 0.051000142465328094 	 10 	 0.0031302792564863267 	 0.7410161731244012
10	5	1	100	0.5384615384615384 	 0.19650930594209487 	 0.05902452942451416 	 10 	 0.0049075935322737425 	 0.3406896867799901
10	5	1	1000	1.0 	 0.13791589652079378 	 0.04342777893169906 	 10 	 0.003541610477398311 	 0.10616206399155721
10	5	1	10000	1.0 	 0.1381553388697387 	 0.043617823867426325 	 10 	 0.003633646001247774 	 0.10741667667219869
10	6	1	100	0.6666666666666666 	 0.11266537311574784 	 0.07476018719123652 	 10 	 0.003653514058036801 	 0.2786161057857474
10	6	1	1000	0.8181818181818182 	 0.025244460018864868 	 0.023232694705034772 	 10 	 0.003938370749369521 	 0.09013030653494397
10	6	1	10000	0.8181818181818182 	 0.01791582261302623 	 0.015200776800863628 	 10 	 0.003902688761043742 	 0.08849472442492727
10	7	1	100	0.5384615384615384 	 0.17939220216841167 	 0.057264391290491976 	 10 	 0.005041317302687823 	 0.26860066010008776
10	7	1	1000	0.5384615384615384 	 0.1373545780051181 	 0.07506362101362189 	 10 	 0.008066357628596142 	 0.28299954373219816
10	7	1	10000	0.17647058823529413 	 0.2711942341721308 	 0.19039830657985063 	 10 	 0.0072957895478474935 	 0.8337488182041415
10	8	1	100	0.5384615384615384 	 0.09607060486413198 	 0.05622719967245351 	 10 	 0.003590767098195149 	 0.3218087514249409
10	8	1	1000	0.8181818181818182 	 0.11860083421768562 	 0.06561163133000865 	 10 	 0.0013868434771355845 	 0.1482203538472291
10	8	1	10000	0.8181818181818182 	 0.11815462700419979 	 0.0660257205007242 	 10 	 0.0012051146224546757 	 0.1501239344246299
10	9	1	100	0.3333333333333333 	 0.2766880744314784 	 0.09720894228562432 	 10 	 0.01052778654068305 	 0.5466896414436595
10	9	1	1000	0.8181818181818182 	 0.04737965968412483 	 0.006127442952199764 	 10 	 0.0009123180836302164 	 0.038070790398647116
10	9	1	10000	0.8181818181818182 	 0.07155395836255593 	 0.0591501024520498 	 10 	 0.005753790672914565 	 0.20652546045704884
10	10	1	100	0.5384615384615384 	 0.2738965346842168 	 0.09496152763854919 	 10 	 0.003784488202196126 	 0.39517706160820304
10	10	1	1000	0.8181818181818182 	 0.03566558074247281 	 0.047811298639118587 	 10 	 0.0044431716693328375 	 0.23278486536198037
10	10	1	10000	0.8181818181818182 	 0.033661095398732445 	 0.04675830162543125 	 10 	 0.004381803970303213 	 0.2311941470042585
2	1	2	100	1.0 	 0.00045446833135568006 	 0.0031558261764984647 	 2 	 0.00017013490051522362 	 0.004678709764168648
2	1	2	1000	1.0 	 4.5219356023114766e-05 	 0.00031626602834132386 	 2 	 1.701348982016531e-05 	 0.0004678709700545458
2	1	2	10000	1.0 	 4.519709209707494e-06 	 3.1633480355152593e-05 	 2 	 1.7013487506459515e-06 	 4.678709064276365e-05
2	2	2	100	1.0 	 0.0013500894328691629 	 0.003115177712651065 	 2 	 3.587252814996839e-05 	 0.0009864945241241305
2	2	2	1000	1.0 	 0.000133228270649432 	 0.00031112316886615897 	 2 	 3.5872528149876045e-06 	 9.86494524121591e-05
2	2	2	10000	1.0 	 1.3305333942839063e-05 	 3.110838362998511e-05 	 2 	 3.587252814917332e-07 	 9.86494524102266e-06
2	3	2	100	1.0 	 0.00047536992562474375 	 0.0026775777861824277 	 2 	 0.00010197086473466744 	 0.002804198780203354
2	3	2	1000	1.0 	 4.773042485603562e-05 	 0.0002684938424286944 	 2 	 1.0197089886727026e-05 	 0.0002804199718849931
2	3	2	10000	1.0 	 4.775075472717206e-06 	 2.685702488328382e-05 	 2 	 1.0197124020980026e-06 	 2.8042091057695062e-05
2	4	2	100	1.0 	 6.043783409312301e-05 	 0.00016503257016561181 	 2 	 1.6614109274882732e-06 	 4.5688800505927435e-05
2	4	2	1000	1.0 	 6.041448324469441e-06 	 1.649949203075543e-05 	 2 	 1.671903969804121e-07 	 4.597735916961326e-06
2	4	2	10000	1.0 	 6.021110109641719e-07 	 1.6483389428578053e-06 	 2 	 1.7768488425051748e-08 	 4.886334316889223e-07
2	5	2	100	1.0 	 0.00026587366231991454 	 0.0005353310066458625 	 2 	 1.770898050431675e-05 	 0.0004869969638687104
2	5	2	1000	1.0 	 2.653674017594457e-05 	 5.3550436699813925e-05 	 2 	 1.7708979705115138e-06 	 4.869969418906661e-05
2	5	2	10000	1.0 	 2.6531690642175027e-06 	 5.355218756109577e-06 	 2 	 1.770897171313937e-07 	 4.869967221113325e-06
2	6	2	100	1.0 	 0.000929113895949166 	 0.0033536587033195877 	 2 	 1.960579509027778e-05 	 0.0005391593649826387
2	6	2	1000	1.0 	 9.299968263654792e-05 	 0.00033526778779537243 	 2 	 1.9605795360301177e-06 	 5.3915937240828216e-05
2	6	2	10000	1.0 	 9.300853119624934e-06 	 3.352579761687658e-05 	 2 	 1.9605798059788273e-07 	 5.391594466441774e-06
2	7	2	100	1.0 	 9.214111331263336e-06 	 0.0007121777632216396 	 2 	 8.885734624202474e-05 	 0.002443577021655679
2	7	2	1000	1.0 	 9.30961329658669e-07 	 7.120559798882044e-05 	 2 	 8.89207455251138e-06 	 0.0002445320501940628
2	7	2	10000	1.0 	 8.01730230088654e-08 	 7.132531945092143e-06 	 2 	 8.955460718877078e-07 	 2.4627516976911956e-05
2	8	2	100	1.0 	 0.0008303674201527618 	 0.002381293780366998 	 2 	 0.0002158373472622862 	 0.005935527049712866
2	8	2	1000	1.0 	 8.261989868798017e-05 	 0.0002384830831954669 	 2 	 2.1584387149715066e-05 	 0.0005935706466171638
2	8	2	10000	1.0 	 8.258349015326173e-06 	 2.385456075787242e-05 	 2 	 2.159091209362853e-06 	 5.9375008257478394e-05
2	9	2	100	1.0 	 0.008460446391387138 	 0.004147420386656643 	 2 	 0.000526642677070174 	 0.014482673619429783
2	9	2	1000	1.0 	 0.0013439307704706598 	 0.0005222409196962772 	 2 	 5.2664285458011405e-05 	 0.0014482678500953132
2	9	2	10000	1.0 	 0.0001428736388568377 	 5.4058491269250665e-05 	 2 	 5.266446297612866e-06 	 0.0001448272731843538
2	10	2	100	1.0 	 0.0011539477866031398 	 0.0015138574844234265 	 2 	 2.337365299901284e-05 	 0.0006427754574728529
2	10	2	1000	1.0 	 0.00011747505320491818 	 0.0001515552920665505 	 2 	 2.3373660096906576e-06 	 6.427756526649307e-05
2	10	2	10000	1.0 	 1.176878255402348e-05 	 1.515724263423959e-05 	 2 	 2.3373731073404617e-07 	 6.4277760451862676e-06
3	1	2	100	1.0 	 0.0007567135208746061 	 0.004177967736402863 	 3 	 0.0001914364488542737 	 0.005073065894638254
3	1	2	1000	1.0 	 7.594270118693931e-05 	 0.00041900300479606674 	 3 	 1.9143644821669092e-05 	 0.0005073065877742311
3	1	2	10000	1.0 	 7.597060391497833e-06 	 4.191250969487616e-05 	 3 	 1.914364418382921e-06 	 5.073065708714741e-05
3	2	2	100	1.0 	 0.008129953985702045 	 0.004015290473130323 	 3 	 7.463209051882583e-05 	 0.001977750398748885
3	2	2	1000	1.0 	 0.0007806105742383991 	 0.0004015571877572912 	 3 	 7.463208999677304e-06 	 0.0001977750384914486
3	2	2	10000	1.0 	 7.775261990419724e-05 	 4.015600849961124e-05 	 3 	 7.463208477833927e-07 	 1.9777502466259908e-05
3	3	2	100	0.2 	 0.014441430113332298 	 0.028589178732193757 	 3 	 0.005629172407921409 	 0.5430863563816415
3	3	2	1000	0.2 	 0.005483975434398803 	 0.02175610370601817 	 3 	 0.004695633308353664 	 0.5430863563816415
3	3	2	10000	0.2 	 0.0049215244417857495 	 0.021062198364216696 	 3 	 0.004602279398471037 	 0.5430863563816415
3	4	2	100	1.0 	 0.00031873054052467063 	 0.0014265729738296856 	 3 	 9.80921877806132e-05 	 0.004873123197730312
3	4	2	1000	1.0 	 3.160340796433099e-05 	 0.00014286675989882373 	 3 	 1.8388970888100202e-05 	 0.0004873077285346556
3	4	2	10000	1.0 	 3.156347284803417e-06 	 1.4284460132663695e-05 	 3 	 1.8387237766919568e-06 	 4.872618008233688e-05
3	5	2	100	0.5 	 0.0033419211441215457 	 0.005443051703408304 	 3 	 0.00022827212106458288 	 0.15908269590892113
3	5	2	1000	1.0 	 0.00015740310732302232 	 0.0003889864532203532 	 3 	 2.069832684050939e-05 	 0.000548505661273499
3	5	2	10000	1.0 	 1.5714939529619755e-05 	 3.8916417107367645e-05 	 3 	 2.069832692148183e-06 	 5.4850566341926865e-05
3	6	2	100	1.0 	 0.0009489878081549788 	 0.004479229788855116 	 3 	 0.00015192707573411112 	 0.004026067506953945
3	6	2	1000	1.0 	 9.419974763850847e-05 	 0.00044775815557868685 	 3 	 1.5192707556956245e-05 	 0.00040260675025934056
3	6	2	10000	1.0 	 9.41315162084233e-06 	 4.4774167823915065e-05 	 3 	 1.5192707392194434e-06 	 4.026067458931526e-05
3	7	2	100	1.0 	 0.0023681855321298637 	 0.004335396909782953 	 3 	 0.00039622863350138643 	 0.010500058787786742
3	7	2	1000	1.0 	 0.0002142954093522565 	 0.00043502435284512795 	 3 	 3.961850593121821e-05 	 0.0010498904071772827
3	7	2	10000	1.0 	 2.1231569330701517e-05 	 4.350032467724405e-05 	 3 	 3.957491423839047e-06 	 0.00010487352273173475
3	8	2	100	1.0 	 0.0004453767293784996 	 0.00450710610559539 	 3 	 0.0005760772265223854 	 0.034253754313579375
3	8	2	1000	1.0 	 4.892702292389736e-05 	 0.0005372957827389701 	 3 	 8.733814591204e-05 	 0.0038764695211030127
3	8	2	10000	1.0 	 1.129995103119629e-05 	 0.00012052478597248377 	 3 	 3.160463350065922e-05 	 0.000837522787767469
3	9	2	100	0.5 	 0.010078328750900216 	 0.0025459307776009763 	 3 	 0.00018678074713459152 	 0.01071536829800938
3	9	2	1000	1.0 	 0.0043658205117450945 	 0.0005685023544579922 	 3 	 6.603672694731e-05 	 0.0017499732641037156
3	9	2	10000	1.0 	 0.0003689151043025982 	 5.6888868716987514e-05 	 3 	 6.6036586899292895e-06 	 0.00017499695528312622
3	10	2	100	0.5 	 0.07777565686135805 	 0.013751326131948105 	 3 	 0.00024899826396659343 	 0.021153862710737537
3	10	2	1000	0.5 	 0.027982031852133573 	 0.010049628304535235 	 3 	 0.0010771520476737708 	 0.4448881537440429
3	10	2	10000	0.5 	 0.027014280219215554 	 0.009357094446753452 	 3 	 0.0009922026883540545 	 0.4444853650864916
5	1	2	100	0.6666666666666666 	 0.11992915952951343 	 0.017677036997037758 	 5 	 0.008741299548965391 	 0.22715721035441364
5	1	2	1000	0.6666666666666666 	 0.0015201926231100753 	 0.019171038140990027 	 5 	 0.0068833006893527695 	 0.2549733785470189
5	1	2	10000	0.6666666666666666 	 0.0014882036453677768 	 0.018861252541236863 	 5 	 0.00690714969019952 	 0.25443929596392184
5	2	2	100	1.0 	 0.03190663937724793 	 0.016241991684403632 	 5 	 0.00127388214912393 	 0.03957905137032311
5	2	2	1000	1.0 	 0.01007325483178993 	 0.004685290260822784 	 5 	 0.00032263493534014445 	 0.011874534722080868
5	2	2	10000	1.0 	 0.006494927341315356 	 0.003322845446863816 	 5 	 0.00027800232992303606 	 0.009113072944967068
5	3	2	100	0.6666666666666666 	 0.0018804914257582828 	 0.011124066499371588 	 5 	 0.0021487392796560854 	 0.1016144948194207
5	3	2	1000	1.0 	 9.92850621596078e-05 	 0.0004819495145510917 	 5 	 5.017648276298367e-05 	 0.001229323827693098
5	3	2	10000	1.0 	 1.9792859095043527e-05 	 8.84451678670638e-05 	 5 	 1.5670699762379505e-05 	 0.0003839321441782975
5	4	2	100	0.42857142857142855 	 0.02209206420544422 	 0.029587495575357354 	 5 	 0.0058688370706793235 	 0.4040429951076901
5	4	2	1000	1.0 	 0.0009182805153491171 	 0.0017731853942396373 	 5 	 0.000531755950711399 	 0.013028020792429188
5	4	2	10000	1.0 	 0.0005294230415211514 	 0.000945588104185966 	 5 	 0.0003061866841057143 	 0.00750157376058993
5	5	2	100	0.42857142857142855 	 0.008039457815406218 	 0.01879841350439523 	 5 	 0.0026135501727644374 	 0.28821175470084603
5	5	2	1000	0.42857142857142855 	 0.005965978489696783 	 0.013744062108279357 	 5 	 0.0020182146740455125 	 0.26201508232164805
5	5	2	10000	0.42857142857142855 	 0.007589166981513855 	 0.017615046446482662 	 5 	 0.002587774175865731 	 0.28334304755906414
5	6	2	100	0.6666666666666666 	 0.010615406815044153 	 0.011631723629013269 	 5 	 0.0009198047596836511 	 0.03276951383431505
5	6	2	1000	1.0 	 0.001722401589660893 	 0.0011633528423395224 	 5 	 7.739461656663034e-05 	 0.0018961681058824419
5	6	2	10000	1.0 	 0.0001685776455804296 	 0.00011650735796545711 	 5 	 7.739392520111676e-06 	 0.0001896151167427359
5	7	2	100	0.6666666666666666 	 0.004898615041452895 	 0.004555972665524579 	 5 	 0.0015949820949046946 	 0.15554275127067435
5	7	2	1000	1.0 	 0.0003453306398828134 	 0.0002931044290528513 	 5 	 4.632741742771843e-05 	 0.0019689152406781483
5	7	2	10000	1.0 	 0.0002960601439598909 	 0.00014746577055217737 	 5 	 3.555709734966462e-05 	 0.0015111766373608311
5	8	2	100	1.0 	 0.015628978984827076 	 0.01358075583561227 	 5 	 0.0008845210246916312 	 0.02167076510494497
5	8	2	1000	1.0 	 0.0019597747957275356 	 0.001652416977894268 	 5 	 8.768568050435553e-05 	 0.0021482991723567107
5	8	2	10000	1.0 	 0.00020773272561168095 	 0.00022689385606681215 	 5 	 1.7988567024852762e-05 	 0.0004407198921088926
5	9	2	100	0.42857142857142855 	 0.037002296125746105 	 0.00803642818204894 	 5 	 0.001245567583221787 	 0.11876142885837661
5	9	2	1000	1.0 	 0.00601881424296293 	 0.004704704311623103 	 5 	 0.0017642689549229027 	 0.049674587354785076
5	9	2	10000	1.0 	 0.0026528586999314346 	 0.00436171566184134 	 5 	 0.001709624495688264 	 0.048335798103536436
5	10	2	100	0.6666666666666666 	 0.15700426416432514 	 0.010787862119270504 	 5 	 0.0005775059212330432 	 0.015866150006387865
5	10	2	1000	0.6666666666666666 	 0.04101596061057039 	 0.03650652397619631 	 5 	 0.00477755771858336 	 0.23709333351089645
5	10	2	10000	0.6666666666666666 	 0.04104375930056642 	 0.03643803786473653 	 5 	 0.004781816807894291 	 0.23705637881916825
7	1	2	100	0.75 	 0.02059066739808229 	 0.04352047911103294 	 7 	 0.0031383065224536853 	 0.17629991110631682
7	1	2	1000	0.75 	 0.00554754958080478 	 0.01367149413067592 	 7 	 0.004675811587891075 	 0.12194304879657726
7	1	2	10000	0.75 	 0.014631611473759831 	 0.03992581056299412 	 7 	 0.002158582899820917 	 0.1703807831912264
7	2	2	100	1.0 	 0.05001210813651992 	 0.03300696813499229 	 7 	 0.001966319813293886 	 0.07112013421964546
7	2	2	1000	1.0 	 0.027617257595334063 	 0.021330503520667177 	 7 	 0.0008416742359682641 	 0.04951833692196999
7	2	2	10000	1.0 	 0.02171769649747441 	 0.016788067997887526 	 7 	 0.0013192189865092498 	 0.036730740365783617
7	3	2	100	0.75 	 0.025954864840847292 	 0.03020057670237424 	 7 	 0.0020074557390903688 	 0.08859379692182685
7	3	2	1000	1.0 	 0.007621146996392986 	 0.006201602484419278 	 7 	 0.00015564878716504315 	 0.003585109381427295
7	3	2	10000	1.0 	 0.002909445709720237 	 0.0025496204467374355 	 7 	 7.9511432978043e-05 	 0.0017890072420058596
7	4	2	100	1.0 	 0.013088891590221566 	 0.014453003155119626 	 7 	 0.0009721563879008019 	 0.03894086121765043
7	4	2	1000	1.0 	 0.002895625375032386 	 0.0034001851894270405 	 7 	 0.000539389859047562 	 0.022943278038469798
7	4	2	10000	1.0 	 0.0025582287763308295 	 0.003666658249609231 	 7 	 0.0005834257362708166 	 0.023432864762644556
7	5	2	100	0.75 	 0.06992557856972824 	 0.031351784453035034 	 7 	 0.0029086623279395408 	 0.06982067344834801
7	5	2	1000	0.75 	 0.024638838497088485 	 0.031168975583332634 	 7 	 0.0019359152653208717 	 0.09419489962154383
7	5	2	10000	0.75 	 0.026193961010119428 	 0.03396861359104929 	 7 	 0.00207084135111651 	 0.0972118655989761
7	6	2	100	0.75 	 0.0364804582372193 	 0.04271857432797123 	 7 	 0.00350022739390562 	 0.14088831881852035
7	6	2	1000	1.0 	 0.0019074329208802073 	 0.0028587301745336057 	 7 	 0.000152724413617496 	 0.00343629930639366
7	6	2	10000	1.0 	 0.0001895203110771163 	 0.00028844159437429887 	 7 	 1.5286615905587764e-05 	 0.0003439488578757247
7	7	2	100	0.16666666666666666 	 0.1563061575379849 	 0.20296477674271166 	 7 	 0.0035264698084524764 	 0.6966722629335496
7	7	2	1000	1.0 	 0.0013376157579129435 	 0.0018803915878955935 	 7 	 5.9373402864084204e-05 	 0.0013359015644418967
7	7	2	10000	1.0 	 0.001396150282048637 	 0.001780890830329279 	 7 	 4.282925577357083e-05 	 0.0009636582549053443
7	8	2	100	0.75 	 0.11835820407286564 	 0.012169323083807318 	 7 	 0.0008790591002383256 	 0.023265463327617288
7	8	2	1000	0.75 	 0.014220103323863585 	 0.001246189087712233 	 7 	 8.271447479738353e-05 	 0.005019882567653023
7	8	2	10000	1.0 	 0.0007900145022584692 	 0.0001721370162273183 	 7 	 2.6338198816057063e-05 	 0.0005926094733612832
7	9	2	100	0.5555555555555556 	 0.1161757568384335 	 0.01663268231125755 	 7 	 0.004954404887754971 	 0.12098421734812233
7	9	2	1000	0.75 	 0.026288231921911806 	 0.015013581626488815 	 7 	 0.005172662351609934 	 0.14082432380586865
7	9	2	10000	0.75 	 0.013898207599149493 	 0.008747162016741306 	 7 	 0.0027762222441020667 	 0.09523718618039523
7	10	2	100	0.75 	 0.04473161771106414 	 0.033749748209173695 	 7 	 0.004637397735584033 	 0.2088512474056952
7	10	2	1000	0.75 	 0.043970073831566675 	 0.03172780596103353 	 7 	 0.004510247745061703 	 0.20509164867855578
7	10	2	10000	0.75 	 0.04389968140419982 	 0.03152574468450339 	 7 	 0.0044975327458984735 	 0.20471568879831328
10	1	2	100	0.6666666666666666 	 0.19177719969086446 	 0.0587022154315823 	 10 	 0.0024143653942733613 	 0.34001506446792246
10	1	2	1000	0.5384615384615384 	 0.04242934873716582 	 0.041297532714161374 	 10 	 0.0031063618953006147 	 0.3897454281027395
10	1	2	10000	0.5384615384615384 	 0.044941552629358145 	 0.0433759011512736 	 10 	 0.003322484897954141 	 0.39393480563516986
10	2	2	100	0.6666666666666666 	 0.07982223009462623 	 0.0293015266621812 	 10 	 0.0034603788515649592 	 0.25786141292176123
10	2	2	1000	0.6666666666666666 	 0.09058440473302752 	 0.03087070198092177 	 10 	 0.0020102280728068207 	 0.18367675768021538
10	2	2	10000	0.8181818181818182 	 0.09012667471968945 	 0.03368444967746461 	 10 	 0.0023620052840445487 	 0.09567050460580226
10	3	2	100	0.6666666666666666 	 0.08090348666188772 	 0.049861526108045846 	 10 	 0.0024921585642865953 	 0.10267521051474213
10	3	2	1000	0.5384615384615384 	 0.07038792486977966 	 0.04390123979080514 	 10 	 0.006370606870110681 	 0.29486627356571915
10	3	2	10000	0.5384615384615384 	 0.048428615540222854 	 0.0395726194386093 	 10 	 0.0064285302478698314 	 0.29416829000861433
10	4	2	100	0.6666666666666666 	 0.12393293536452811 	 0.048897609282880415 	 10 	 0.00232621913270392 	 0.15998577012139673
10	4	2	1000	0.8181818181818182 	 0.08632177134430778 	 0.03856591805179869 	 10 	 0.00207165061254477 	 0.068715031205822
10	4	2	10000	0.8181818181818182 	 0.0861656001756449 	 0.03906022342879876 	 10 	 0.0020902796191087794 	 0.06861241217892362
10	5	2	100	0.8181818181818182 	 0.03492402709540712 	 0.025013580430609954 	 10 	 0.002336889671352709 	 0.08919466097816675
10	5	2	1000	0.6666666666666666 	 0.026280750639284395 	 0.03010645402802764 	 10 	 0.0015435428451649167 	 0.15863908444718036
10	5	2	10000	0.25 	 0.1860816014752889 	 0.18227622660359719 	 10 	 0.011355170995364386 	 0.6158349524216162
10	6	2	100	0.5384615384615384 	 0.2030682488600903 	 0.04133722754051883 	 10 	 0.004414774786286223 	 0.3167930473005923
10	6	2	1000	0.6666666666666666 	 0.01636080474537348 	 0.016974465240585147 	 10 	 0.0035373687870816086 	 0.246224575082631
10	6	2	10000	0.8181818181818182 	 0.033413159826344886 	 0.03122037942383957 	 10 	 0.0022354301120603706 	 0.08426688897678873
10	7	2	100	0.42857142857142855 	 0.07098240510936572 	 0.09045141783176407 	 10 	 0.00840417532746699 	 0.48963319263902266
10	7	2	1000	0.42857142857142855 	 0.08406083914968346 	 0.09653835479136391 	 10 	 0.010025769101102963 	 0.40832614589398014
10	7	2	10000	0.8181818181818182 	 0.004739869530231928 	 0.0043185800390751405 	 10 	 0.0007974407916164379 	 0.10277870272348433
10	8	2	100	1.0 	 0.07524738943169675 	 0.036674510106711564 	 10 	 0.0029960683899069324 	 0.10320931072184611
10	8	2	1000	0.8181818181818182 	 0.0531611411163389 	 0.01864510555244954 	 10 	 0.0003828607400853655 	 0.031054238222713925
10	8	2	10000	0.17647058823529413 	 0.17101967054927483 	 0.07109581190777935 	 10 	 0.005469480913351356 	 0.7764204029492273
10	9	2	100	0.6666666666666666 	 0.13913843401490855 	 0.05139031868846366 	 10 	 0.002195114723899063 	 0.2300445868502734
10	9	2	1000	0.42857142857142855 	 0.1566768462482232 	 0.0907797421974575 	 10 	 0.004764716101947983 	 0.310877282902835
10	9	2	10000	0.42857142857142855 	 0.15308387124021902 	 0.04897331591231765 	 10 	 0.00535103576006397 	 0.3757202640726244
10	10	2	100	0.6666666666666666 	 0.2133421457388047 	 0.05297799652609728 	 10 	 0.0054823595225745175 	 0.206598686939612
10	10	2	1000	0.8181818181818182 	 0.19359115603529392 	 0.04807274825882294 	 10 	 0.00551919642508422 	 0.18873563724270098
10	10	2	10000	0.6666666666666666 	 0.07657594692576022 	 0.037305312544865556 	 10 	 0.002692526021974826 	 0.10901470316338001
