2	1	0	0	0.3333333333333333 	 0.05097606737228057 	 0.17819119314668416 	 2 	 0.00484626431660279 	 0.5000655000535763
2	2	0	0	0.0 	 0.09349992815818106 	 0.09970774709202616 	 2 	 0.012523518348534855 	 1.0
2	3	0	0	0.3333333333333333 	 0.07081153149170648 	 0.24288729377888238 	 2 	 0.0022676996478516133 	 0.500130993443293
2	4	0	0	0.0 	 0.012706700589757739 	 0.03620451287584245 	 2 	 0.004157792969392997 	 1.0
2	5	0	0	0.3333333333333333 	 0.05017520487526394 	 0.1042081959541768 	 2 	 0.0073874720747857964 	 0.20315548205660933
2	6	0	0	0.0 	 0.0985764244449299 	 0.28342732217936106 	 2 	 0.009855989815243028 	 1.0
2	7	0	0	0.0 	 0.016068050212477217 	 0.07528792712931776 	 2 	 0.011063841874959644 	 1.0
2	8	0	0	0.3333333333333333 	 0.0038620789387455745 	 0.010146703295154332 	 2 	 0.00079148746171232 	 0.4959483068666843
2	9	0	0	0.3333333333333333 	 0.010361338674955981 	 0.020584155705426006 	 2 	 0.008173166342859656 	 0.24501426375923308
2	10	0	0	0.3333333333333333 	 0.05517405346494955 	 0.03089898943394108 	 2 	 0.007711988153702184 	 0.2382792294347525
3	1	0	0	0.0 	 0.12311998834713116 	 0.2879165621364003 	 3 	 0.016664171620893804 	 1.0
3	2	0	0	0.2 	 0.1273693949958813 	 0.3167590998792704 	 3 	 0.017231384517676397 	 0.45663168971842455
3	3	0	0	0.5 	 0.0023593506877240063 	 0.023449187780376746 	 3 	 0.0031474549161659374 	 0.28756429502720704
3	4	0	0	0.2 	 0.023208230030492154 	 0.08124396843945923 	 3 	 0.0007869333447919282 	 0.6202765930347196
3	5	0	0	0.2 	 0.06667772482643891 	 0.16970668918546009 	 3 	 0.012450106252426367 	 0.3299251236659088
3	6	0	0	0.2 	 0.09541255334242402 	 0.3545392283571232 	 3 	 0.01084933473162642 	 0.7238856726912924
3	7	0	0	0.0 	 0.07721091115014882 	 0.29561668169631355 	 3 	 0.007988346029898057 	 1.0
3	8	0	0	0.5 	 0.007044778881858249 	 0.03181411179171338 	 3 	 0.007466943412071148 	 0.4201933097294741
3	9	0	0	0.5 	 0.009390927909698853 	 0.004061318748474061 	 3 	 0.0006215525080175519 	 0.026762735121507668
3	10	0	0	0.2 	 0.07813409938047093 	 0.1056860719918308 	 3 	 0.010556654420351688 	 0.6472261672083833
5	1	0	0	0.1111111111111111 	 0.12114157259409498 	 0.4309851604660285 	 5 	 0.0267162412594465 	 1.0
5	2	0	0	0.1111111111111111 	 0.110040719993652 	 0.19657803349816277 	 5 	 0.015080572610253246 	 0.8155285715418141
5	3	0	0	0.25 	 0.15717558181766786 	 0.417530300606556 	 5 	 0.005987017855232752 	 0.6405686235485725
5	4	0	0	0.25 	 0.029590889455497874 	 0.16271397041336078 	 5 	 0.030635151670863274 	 1.0
5	5	0	0	0.25 	 0.10843307952041159 	 0.23367956245475124 	 5 	 0.026962720880662303 	 1.0
5	6	0	0	0.25 	 0.07339572159775729 	 0.35004263089104937 	 5 	 0.01302222684873289 	 0.725736298458911
5	7	0	0	0.0 	 0.1850596762368323 	 0.41784538158251194 	 5 	 0.012899423478526444 	 1.0
5	8	0	0	0.25 	 0.06907538640217996 	 0.12826127479420638 	 5 	 0.003907913901287336 	 0.5000014651493481
5	9	0	0	0.25 	 0.07609973644087982 	 0.1957840524835439 	 5 	 0.02485942932320654 	 0.8957507555157069
5	10	0	0	0.1111111111111111 	 0.06672617114041023 	 0.05767571308927218 	 5 	 0.009091148859338986 	 0.8427580958074785
7	1	0	0	0.16666666666666666 	 0.14628472876947543 	 0.4325648701346564 	 7 	 0.025094465083718043 	 0.9507054976696109
7	2	0	0	0.16666666666666666 	 0.18434550365383043 	 0.3096847971496328 	 7 	 0.03427507422260371 	 0.7711891700085828
7	3	0	0	0.2727272727272727 	 0.19145986655175348 	 0.31848139350286986 	 7 	 0.02186211675070452 	 0.8509432018905633
7	4	0	0	0.2727272727272727 	 0.12507098170394004 	 0.15890052970971058 	 7 	 0.020513657241911475 	 0.7619189324236908
7	5	0	0	0.16666666666666666 	 0.30588149667233755 	 0.501531363823771 	 7 	 0.03444788044256526 	 1.0
7	6	0	0	0.16666666666666666 	 0.19105518089230372 	 0.39852444513947016 	 7 	 0.022182389967709295 	 0.7680139189324291
7	7	0	0	0.0 	 0.30112699835679646 	 0.4687760812222027 	 7 	 0.02372645788425665 	 1.0
7	8	0	0	0.16666666666666666 	 0.16058417079925122 	 0.1889275283858422 	 7 	 0.02200982027238091 	 0.875903654208647
7	9	0	0	0.16666666666666666 	 0.12051883655529017 	 0.34040081247443316 	 7 	 0.021363119671323122 	 1.0
7	10	0	0	0.16666666666666666 	 0.1270938960358195 	 0.10838246720171257 	 7 	 0.01325880052258296 	 0.8322984797415373
10	1	0	0	0.25 	 0.18121674960224912 	 0.3169966423396955 	 10 	 0.029385126101621285 	 0.9792738225423694
10	2	0	0	0.25 	 0.2207516048439371 	 0.24418166146554493 	 10 	 0.03352115481780824 	 0.8262570590541839
10	3	0	0	0.25 	 0.2989028043723472 	 0.2875428770123625 	 10 	 0.023272808949555156 	 0.8213804873636891
10	4	0	0	0.3333333333333333 	 0.2651145341098063 	 0.25253721253983197 	 10 	 0.032025721755366054 	 0.6834995805561405
10	5	0	0	0.25 	 0.36740582828705093 	 0.37082298297785904 	 10 	 0.025518030402685726 	 0.898045874334356
10	6	0	0	0.3333333333333333 	 0.19070352430095355 	 0.3281407123676103 	 10 	 0.03256765534089356 	 0.8251597858278872
10	7	0	0	0.1111111111111111 	 0.3445869344358346 	 0.42366636299965266 	 10 	 0.021890837011209356 	 0.9852235537398362
10	8	0	0	0.17647058823529413 	 0.3705683680606337 	 0.2345378511890565 	 10 	 0.009103109213389339 	 0.7449168660758918
10	9	0	0	0.17647058823529413 	 0.2933723129879185 	 0.34281242668616424 	 10 	 0.013427426659928392 	 0.8244733046376473
10	10	0	0	0.25 	 0.21516037133866886 	 0.26375832650051384 	 10 	 0.029778048925284874 	 0.9354110737542808
2	1	1	100	0.0 	 0.0669950725872836 	 0.23940521801441192 	 2 	 0.015049313831288182 	 1.0
2	1	1	1000	0.0 	 0.06701001657055115 	 0.23940521801441192 	 2 	 0.015049313831288182 	 1.0
2	1	1	10000	0.0 	 0.06700487926850292 	 0.23940521801441192 	 2 	 0.015049313831288182 	 1.0
2	2	1	100	0.3333333333333333 	 0.07890578443310164 	 0.2520677583104636 	 2 	 0.0036616452703302216 	 0.3586180144223383
2	2	1	1000	0.3333333333333333 	 0.07865175064793743 	 0.2507236644880055 	 2 	 0.0034812955657128435 	 0.3586180144223383
2	2	1	10000	0.3333333333333333 	 0.07862615912652986 	 0.2505880327377153 	 2 	 0.0034632605952511055 	 0.3586180144223383
2	3	1	100	0.3333333333333333 	 0.07081153149170648 	 0.2361758978074621 	 2 	 0.0028101813727178983 	 0.5001164384257539
2	3	1	1000	0.3333333333333333 	 0.07081153149170648 	 0.2361758978074621 	 2 	 0.0028112398820620927 	 0.5000873294187886
2	3	1	10000	0.3333333333333333 	 0.07081153149170648 	 0.2361758978074621 	 2 	 0.0028144154660798395 	 0.5000000008583005
2	4	1	100	0.3333333333333333 	 0.010580488806525436 	 0.029856659361873924 	 2 	 0.0017057345588969465 	 0.5967028278094472
2	4	1	1000	0.3333333333333333 	 0.010586686540670886 	 0.029774026031059154 	 2 	 0.0017887178410856222 	 0.5989848682252017
2	4	1	10000	0.3333333333333333 	 0.0107731211086308 	 0.03702767513939449 	 2 	 0.005038211836673364 	 0.6883459763962894
2	5	1	100	0.3333333333333333 	 0.05006088328174249 	 0.18187729291724367 	 2 	 0.013933665024517152 	 0.38317578817422154
2	5	1	1000	0.3333333333333333 	 0.05018856877822761 	 0.18187729291724367 	 2 	 0.013933665024517152 	 0.38317578817422154
2	5	1	10000	0.3333333333333333 	 0.050108572824852274 	 0.18187729291724367 	 2 	 0.013933665024517152 	 0.38317578817422154
2	6	1	100	0.3333333333333333 	 0.04453576450846697 	 0.3757141770960924 	 2 	 0.001716589535716002 	 0.5472790041125548
2	6	1	1000	0.3333333333333333 	 0.04453576450846697 	 0.3757141770960924 	 2 	 0.0017181768708604273 	 0.5472790041125548
2	6	1	10000	0.3333333333333333 	 0.04453576450846697 	 0.3757141770960924 	 2 	 0.0017144730989007721 	 0.5472790041125547
2	7	1	100	0.0 	 0.008516339756528142 	 0.04611753263335526 	 2 	 0.006314499661354632 	 1.0
2	7	1	1000	0.0 	 0.008516339756528142 	 0.04614726078083744 	 2 	 0.0064071647557002245 	 1.0
2	7	1	10000	0.0 	 0.008516339756528142 	 0.046150233665731066 	 2 	 0.0064164312651334605 	 1.0
2	8	1	100	0.3333333333333333 	 0.012227989086879783 	 0.03261399009509045 	 2 	 0.0017387028127472217 	 0.5357554061772235
2	8	1	1000	0.3333333333333333 	 0.01222677233254766 	 0.032259422584394314 	 2 	 0.001733388379412248 	 0.5359015530939353
2	8	1	10000	0.3333333333333333 	 0.012226650614974183 	 0.03222397066501783 	 2 	 0.00173285693603757 	 0.5359161677867389
2	9	1	100	0.3333333333333333 	 0.01470840431248357 	 0.07138940890220367 	 2 	 0.00939108297697351 	 0.5001091877382835
2	9	1	1000	0.3333333333333333 	 0.01470840431248357 	 0.07138940890220367 	 2 	 0.009389496666578866 	 0.500152811274136
2	9	1	10000	0.3333333333333333 	 0.01470840431248357 	 0.07138940890220367 	 2 	 0.009390555056992312 	 0.5001237055377663
2	10	1	100	0.3333333333333333 	 0.07699258053951562 	 0.06286654804495635 	 2 	 0.0036029238654596424 	 0.09908040630014014
2	10	1	1000	0.3333333333333333 	 0.07724116383737988 	 0.06390096856051963 	 2 	 0.0036029238654596424 	 0.09908040630014014
2	10	1	10000	0.3333333333333333 	 0.07726609704717324 	 0.06400454674731319 	 2 	 0.0036029238654596424 	 0.09908040630014014
3	1	1	100	0.2 	 0.08370927837799023 	 0.2578750426629211 	 3 	 0.0010806784939335905 	 0.7237847201024549
3	1	1	1000	0.2 	 0.08370927837799023 	 0.25804658606941266 	 3 	 0.0010896338102343833 	 0.7237847201024549
3	1	1	10000	0.2 	 0.08370927837799023 	 0.25806373843212355 	 3 	 0.0010905293418644606 	 0.7237847201024548
3	2	1	100	0.5 	 0.09244849669923266 	 0.29492386325012604 	 3 	 0.020886683109586718 	 0.5534971024040483
3	2	1	1000	0.5 	 0.0926340410950149 	 0.2951229674779501 	 3 	 0.020886683109586718 	 0.5534971024040483
3	2	1	10000	0.5 	 0.09265119869681476 	 0.2951429011069489 	 3 	 0.020886683109586718 	 0.5534971024040483
3	3	1	100	0.2 	 0.00517802359412872 	 0.02500349586679246 	 3 	 0.004734106847075002 	 0.6546180455765538
3	3	1	1000	0.2 	 0.005304586651295971 	 0.024610313140101744 	 3 	 0.004631375091169787 	 0.6527421280093074
3	3	1	10000	0.2 	 0.005318613813870354 	 0.02457481606482427 	 3 	 0.004620659539915135 	 0.6525423294091113
3	4	1	100	0.5 	 0.017073441306797766 	 0.04793924430397894 	 3 	 0.0070611826988657145 	 0.3919183707479048
3	4	1	1000	0.5 	 0.016985836824256938 	 0.0478210336814226 	 3 	 0.007116919718849936 	 0.38535757497873824
3	4	1	10000	0.5 	 0.016985836824256938 	 0.04781101515629153 	 3 	 0.007130291338169825 	 0.38554934029895127
3	5	1	100	0.2 	 0.05876831624850876 	 0.34080963409720877 	 3 	 0.02329935693267808 	 1.0
3	5	1	1000	0.2 	 0.05863872322463766 	 0.34080963409720877 	 3 	 0.02329935693267808 	 1.0
3	5	1	10000	0.2 	 0.0588651113372317 	 0.34080963409720877 	 3 	 0.02329935693267808 	 1.0
3	6	1	100	0.2 	 0.10590617980213161 	 0.36257914631510285 	 3 	 0.007056185029941015 	 0.728523914189533
3	6	1	1000	0.2 	 0.10590617980213161 	 0.36252934728474245 	 3 	 0.007030751282735012 	 0.7291979084904922
3	6	1	10000	0.2 	 0.10590617980213161 	 0.3625243669537381 	 3 	 0.007029965260684056 	 0.7292187380748423
3	7	1	100	0.0 	 0.06496400889466361 	 0.2555568675446237 	 3 	 0.011606327669386424 	 1.0
3	7	1	1000	0.0 	 0.06501083750189177 	 0.2555568675446237 	 3 	 0.011606327669386423 	 1.0
3	7	1	10000	0.0 	 0.0650200461319279 	 0.2555568675446237 	 3 	 0.011606327669386423 	 1.0
3	8	1	100	0.5 	 0.007044778881858249 	 0.03223532261725851 	 3 	 0.0032176954833590832 	 0.45945103411730404
3	8	1	1000	0.5 	 0.007044778881858249 	 0.03225288351740907 	 3 	 0.003183292157070137 	 0.4590670273332394
3	8	1	10000	0.5 	 0.007044778881858249 	 0.032254639572371936 	 3 	 0.0031798518244411803 	 0.4589777858319443
3	9	1	100	0.2 	 0.07496305473977657 	 0.17020945987801805 	 3 	 0.004492811502846007 	 0.7122733914713566
3	9	1	1000	0.2 	 0.07496305473977657 	 0.17039150731218655 	 3 	 0.004575524717146483 	 0.710081491292394
3	9	1	10000	0.2 	 0.07496305473977657 	 0.17040970766237487 	 3 	 0.004577809882518996 	 0.7100209344100223
3	10	1	100	0.2 	 0.053238753105543636 	 0.060264589982194645 	 3 	 0.0031136392522257235 	 0.2497389146653314
3	10	1	1000	0.2 	 0.05338843217667663 	 0.060464867452070935 	 3 	 0.0031136392522257235 	 0.24973891466533138
3	10	1	10000	0.2 	 0.05340340675833427 	 0.06048524465920127 	 3 	 0.0031136392522257243 	 0.2497389146653314
5	1	1	100	0.1111111111111111 	 0.11579775258481413 	 0.3144051839334651 	 5 	 0.014361127938777366 	 0.9061690531171803
5	1	1	1000	0.1111111111111111 	 0.08945203100104025 	 0.2854961502920177 	 5 	 0.00829003173488238 	 0.8558188825380223
5	1	1	10000	0.1111111111111111 	 0.0894442938548725 	 0.2854440735912786 	 5 	 0.008283078928399964 	 0.855700289877439
5	2	1	100	0.1111111111111111 	 0.10953218780793934 	 0.1661225367436457 	 5 	 0.007682223505116877 	 0.9792608746682764
5	2	1	1000	0.1111111111111111 	 0.1098889702606888 	 0.1659596188120597 	 5 	 0.007705455768312068 	 0.9792608660424307
5	2	1	10000	0.1111111111111111 	 0.10983945565213375 	 0.16594474184932367 	 5 	 0.007707744464773636 	 0.9792608653305722
5	3	1	100	0.25 	 0.11403467244126457 	 0.22595352211221162 	 5 	 0.007816404483296518 	 0.5092262568436284
5	3	1	1000	0.25 	 0.0870579758671902 	 0.1144795972436904 	 5 	 0.0071089316355677275 	 0.37166350916736013
5	3	1	10000	0.25 	 0.08711187334873378 	 0.11452723115547993 	 5 	 0.007105659748051396 	 0.3717806204013753
5	4	1	100	0.25 	 0.029375794196126775 	 0.17329682887872366 	 5 	 0.027823994321881047 	 1.0
5	4	1	1000	0.25 	 0.029635831585229897 	 0.17329682887872366 	 5 	 0.027823994321881047 	 1.0
5	4	1	10000	0.25 	 0.029215351185311995 	 0.17329682887872366 	 5 	 0.027823994321881047 	 1.0
5	5	1	100	0.25 	 0.1132104667412511 	 0.373061471452936 	 5 	 0.019168616156334587 	 0.9340975855202518
5	5	1	1000	0.25 	 0.11155949610237509 	 0.3739480960638115 	 5 	 0.01925118697556153 	 0.9356129144795406
5	5	1	10000	0.25 	 0.11153129490317241 	 0.3740847073882585 	 5 	 0.01925940556290391 	 0.9358355842556171
5	6	1	100	0.25 	 0.07629715810803506 	 0.30393304534732213 	 5 	 0.02282509849227727 	 0.9509664730857785
5	6	1	1000	0.25 	 0.07629701701038678 	 0.30443917933220904 	 5 	 0.02290842207253871 	 0.9519725683329496
5	6	1	10000	0.25 	 0.0762969527636026 	 0.3044898044306307 	 5 	 0.022916754430564852 	 0.95204552963074
5	7	1	100	0.0 	 0.1799660123268176 	 0.39003552077390613 	 5 	 0.031144313838879167 	 1.0
5	7	1	1000	0.0 	 0.1794754483194861 	 0.39003552077390613 	 5 	 0.031144313838879167 	 1.0
5	7	1	10000	0.0 	 0.1800160913173234 	 0.39003552077390613 	 5 	 0.031144313838879167 	 1.0
5	8	1	100	0.25 	 0.06907551657155665 	 0.19056805683311637 	 5 	 0.00602824886439677 	 0.5921656590138147
5	8	1	1000	0.25 	 0.06907553386269392 	 0.190571089737875 	 5 	 0.006028248864396772 	 0.5921656590138147
5	8	1	10000	0.25 	 0.06907532310728835 	 0.19057139302710085 	 5 	 0.006028248864396768 	 0.5921656590138145
5	9	1	100	0.25 	 0.07612223108229105 	 0.18790596423319159 	 5 	 0.028697884593934613 	 0.7622180501576727
5	9	1	1000	0.25 	 0.07612718219693354 	 0.18790597859503963 	 5 	 0.028697887922550357 	 0.7622180323938373
5	9	1	10000	0.25 	 0.07612755687940796 	 0.18790597880366092 	 5 	 0.02869788760773557 	 0.7622180250656668
5	10	1	100	0.1111111111111111 	 0.09220132411724301 	 0.1579274353903958 	 5 	 0.011047507335614114 	 0.8135119063500384
5	10	1	1000	0.1111111111111111 	 0.0922123619008912 	 0.15783602382491663 	 5 	 0.011126670799638402 	 0.8119837737630176
5	10	1	10000	0.1111111111111111 	 0.09221326758185262 	 0.1578268796718813 	 5 	 0.011134587146041795 	 0.8118309605042879
7	1	1	100	0.07692307692307693 	 0.14864780776545958 	 0.3217438682981641 	 7 	 0.02698989481498568 	 0.9999987843124523
7	1	1	1000	0.07692307692307693 	 0.14863519278248669 	 0.3228501104273562 	 7 	 0.027033892019375116 	 0.999999136867945
7	1	1	10000	0.07692307692307693 	 0.14863470000364762 	 0.32296109566664377 	 7 	 0.027038291708731024 	 0.9999991000675624
7	2	1	100	0.16666666666666666 	 0.183021754135902 	 0.34691682975720656 	 7 	 0.030563546470110337 	 0.8867104937603865
7	2	1	1000	0.16666666666666666 	 0.18317652796702347 	 0.34691682975720656 	 7 	 0.030563546470110337 	 0.8867104937603865
7	2	1	10000	0.16666666666666666 	 0.18282921325799112 	 0.34691682975720656 	 7 	 0.030563546470110337 	 0.8867104937603865
7	3	1	100	0.2727272727272727 	 0.17098298685681038 	 0.387596829648211 	 7 	 0.013092930486250605 	 0.6102340701153383
7	3	1	1000	0.2727272727272727 	 0.17061208897145977 	 0.38806312632956025 	 7 	 0.013090765389512891 	 0.613558718084274
7	3	1	10000	0.2727272727272727 	 0.17057469800606462 	 0.38810965690663435 	 7 	 0.01309054979147083 	 0.6138909339059323
7	4	1	100	0.4 	 0.10482892493819772 	 0.22195562524533702 	 7 	 0.033018080249251666 	 0.8520824795308017
7	4	1	1000	0.4 	 0.1043527251851992 	 0.22195562524533702 	 7 	 0.033018080249251666 	 0.8520824795308017
7	4	1	10000	0.4 	 0.10364910646160942 	 0.22195562524533702 	 7 	 0.033018080249251666 	 0.8520824795308017
7	5	1	100	0.2727272727272727 	 0.25695315579897327 	 0.40406587525152904 	 7 	 0.02059414813543784 	 0.9429704488379798
7	5	1	1000	0.2727272727272727 	 0.25695188450637596 	 0.4049911807490561 	 7 	 0.02066200199718287 	 0.9427261846913881
7	5	1	10000	0.2727272727272727 	 0.2569518808973383 	 0.40508374092816996 	 7 	 0.020668787383357326 	 0.9427017582767279
7	6	1	100	0.2727272727272727 	 0.11092985068995807 	 0.1085129058259396 	 7 	 0.0041111525821807176 	 0.6433969006149064
7	6	1	1000	0.2727272727272727 	 0.1040600511807232 	 0.09247309307298426 	 7 	 0.004118212214898469 	 0.6256992917854971
7	6	1	10000	0.2727272727272727 	 0.10259149539382008 	 0.08862390665593901 	 7 	 0.004115602721152961 	 0.6215253758433213
7	7	1	100	0.0 	 0.33704730059561716 	 0.43465619714543896 	 7 	 0.025630499810341132 	 1.0
7	7	1	1000	0.0 	 0.3379119459155981 	 0.43465619714543896 	 7 	 0.025630499810341132 	 1.0
7	7	1	10000	0.0 	 0.3363449477083441 	 0.43465619714543896 	 7 	 0.025630499810341136 	 1.0
7	8	1	100	0.16666666666666666 	 0.1600034509187996 	 0.3347472077629386 	 7 	 0.03681152844991863 	 1.0
7	8	1	1000	0.16666666666666666 	 0.15956685797230685 	 0.3347472077629386 	 7 	 0.03681152844991863 	 1.0
7	8	1	10000	0.16666666666666666 	 0.1600242156033308 	 0.3347472077629386 	 7 	 0.03681152844991863 	 1.0
7	9	1	100	0.16666666666666666 	 0.11346843477597461 	 0.3236945642907579 	 7 	 0.026473832423915666 	 1.0
7	9	1	1000	0.16666666666666666 	 0.11496148145692181 	 0.3236945642907579 	 7 	 0.026473832423915673 	 1.0
7	9	1	10000	0.16666666666666666 	 0.11485243903840459 	 0.323694564290758 	 7 	 0.026473832423915673 	 1.0
7	10	1	100	0.07692307692307693 	 0.1556588492296003 	 0.3884666234210084 	 7 	 0.01933195387007785 	 1.0
7	10	1	1000	0.07692307692307693 	 0.1556589497403873 	 0.38870812802436666 	 7 	 0.019402983411786038 	 1.0
7	10	1	10000	0.07692307692307693 	 0.15565897669121898 	 0.38873228505102286 	 7 	 0.019410086365956855 	 1.0
10	1	1	100	0.25 	 0.18312092762262316 	 0.21856389128665368 	 10 	 0.02649327331314353 	 0.9269048083540178
10	1	1	1000	0.25 	 0.18362466466614255 	 0.2163830114857916 	 10 	 0.021913642203925807 	 0.8651697208703911
10	1	1	10000	0.25 	 0.18362587920122805 	 0.21639740678033742 	 10 	 0.021911182046421007 	 0.8652731078695393
10	2	1	100	0.25 	 0.22049375709939828 	 0.28886832217849434 	 10 	 0.032310500989773706 	 0.9094565318118748
10	2	1	1000	0.17647058823529413 	 0.22058650076082387 	 0.2890639764588984 	 10 	 0.032392174716651706 	 0.913400311669363
10	2	1	10000	0.17647058823529413 	 0.22058448156834448 	 0.2889842581274058 	 10 	 0.03237632817600822 	 0.9134003116693632
10	3	1	100	0.25 	 0.29907664334364853 	 0.5160015105699438 	 10 	 0.031199566175280444 	 1.0000126383872274
10	3	1	1000	0.25 	 0.2936493743402319 	 0.5154639333927786 	 10 	 0.031115058379906357 	 1.0000003494619711
10	3	1	10000	0.25 	 0.2936406743773482 	 0.5154109104240395 	 10 	 0.031106758268753906 	 1.0000003798464767
10	4	1	100	0.25 	 0.2547041324522988 	 0.2924114963273884 	 10 	 0.03496855621501389 	 0.9015022087315194
10	4	1	1000	0.25 	 0.2547048355179068 	 0.29247546599635743 	 10 	 0.0349685562150139 	 0.9015022087315194
10	4	1	10000	0.25 	 0.2547075304594925 	 0.29248186232710927 	 10 	 0.0349685562150139 	 0.9015022087315196
10	5	1	100	0.25 	 0.3572822108919125 	 0.30581862328633574 	 10 	 0.02566525510257151 	 0.933009196249827
10	5	1	1000	0.25 	 0.3572821557737429 	 0.30638621901910934 	 10 	 0.025688245573260465 	 0.9330091962498271
10	5	1	10000	0.25 	 0.35728222609819443 	 0.30644299310988693 	 10 	 0.025690544620329252 	 0.933009196249827
10	6	1	100	0.3333333333333333 	 0.1907084617018561 	 0.3758284749302365 	 10 	 0.032433342639603006 	 0.970761145660209
10	6	1	1000	0.3333333333333333 	 0.1907090481344128 	 0.3773337756601936 	 10 	 0.032433342639603 	 0.970761145660209
10	6	1	10000	0.3333333333333333 	 0.19070981287802338 	 0.3774843746043322 	 10 	 0.032433342639603006 	 0.970761145660209
10	7	1	100	0.1111111111111111 	 0.36215553346863144 	 0.29174038727794604 	 10 	 0.01489054354108184 	 0.8686196244824305
10	7	1	1000	0.1111111111111111 	 0.3621280133700417 	 0.29226492780515645 	 10 	 0.014895150532434938 	 0.8687792654709859
10	7	1	10000	0.1111111111111111 	 0.3621248838081987 	 0.2923174132661088 	 10 	 0.014895611320192256 	 0.8687952204779374
10	8	1	100	0.17647058823529413 	 0.38026782050331553 	 0.2961771923313603 	 10 	 0.018597653516705222 	 0.7788489395583859
10	8	1	1000	0.17647058823529413 	 0.3800864232802139 	 0.2960437491308956 	 10 	 0.018502824336094528 	 0.7788092921836152
10	8	1	10000	0.17647058823529413 	 0.38007363511107456 	 0.29603040819636917 	 10 	 0.018493341421725918 	 0.778805294841091
10	9	1	100	0.17647058823529413 	 0.29575904538571085 	 0.3911944077537431 	 10 	 0.017703150057008114 	 0.839115594104942
10	9	1	1000	0.17647058823529413 	 0.29549197658425264 	 0.3891823899570352 	 10 	 0.017411998554234538 	 0.8330696061433904
10	9	1	10000	0.17647058823529413 	 0.29547846452608695 	 0.3890617365266702 	 10 	 0.01738288659325294 	 0.8324649927063932
10	10	1	100	0.3333333333333333 	 0.200918098466518 	 0.25802361305794425 	 10 	 0.02410558021807084 	 0.7459065091043392
10	10	1	1000	0.3333333333333333 	 0.2013042465850348 	 0.2562283565584523 	 10 	 0.023841903756518745 	 0.7431770650642182
10	10	1	10000	0.3333333333333333 	 0.2013425190409207 	 0.2560485716346033 	 10 	 0.0238155361103635 	 0.7429041206602055
2	1	2	100	0.3333333333333333 	 0.05097606737228057 	 0.17819119314668416 	 2 	 0.004845735018164441 	 0.5000800557606309
2	1	2	1000	0.3333333333333333 	 0.05097606737228057 	 0.17819119314668416 	 2 	 0.0048436178781390005 	 0.5001382771113305
2	1	2	10000	0.3333333333333333 	 0.05097606737228057 	 0.17819119314668416 	 2 	 0.004845735028947539 	 0.5000800554640957
2	2	2	100	0.0 	 0.09349992815818106 	 0.09919465828062458 	 2 	 0.01220506016601013 	 1.0
2	2	2	1000	0.0 	 0.09349992815818106 	 0.09965641665666053 	 2 	 0.0124916725302915 	 1.0
2	2	2	10000	0.0 	 0.09349992815818106 	 0.09970261383312215 	 2 	 0.012520333766880836 	 1.0
2	3	2	100	0.3333333333333333 	 0.07081153149170648 	 0.24288729377888238 	 2 	 0.002269816715623175 	 0.5000727740795752
2	3	2	1000	0.3333333333333333 	 0.07081153149170648 	 0.24288729377888238 	 2 	 0.0022714044992832973 	 0.5000291100289218
2	3	2	10000	0.3333333333333333 	 0.07081153149170648 	 0.24288729377888238 	 2 	 0.0022714044984996724 	 0.5000291100504715
2	4	2	100	0.0 	 0.01270644317932941 	 0.0361851113088362 	 2 	 0.004116900118088684 	 1.0
2	4	2	1000	0.0 	 0.012706674894821572 	 0.036202530660805664 	 2 	 0.004153703598894869 	 1.0
2	4	2	10000	0.3333333333333333 	 0.01241618965690728 	 0.041206158343755496 	 2 	 0.005031535735193567 	 0.4997526582950076
2	5	2	100	0.3333333333333333 	 0.050187832819220436 	 0.1042081959541768 	 2 	 0.0073874720747857964 	 0.20315548205660933
2	5	2	1000	0.3333333333333333 	 0.050194261615392415 	 0.1042081959541768 	 2 	 0.0073874720747857964 	 0.20315548205660933
2	5	2	10000	0.3333333333333333 	 0.0501773793413439 	 0.1042081959541768 	 2 	 0.0073874720747857964 	 0.20315548205660933
2	6	2	100	0.0 	 0.09674303129796887 	 0.28342914841374706 	 2 	 0.009856227010575935 	 1.0
2	6	2	1000	0.0 	 0.09884454215747865 	 0.28342731791002823 	 2 	 0.00985598917162469 	 1.0
2	6	2	10000	0.0 	 0.09860234469901369 	 0.28342732175136354 	 2 	 0.00985598975064502 	 1.0
2	7	2	100	0.0 	 0.016068050212477217 	 0.07528618007390088 	 2 	 0.011027945702957261 	 1.0
2	7	2	1000	0.0 	 0.016068050212477217 	 0.07528775242407312 	 2 	 0.011060252257759461 	 1.0
2	7	2	10000	0.0 	 0.016068050212477217 	 0.07528790965879627 	 2 	 0.011063482913239619 	 1.0
2	8	2	100	1.0 	 0.0008303674201527618 	 0.002381293780366998 	 2 	 0.0002158373472622862 	 0.005935527049712866
2	8	2	1000	0.3333333333333333 	 0.0038509250256511724 	 0.01011067154629384 	 2 	 0.0007871951369181882 	 0.49583026910279393
2	8	2	10000	0.3333333333333333 	 0.0038609600750270268 	 0.010143096060162574 	 2 	 0.0007910593609954399 	 0.4959365342149094
2	9	2	100	0.3333333333333333 	 0.010295252904497405 	 0.02142941927414825 	 2 	 0.007593530696415215 	 0.22907428111647415
2	9	2	1000	0.3333333333333333 	 0.010339336644612961 	 0.020571795227231595 	 2 	 0.00806337955565391 	 0.2419951269872172
2	9	2	10000	0.3333333333333333 	 0.010357054775516765 	 0.02056963066397208 	 2 	 0.008155337573258762 	 0.24452397261603953
2	10	2	100	0.3333333333333333 	 0.05526152928506247 	 0.030743559745882356 	 2 	 0.007932784113879838 	 0.24435111806706675
2	10	2	1000	0.3333333333333333 	 0.055182182310745606 	 0.030880066062925055 	 2 	 0.007732044527456775 	 0.2388307796816923
2	10	2	10000	0.3333333333333333 	 0.05616860271341647 	 0.03687030523485932 	 2 	 0.010959398692290323 	 0.32758294171435115
3	1	2	100	0.0 	 0.1231224873903629 	 0.2879165621364003 	 3 	 0.016664171620893804 	 1.0
3	1	2	1000	0.0 	 0.12304894717004447 	 0.2879165621364003 	 3 	 0.016664171620893804 	 1.0
3	1	2	10000	0.0 	 0.12300013671251163 	 0.2879165621364003 	 3 	 0.016664171620893804 	 1.0
3	2	2	100	0.2 	 0.12723910790160317 	 0.3167590998792704 	 3 	 0.017231384517676397 	 0.45663168971842455
3	2	2	1000	0.2 	 0.12190304789186299 	 0.3167590998792704 	 3 	 0.017231384517676397 	 0.45663168971842455
3	2	2	10000	0.2 	 0.1274983293702277 	 0.3167590998792704 	 3 	 0.017231384517676397 	 0.45663168971842455
3	3	2	100	0.5 	 0.0023893721867217486 	 0.024886346892203218 	 3 	 0.003256349320100548 	 0.28835941667560844
3	3	2	1000	0.5 	 0.002362326661863764 	 0.023593037332266455 	 3 	 0.003158383763733107 	 0.28764276290194374
3	3	2	10000	0.5 	 0.002361423030682735 	 0.02347253144801154 	 3 	 0.0031443009337953805 	 0.2876846837935637
3	4	2	100	0.2 	 0.023208230030492154 	 0.08124500817636558 	 3 	 0.0007635847990706236 	 0.6200398325468331
3	4	2	1000	0.2 	 0.023208230030492154 	 0.08124407241325576 	 3 	 0.000784598490219785 	 0.6202747411993184
3	4	2	10000	0.2 	 0.023208230030492154 	 0.08124397883683995 	 3 	 0.0007866998593346989 	 0.6203171463833784
3	5	2	100	0.2 	 0.06654510267360712 	 0.16970695867705002 	 3 	 0.0124483767270376 	 0.32991963825317083
3	5	2	1000	0.2 	 0.06677797068147022 	 0.16970698050991842 	 3 	 0.012448382035564804 	 0.32991964797836876
3	5	2	10000	0.2 	 0.06667786854215972 	 0.16970668909087444 	 3 	 0.012450106150725157 	 0.3299251218600166
3	6	2	100	0.2 	 0.0959070806601778 	 0.35645966115365846 	 3 	 0.010926006374301474 	 0.7259174712221814
3	6	2	1000	0.2 	 0.09546160302565444 	 0.3547310867458965 	 3 	 0.010857001895893913 	 0.724088852544381
3	6	2	10000	0.2 	 0.09541736452999199 	 0.35455841234904967 	 3 	 0.010850101448053168 	 0.7239059906766012
3	7	2	100	0.0 	 0.07721091117716074 	 0.2956259000775855 	 3 	 0.007943513155003605 	 1.0
3	7	2	1000	0.0 	 0.07721091115578109 	 0.29561760354529876 	 3 	 0.007983862742408646 	 1.0
3	7	2	10000	0.0 	 0.07721091117874879 	 0.2956167738813207 	 3 	 0.007987897701149157 	 1.0
3	8	2	100	0.5 	 0.007044778881858249 	 0.03176132096426539 	 3 	 0.00757014978344165 	 0.4215902886610222
3	8	2	1000	0.5 	 0.007044778881858249 	 0.0318088329680161 	 3 	 0.007477264049208146 	 0.4204755821100359
3	8	2	10000	0.5 	 0.007044778881858249 	 0.03181358391193399 	 3 	 0.0074679754757848256 	 0.42026518221826004
3	9	2	100	0.5 	 0.014186076190438249 	 0.003517012162451131 	 3 	 0.0005560677748874033 	 0.025027389074600875
3	9	2	1000	0.5 	 0.009283346859772907 	 0.0037523925422384835 	 3 	 0.0005650817352849753 	 0.025266260586401926
3	9	2	10000	0.5 	 0.009382033855167372 	 0.004027092052399343 	 3 	 0.0006097764052021108 	 0.026450668426454164
3	10	2	100	0.2 	 0.07813409938047093 	 0.10556701317000115 	 3 	 0.010641109423968462 	 0.6483306414047479
3	10	2	1000	0.2 	 0.07813409938047093 	 0.10567416753598977 	 3 	 0.010565099920713349 	 0.6472944057958628
3	10	2	10000	0.2 	 0.07813409938047093 	 0.10568488156050823 	 3 	 0.010557498970387847 	 0.6472082479588112
5	1	2	100	0.1111111111111111 	 0.12096796714895965 	 0.4309851604660285 	 5 	 0.0267162412594465 	 1.0
5	1	2	1000	0.1111111111111111 	 0.12107046538294462 	 0.4309851604660285 	 5 	 0.0267162412594465 	 1.0
5	1	2	10000	0.1111111111111111 	 0.12161655572057649 	 0.4309851604660285 	 5 	 0.0267162412594465 	 1.0
5	2	2	100	0.1111111111111111 	 0.10512047926238062 	 0.19629385130144092 	 5 	 0.01497036590754458 	 0.8118156468917869
5	2	2	1000	0.1111111111111111 	 0.11004536325948447 	 0.1965696963096045 	 5 	 0.015076448438562673 	 0.8153168797475613
5	2	2	10000	0.1111111111111111 	 0.11004123844331161 	 0.1965771945856252 	 5 	 0.015080158694872763 	 0.8155073700170352
5	3	2	100	0.25 	 0.1571753380298137 	 0.4175053044173878 	 5 	 0.006030880996708463 	 0.6405686235485725
5	3	2	1000	0.25 	 0.15717570454164267 	 0.4175278010841776 	 5 	 0.005990985402428537 	 0.6405686235485725
5	3	2	10000	0.25 	 0.15717573186893027 	 0.4175300506552835 	 5 	 0.005988928969795658 	 0.6405686235485725
5	4	2	100	0.25 	 0.029324804105277203 	 0.16271397041336078 	 5 	 0.030635151670863274 	 1.0
5	4	2	1000	0.25 	 0.02934920801514957 	 0.16271397041336078 	 5 	 0.030635151670863274 	 1.0
5	4	2	10000	0.25 	 0.029262227631896818 	 0.16271397041336078 	 5 	 0.030635151670863274 	 1.0
5	5	2	100	0.25 	 0.10789479068404631 	 0.23367956245475124 	 5 	 0.026962720880662303 	 1.0
5	5	2	1000	0.25 	 0.10789485169244169 	 0.23367956245475124 	 5 	 0.026962720880662303 	 1.0
5	5	2	10000	0.25 	 0.10783785424325429 	 0.23367956245475124 	 5 	 0.026962720880662303 	 1.0
5	6	2	100	0.25 	 0.07470077014650499 	 0.35171387372603685 	 5 	 0.01310016953326542 	 0.727645894229958
5	6	2	1000	0.25 	 0.07344917236785098 	 0.35022913460201316 	 5 	 0.013029740091712018 	 0.7259203729118996
5	6	2	10000	0.25 	 0.07340129603855577 	 0.35006127946835647 	 5 	 0.013022978173030803 	 0.7257547059042099
5	7	2	100	0.0 	 0.18505958063784414 	 0.4177720877091304 	 5 	 0.012859864291873285 	 1.0
5	7	2	1000	0.0 	 0.18505923733681592 	 0.4178380511994456 	 5 	 0.012895467559861125 	 1.0
5	7	2	10000	0.0 	 0.18505984438194062 	 0.4178446485342464 	 5 	 0.012899027886659918 	 1.0
5	8	2	100	0.25 	 0.06907547553313435 	 0.1282317743416666 	 5 	 0.003908799597154777 	 0.49995073704673093
5	8	2	1000	0.25 	 0.06907546249132408 	 0.1282583248387987 	 5 	 0.0039105858902534025 	 0.5000378575537168
5	8	2	10000	0.25 	 0.06907542586425745 	 0.12826097979956402 	 5 	 0.0039099187186066725 	 0.5000669381832072
5	9	2	100	0.25 	 0.07610123409771509 	 0.1957840107073208 	 5 	 0.024859503460806225 	 0.8957509897443332
5	9	2	1000	0.25 	 0.07609988420338 	 0.19578404845877362 	 5 	 0.024859436312230532 	 0.8957507762223395
5	9	2	10000	0.25 	 0.07609975118164936 	 0.19578405208251023 	 5 	 0.024859430017974887 	 0.8957507575595418
5	10	2	100	0.1111111111111111 	 0.0868653053982281 	 0.07806711623876703 	 5 	 0.007075216908542792 	 0.8401081404549322
5	10	2	1000	0.1111111111111111 	 0.07471094776622758 	 0.0681224413988682 	 5 	 0.01324043700961735 	 0.8099653326103409
5	10	2	10000	0.1111111111111111 	 0.06672801773357717 	 0.057676847924142106 	 5 	 0.009092040857077663 	 0.842772521339103
7	1	2	100	0.2727272727272727 	 0.11048169886763368 	 0.20062161867877806 	 7 	 0.015177071411232184 	 0.49641419771698964
7	1	2	1000	0.16666666666666666 	 0.14620063729353397 	 0.4325828016240016 	 7 	 0.0250998647869956 	 0.9507477749310514
7	1	2	10000	0.16666666666666666 	 0.14627633402607212 	 0.43256666328344034 	 7 	 0.0250950050540458 	 0.9507097253957549
7	2	2	100	0.16666666666666666 	 0.18338628710549995 	 0.3096847971496328 	 7 	 0.03427507422260371 	 0.7711891700085828
7	2	2	1000	0.16666666666666666 	 0.18365753498662585 	 0.3096847971496328 	 7 	 0.03427507422260371 	 0.7711891700085828
7	2	2	10000	0.16666666666666666 	 0.18445075537241465 	 0.3096847971496328 	 7 	 0.03427507422260371 	 0.7711891700085828
7	3	2	100	0.2727272727272727 	 0.19134168525533798 	 0.31945893668547687 	 7 	 0.02197509749288517 	 0.8530923310588369
7	3	2	1000	0.2727272727272727 	 0.19144736903128606 	 0.3185787565444837 	 7 	 0.021873417863312164 	 0.8511627343210344
7	3	2	10000	0.2727272727272727 	 0.1914586182525868 	 0.3184911297235078 	 7 	 0.021863246863273976 	 0.8509651557391714
7	4	2	100	0.2727272727272727 	 0.12379118682795236 	 0.15911815190493903 	 7 	 0.02057076191625442 	 0.7578555019325367
7	4	2	1000	0.2727272727272727 	 0.1265349901572546 	 0.15894309932486905 	 7 	 0.020528817654254634 	 0.757421384686937
7	4	2	10000	0.2727272727272727 	 0.12489706543032356 	 0.15890231533184454 	 7 	 0.020514104073528182 	 0.7619237161742002
7	5	2	100	0.16666666666666666 	 0.3058765204255876 	 0.5015313638237708 	 7 	 0.03444788044256526 	 1.0
7	5	2	1000	0.16666666666666666 	 0.30477771103668017 	 0.5015313638237708 	 7 	 0.03444788044256526 	 1.0
7	5	2	10000	0.16666666666666666 	 0.3052689735353662 	 0.501531363823771 	 7 	 0.03444788044256526 	 1.0
7	6	2	100	0.16666666666666666 	 0.19105330457211916 	 0.3993334729321718 	 7 	 0.0222807943574947 	 0.7702280177026007
7	6	2	1000	0.16666666666666666 	 0.19105520068494938 	 0.3986053317473385 	 7 	 0.022192230406687826 	 0.7682353288094461
7	6	2	10000	0.16666666666666666 	 0.19105428151727416 	 0.3985325336385785 	 7 	 0.02218337401160715 	 0.7680360599201309
7	7	2	100	0.0 	 0.3011261854888046 	 0.46903279398702574 	 7 	 0.02386191656506007 	 1.0
7	7	2	1000	0.0 	 0.3011261238440945 	 0.4688017414492486 	 7 	 0.023740003752336997 	 1.0
7	7	2	10000	0.0 	 0.301126328943865 	 0.4687786471344653 	 7 	 0.02372781247106468 	 1.0
7	8	2	100	0.16666666666666666 	 0.16064961154975443 	 0.18937356786304924 	 7 	 0.022094739502012746 	 0.8764497205818628
7	8	2	1000	0.16666666666666666 	 0.1605976500838841 	 0.18897212902460378 	 7 	 0.022018312475567313 	 0.8759586620985288
7	8	2	10000	0.16666666666666666 	 0.16058569039207324 	 0.18893198837590355 	 7 	 0.022010669499499036 	 0.875909158648725
7	9	2	100	0.16666666666666666 	 0.11522101830467969 	 0.34040081247443316 	 7 	 0.02136311967132312 	 1.0
7	9	2	1000	0.16666666666666666 	 0.11518737120954457 	 0.34040081247443316 	 7 	 0.021363119671323122 	 1.0
7	9	2	10000	0.16666666666666666 	 0.115573015914495 	 0.34040081247443316 	 7 	 0.021363119671323115 	 1.0
7	10	2	100	0.16666666666666666 	 0.12709855913045115 	 0.10746809574544987 	 7 	 0.01329875594569789 	 0.8305493971607796
7	10	2	1000	0.16666666666666666 	 0.12709431564258475 	 0.10829102326997436 	 7 	 0.013262795658791343 	 0.8321234484470694
7	10	2	10000	0.16666666666666666 	 0.12709393753845347 	 0.10837332272086242 	 7 	 0.013259200033102908 	 0.832280974259481
10	1	2	100	0.25 	 0.18124898845990428 	 0.3163380334332216 	 10 	 0.02934261220571197 	 0.9798965717712272
10	1	2	1000	0.25 	 0.18121024219985124 	 0.3169276531613449 	 10 	 0.029380965831437615 	 0.9791304975141921
10	1	2	10000	0.25 	 0.18121611656470302 	 0.3169897427997947 	 10 	 0.029384710087873602 	 0.9792594609895446
10	2	2	100	0.25 	 0.22075041696265355 	 0.24439610091329267 	 10 	 0.033561231857467594 	 0.8270385613275414
10	2	2	1000	0.25 	 0.22075198757153822 	 0.244203105329559 	 10 	 0.03352516252177415 	 0.8263352092815192
10	2	2	10000	0.25 	 0.2207517705716435 	 0.24418380585113877 	 10 	 0.033521555588204854 	 0.8262648740769177
10	3	2	100	0.25 	 0.29886713871925796 	 0.2881515902892395 	 10 	 0.023355707721947467 	 0.8266765941375726
10	3	2	1000	0.25 	 0.2989003466653564 	 0.2876018305822892 	 10 	 0.02328137563528008 	 0.8217711268144468
10	3	2	10000	0.25 	 0.29890257094963024 	 0.28754876416544256 	 10 	 0.023273668484104875 	 0.8214186662593438
10	4	2	100	0.25 	 0.2727139408495093 	 0.2335484700060203 	 10 	 0.02738814193145443 	 0.7903396873800347
10	4	2	1000	0.25 	 0.2787244703870649 	 0.23166770232735404 	 10 	 0.026715287582612574 	 0.7893803815453891
10	4	2	10000	0.25 	 0.2786056234427934 	 0.2316410722133781 	 10 	 0.026719698783693617 	 0.7894339127622249
10	5	2	100	0.25 	 0.36738575875992374 	 0.37104569524291614 	 10 	 0.025517100238513397 	 0.8980375000529506
10	5	2	1000	0.25 	 0.3674035015399038 	 0.37084526070130563 	 10 	 0.025517935430959815 	 0.8980450184717829
10	5	2	10000	0.25 	 0.36740559153263785 	 0.37082521073479 	 10 	 0.025518020907597118 	 0.8980457887667609
10	6	2	100	0.3333333333333333 	 0.19070750875916856 	 0.328355055026137 	 10 	 0.03256765534089355 	 0.8251597858278872
10	6	2	1000	0.3333333333333333 	 0.19070395158996983 	 0.32816214267805743 	 10 	 0.03256765534089356 	 0.8251597858278872
10	6	2	10000	0.3333333333333333 	 0.1907050602384145 	 0.3281428553591089 	 10 	 0.03256765534089355 	 0.8251597858278872
10	7	2	100	0.1111111111111111 	 0.3445862765378124 	 0.42317766788558214 	 10 	 0.021814289420878687 	 0.9852235537398362
10	7	2	1000	0.1111111111111111 	 0.34458674968310177 	 0.42361748306484526 	 10 	 0.0218831822521763 	 0.9852235537398362
10	7	2	10000	0.1111111111111111 	 0.34458527278193013 	 0.42366147490191347 	 10 	 0.021890071535306057 	 0.985223553739836
10	8	2	100	0.17647058823529413 	 0.3779732523530066 	 0.2341959229813946 	 10 	 0.009052428653258905 	 0.7444299153011714
10	8	2	1000	0.17647058823529413 	 0.3705598298930282 	 0.2345034887307665 	 10 	 0.009098040486718008 	 0.744868918221115
10	8	2	10000	0.17647058823529413 	 0.3705675495006331 	 0.23453442000231073 	 10 	 0.009102602165527994 	 0.7449121484238979
10	9	2	100	0.17647058823529413 	 0.2933735502093588 	 0.34145977930654536 	 10 	 0.01326951594778548 	 0.8201178676718162
10	9	2	1000	0.17647058823529413 	 0.2933730445426517 	 0.34265928565227205 	 10 	 0.013412100298500491 	 0.8227275107508991
10	9	2	10000	0.17647058823529413 	 0.2933722551559389 	 0.3427968544919709 	 10 	 0.013425904270661794 	 0.8242802882399415
10	10	2	100	0.25 	 0.21516006026552084 	 0.26345575282874667 	 10 	 0.02971930636084702 	 0.9348383670908778
10	10	2	1000	0.25 	 0.2151606093125982 	 0.26372806769113816 	 10 	 0.02977217466884111 	 0.9353101438642616
10	10	2	10000	0.25 	 0.21516014026051414 	 0.26375530060515345 	 10 	 0.029777461499640494 	 0.9353544109252442
