2	1	0	0	1.0 	 2.15261764331054e-12 	 9.165075804887733e-12 	 2 	 2.570570019470738e-13 	 7.069067553544528e-12
2	2	0	0	1.0 	 2.2381756559738533e-16 	 2.516068203824191e-16 	 2 	 2.5232341468753566e-19 	 6.938893903907228e-18
2	3	0	0	1.0 	 9.860549171017317e-11 	 2.6550476514293825e-10 	 2 	 3.792466340968305e-12 	 1.0429282437662835e-10
2	4	0	0	1.0 	 2.2564229569050983e-09 	 8.440258162794794e-09 	 2 	 1.1660538413626012e-09 	 3.206648063747149e-08
2	5	0	0	1.0 	 2.068021105164334e-12 	 5.939879530408676e-12 	 2 	 8.879462821586129e-14 	 2.441852275936185e-12
2	6	0	0	1.0 	 4.3157519291266377e-13 	 2.116474856930474e-12 	 2 	 2.999317965707799e-14 	 8.248124405696445e-13
2	7	0	0	1.0 	 1.4617948610949096e-08 	 2.6553046189404648e-08 	 2 	 7.042757258692656e-09 	 1.9367582461404792e-07
2	8	0	0	1.0 	 1.705282280115914e-09 	 5.809129990943749e-09 	 2 	 7.249124381577849e-10 	 1.9935092049339063e-08
2	9	0	0	1.0 	 2.9778867903380525e-10 	 2.689887354423254e-10 	 2 	 1.972509674536499e-11 	 5.424401604975371e-10
2	10	0	0	1.0 	 4.2694782035652154e-11 	 2.9114820260751266e-11 	 2 	 7.886286951757691e-13 	 2.168728911733364e-11
3	1	0	0	1.0 	 1.3203608609954477e-12 	 3.2611219374171265e-12 	 3 	 9.296442022896626e-14 	 2.4635571360676067e-12
3	2	0	0	1.0 	 4.254152911532013e-12 	 2.088320183096862e-12 	 3 	 7.215461194988525e-14 	 1.9120972166719592e-12
3	3	0	0	1.0 	 4.399918296812739e-09 	 1.7002852599331128e-08 	 3 	 2.7332358876197556e-09 	 7.243075102192355e-08
3	4	0	0	1.0 	 3.1542335706272343e-09 	 8.710448308411289e-09 	 3 	 1.1360513557132966e-09 	 3.0105360926402376e-08
3	5	0	0	1.0 	 2.150654258028437e-12 	 5.698210682698626e-12 	 3 	 8.582914253532582e-14 	 2.2744722771861348e-12
3	6	0	0	1.0 	 4.4817649606611623e-13 	 1.125053090770834e-12 	 3 	 2.167239134485258e-14 	 5.743183706385935e-13
3	7	0	0	1.0 	 1.4900039598823265e-08 	 1.9294580038768347e-08 	 3 	 4.8386831310566345e-09 	 1.2822510297300083e-07
3	8	0	0	1.0 	 7.136183969258352e-06 	 7.392478147086354e-05 	 3 	 1.885034526755042e-05 	 0.0004995341495900859
3	9	0	0	1.0 	 5.742990482318361e-10 	 2.4619801089472613e-10 	 3 	 1.556474063236297e-11 	 4.124656267576188e-10
3	10	0	0	1.0 	 0.020824487380161478 	 0.007937417781954963 	 3 	 0.0006272610004422446 	 0.016622414698938808
2	1	1	100	1.0 	 0.0004614917935826901 	 0.002433760653949207 	 2 	 0.00011264342529565847 	 0.0030976941956306074
2	1	1	1000	1.0 	 4.6332132097878354e-05 	 0.0002442754474852224 	 2 	 1.126434243515975e-05 	 0.000309769416966893
2	1	1	10000	1.0 	 4.635062037211064e-06 	 2.4436605584662784e-05 	 2 	 1.126434149150752e-06 	 3.097693910164567e-05
2	2	1	100	1.0 	 0.0011654709352156988 	 0.005126296068402035 	 2 	 0.0001233056813458816 	 0.003390906237011743
2	2	1	1000	1.0 	 0.00011597589757106354 	 0.0005143383324032701 	 2 	 1.2330568134583618e-05 	 0.00033909062370104937
2	2	1	10000	1.0 	 1.1591953315927494e-05 	 5.1450999574606955e-05 	 2 	 1.233056813456444e-06 	 3.39090623700522e-05
2	3	1	100	1.0 	 0.00028115370955969477 	 0.0009864052152910592 	 2 	 1.6792732151227345e-05 	 0.0004618001341587519
2	3	1	1000	1.0 	 2.81286349293721e-05 	 9.866505762458207e-05 	 2 	 1.679276479004223e-06 	 4.6180103172616116e-05
2	3	1	10000	1.0 	 2.812925129261647e-06 	 9.8666567145751e-06 	 2 	 1.679309119368372e-07 	 4.618100078263021e-06
2	4	1	100	1.0 	 0.0003576066131037136 	 0.0010529514648156247 	 2 	 9.04921533325483e-05 	 0.002488534216645076
2	4	1	1000	1.0 	 3.573803207946889e-05 	 0.00010537519557774992 	 2 	 9.048907765518703e-06 	 0.0002488449635517641
2	4	1	10000	1.0 	 3.5739260790546764e-06 	 1.053804151507012e-05 	 2 	 9.045834721852702e-07 	 2.4876045485094912e-05
2	5	1	100	1.0 	 0.00022263345605031635 	 0.0009318006923446022 	 2 	 3.9265598700010234e-05 	 0.001079803964250281
2	5	1	1000	1.0 	 2.2215078249433666e-05 	 9.323302523134005e-05 	 2 	 3.926559820732757e-06 	 0.00010798039507015078
2	5	1	10000	1.0 	 2.2210256268007396e-06 	 9.323829193845795e-06 	 2 	 3.9265593280056857e-07 	 1.0798038152015632e-05
2	6	1	100	1.0 	 0.0013114206341598535 	 0.008574331753477526 	 2 	 0.000206217956921704 	 0.0056709938153468595
2	6	1	1000	1.0 	 0.00013132701695225447 	 0.0008633016105859255 	 2 	 2.0621795682280132e-05 	 0.0005670993812627034
2	6	1	10000	1.0 	 1.3134706567803015e-05 	 8.638951120341086e-05 	 2 	 2.0621795583324944e-06 	 5.670993785414358e-05
2	7	1	100	1.0 	 0.0001970838265630849 	 0.001610811971697333 	 2 	 7.218457175733886e-05 	 0.008445591936975612
2	7	1	1000	1.0 	 1.9413398250346057e-05 	 0.00016099078832396987 	 2 	 3.071675490096935e-05 	 0.0008447107597766569
2	7	1	10000	1.0 	 1.940434641297451e-06 	 1.6106990620282562e-05 	 2 	 3.07718020964803e-06 	 8.46224557653208e-05
2	8	1	100	1.0 	 0.0007305433230176986 	 0.0022147756760852915 	 2 	 0.00019879990158108056 	 0.0054669972934797105
2	8	1	1000	1.0 	 7.300069956359536e-05 	 0.00022178739109617257 	 2 	 1.9881083179202297e-05 	 0.0005467297874280626
2	8	1	10000	1.0 	 7.299732911617345e-06 	 2.2186302035008997e-05 	 2 	 1.9892012681044242e-06 	 5.47030348728716e-05
2	9	1	100	1.0 	 0.00042113359838574354 	 0.00250538516718746 	 2 	 0.0002654524203934503 	 0.007299941560819882
2	9	1	1000	1.0 	 4.283400598563531e-05 	 0.0002526045326578225 	 2 	 2.6545253663040623e-05 	 0.0007299944757336169
2	9	1	10000	1.0 	 4.290894240081156e-06 	 2.5281935073840326e-05 	 2 	 2.6545369897434954e-06 	 7.299976721794611e-05
2	10	1	100	1.0 	 0.00230601390432629 	 0.002703594498847213 	 2 	 7.435484288873632e-05 	 0.002044758179440248
2	10	1	1000	1.0 	 0.000226717595032424 	 0.00027083264574690136 	 2 	 7.435484195235e-06 	 0.00020447581536896242
2	10	1	10000	1.0 	 2.2633721675655336e-05 	 2.7088003786989574e-05 	 2 	 7.435483257789928e-07 	 2.0447578958922297e-05
3	1	1	100	1.0 	 0.0015932480772757071 	 0.004710398882253763 	 3 	 0.00010926361307154625 	 0.0028954857463959764
3	1	1	1000	1.0 	 0.00015930264824631625 	 0.0004732315982638501 	 3 	 1.092636119728821e-05 	 0.0002895485717281377
3	1	1	10000	1.0 	 1.5930113371296795e-05 	 4.734526150545171e-05 	 3 	 1.092636009849839e-06 	 2.8954854261020735e-05
3	2	1	100	1.0 	 0.0018798227260760677 	 0.004912830923635858 	 3 	 0.00013837240819355632 	 0.0036668688171292434
3	2	1	1000	1.0 	 0.00018742775712628093 	 0.0004927636949255014 	 3 	 1.3837240816500682e-05 	 0.00036668688163726815
3	2	1	10000	1.0 	 1.8737295622366783e-05 	 4.929122459335243e-05 	 3 	 1.3837240787968997e-06 	 3.666868808811785e-05
3	3	1	100	1.0 	 0.00022203910661402684 	 0.0010393578826406863 	 3 	 0.0001253600307581928 	 0.00332204081509211
3	3	1	1000	1.0 	 2.21654948818184e-05 	 0.00010392484794041897 	 3 	 1.2539118254635992e-05 	 0.0003322866337478539
3	3	1	10000	1.0 	 2.2206528425002475e-06 	 1.0406388042908653e-05 	 3 	 1.2570261783684882e-06 	 3.331119372676495e-05
3	4	1	100	1.0 	 0.0011812696458266532 	 0.00242848928808765 	 3 	 0.00023023554308395565 	 0.006101241891724828
3	4	1	1000	1.0 	 0.00011646649673378807 	 0.00024364538818581595 	 3 	 2.3023000475621007e-05 	 0.000610109512603957
3	4	1	10000	1.0 	 1.1628910083340233e-05 	 2.4368467228034085e-05 	 3 	 2.301745560062998e-06 	 6.0996257341669475e-05
3	5	1	100	1.0 	 0.0010918943998050397 	 0.003445605323199599 	 3 	 3.1767208803317026e-05 	 0.0014060024437865387
3	5	1	1000	1.0 	 0.00010898707537496357 	 0.0003441193692761455 	 3 	 5.305669574063905e-06 	 0.00014060024371269353
3	5	1	10000	1.0 	 1.089668851231131e-05 	 3.440753246165436e-05 	 3 	 5.305669322926744e-07 	 1.4060023705755875e-05
3	6	1	100	1.0 	 0.0023733291455204255 	 0.007473098388243413 	 3 	 0.00019449582044312743 	 0.005154139241742878
3	6	1	1000	1.0 	 0.00024202626514301375 	 0.0007549953014871339 	 3 	 1.9449581977907424e-05 	 0.0005154139224145468
3	6	1	10000	1.0 	 2.425178827518503e-05 	 7.557889587555056e-05 	 3 	 1.94495813137906e-06 	 5.15413904815451e-05
3	7	1	100	1.0 	 0.001080940812941905 	 0.004466091335387772 	 3 	 8.316939129750834e-05 	 0.00827749683032056
3	7	1	1000	1.0 	 0.00010716465409624367 	 0.000447825168355342 	 3 	 3.12397952856345e-05 	 0.0008278545750693145
3	7	1	10000	1.0 	 1.0709320881117704e-05 	 4.480167348728022e-05 	 3 	 3.1279399856229244e-06 	 8.289040961900752e-05
3	8	1	100	1.0 	 0.0008290148694555605 	 0.00689384133440042 	 3 	 0.000716629121810305 	 0.055984057264402524
3	8	1	1000	1.0 	 8.681422543760545e-05 	 0.0006686380234504123 	 3 	 0.00019987859401598133 	 0.005296782741423503
3	8	1	10000	1.0 	 3.7354743391984813e-06 	 2.4710787426277454e-05 	 3 	 8.598701497727951e-06 	 0.00022786558968979065
3	9	1	100	1.0 	 0.001920124854078808 	 0.006453256268797231 	 3 	 0.0006327398156724456 	 0.016767605115319818
3	9	1	1000	1.0 	 0.00020366801785768137 	 0.0006652763524448869 	 3 	 6.327399303553634e-05 	 0.0016767608154417137
3	9	1	10000	1.0 	 2.0495870839295694e-05 	 6.674795673670435e-05 	 3 	 6.327410774134199e-06 	 0.00016767638551455635
3	10	1	100	0.2 	 0.04243830579150688 	 0.05133664831828243 	 3 	 0.002646764565246792 	 0.24973891466533135
3	10	1	1000	0.5 	 0.0005968771084301794 	 0.005760700256650766 	 3 	 0.00042335695802377446 	 0.16722747448134972
3	10	1	10000	1.0 	 0.014887664755154163 	 0.08768256101980704 	 3 	 0.006954481045451968 	 0.18429374009871757
2	1	2	100	1.0 	 0.00045446833135569497 	 0.0031558261764985164 	 2 	 0.00017013490051522463 	 0.004678709764168676
2	1	2	1000	1.0 	 4.521935602320234e-05 	 0.000316266028341666 	 2 	 1.7013489820174392e-05 	 0.0004678709700547956
2	1	2	10000	1.0 	 4.519709209797557e-06 	 3.163348035550314e-05 	 2 	 1.7013487506550353e-06 	 4.678709064301345e-05
2	2	2	100	1.0 	 0.0013500894328691629 	 0.003115177712651065 	 2 	 3.587252814996839e-05 	 0.0009864945241241305
2	2	2	1000	1.0 	 0.000133228270649432 	 0.00031112316886615897 	 2 	 3.5872528149876045e-06 	 9.86494524121591e-05
2	2	2	10000	1.0 	 1.3305333942839063e-05 	 3.110838362998511e-05 	 2 	 3.587252814917332e-07 	 9.86494524102266e-06
2	3	2	100	1.0 	 0.0004753699256253546 	 0.0026775777861841 	 2 	 0.00010197086473469371 	 0.0028041987802040758
2	3	2	1000	1.0 	 4.773042485630567e-05 	 0.0002684938424294083 	 2 	 1.019708988673611e-05 	 0.0002804199718852429
2	3	2	10000	1.0 	 4.7750754733872775e-06 	 2.6857024885134613e-05 	 2 	 1.0197124021262628e-06 	 2.8042091058472218e-05
2	4	2	100	1.0 	 6.0437834190584445e-05 	 0.00016503257023064684 	 2 	 1.661410873984607e-06 	 4.5688799034576616e-05
2	4	2	1000	1.0 	 6.041448419112854e-06 	 1.6499492093807234e-05 	 2 	 1.671903451017088e-07 	 4.597734490296984e-06
2	4	2	10000	1.0 	 6.021110509954389e-07 	 1.6483389632463256e-06 	 2 	 1.776846477124556e-08 	 4.886327812092522e-07
2	5	2	100	1.0 	 0.0002658736623199078 	 0.0005353310066458646 	 2 	 1.7708980504317255e-05 	 0.00048699696386872427
2	5	2	1000	1.0 	 2.6536740175925462e-05 	 5.3550436699784455e-05 	 2 	 1.770897970511009e-06 	 4.8699694189052734e-05
2	5	2	10000	1.0 	 2.653169064195928e-06 	 5.3552187560778295e-06 	 2 	 1.770897171303844e-07 	 4.869967221085569e-06
2	6	2	100	1.0 	 0.000929113895949166 	 0.0033536587033195877 	 2 	 1.960579509027778e-05 	 0.0005391593649826387
2	6	2	1000	1.0 	 9.299968263654792e-05 	 0.00033526778779537243 	 2 	 1.9605795360301177e-06 	 5.3915937240828216e-05
2	6	2	10000	1.0 	 9.300853119624934e-06 	 3.352579761687658e-05 	 2 	 1.9605798059788273e-07 	 5.391594466441774e-06
2	7	2	100	1.0 	 9.214110280706152e-06 	 0.0007121777642273334 	 2 	 8.885734676276652e-05 	 0.0024435770359760786
2	7	2	1000	1.0 	 9.309602754804319e-07 	 7.120559897465086e-05 	 2 	 8.892075063144582e-06 	 0.0002445320642364759
2	7	2	10000	1.0 	 8.017196847463305e-08 	 7.132532928993412e-06 	 2 	 8.955465815265036e-07 	 2.4627530991978834e-05
2	8	2	100	1.0 	 0.0008303674201439611 	 0.002381293780310827 	 2 	 0.00021583734724835694 	 0.005935527049329811
2	8	2	1000	1.0 	 8.261989867878425e-05 	 0.00023848308313244366 	 2 	 2.1584387134218375e-05 	 0.0005935706461910046
2	8	2	10000	1.0 	 8.25834900608423e-06 	 2.3854560694235743e-05 	 2 	 2.1590911937036615e-06 	 5.937500782685064e-05
2	9	2	100	1.0 	 0.008460446391387138 	 0.004147420386656643 	 2 	 0.000526642677070174 	 0.014482673619429783
2	9	2	1000	1.0 	 0.0013439307704706598 	 0.0005222409196962772 	 2 	 5.2664285458011405e-05 	 0.0014482678500953132
2	9	2	10000	1.0 	 0.0001428736388568377 	 5.4058491269250665e-05 	 2 	 5.266446297612866e-06 	 0.0001448272731843538
2	10	2	100	1.0 	 0.0011539477866031398 	 0.0015138574844234265 	 2 	 2.337365299901284e-05 	 0.0006427754574728529
2	10	2	1000	1.0 	 0.00011747505320491818 	 0.0001515552920665505 	 2 	 2.3373660096906576e-06 	 6.427756526649307e-05
2	10	2	10000	1.0 	 1.1768782554185952e-05 	 1.5157242634192932e-05 	 2 	 2.3373731073089214e-07 	 6.427776045099531e-06
3	1	2	100	1.0 	 0.0007567135208745914 	 0.004177967736402855 	 3 	 0.0001914364488542737 	 0.005073065894638254
3	1	2	1000	1.0 	 7.594270118704525e-05 	 0.00041900300479632364 	 3 	 1.9143644821675902e-05 	 0.0005073065877744115
3	1	2	10000	1.0 	 7.59706039160121e-06 	 4.1912509695110704e-05 	 3 	 1.914364418388158e-06 	 5.073065708728619e-05
3	2	2	100	1.0 	 0.008129953985703965 	 0.004015290473130866 	 3 	 7.46320905188454e-05 	 0.0019777503987494036
3	2	2	1000	1.0 	 0.0007806105742395196 	 0.00040155718775763326 	 3 	 7.463208999689415e-06 	 0.00019777503849176953
3	2	2	10000	1.0 	 7.77526199045534e-05 	 4.015600849978704e-05 	 3 	 7.463208477918371e-07 	 1.9777502466483687e-05
3	3	2	100	1.0 	 0.0002171193982117556 	 0.003662265611095773 	 3 	 0.00022466465973642184 	 0.005953613483015181
3	3	2	1000	1.0 	 2.1929785753721586e-05 	 0.00036817040171745647 	 3 	 2.246646244299827e-05 	 0.0005953612547394544
3	3	2	10000	1.0 	 2.1990869468152727e-06 	 3.685141254943549e-05 	 3 	 2.2466427146234336e-06 	 5.9536031937521e-05
3	4	2	100	1.0 	 0.00031873054052467063 	 0.0014265729738296856 	 3 	 9.80921877806132e-05 	 0.004873123197730312
3	4	2	1000	1.0 	 3.160340796433099e-05 	 0.00014286675989882373 	 3 	 1.8388970888100202e-05 	 0.0004873077285346556
3	4	2	10000	1.0 	 3.156347284803417e-06 	 1.4284460132663695e-05 	 3 	 1.8387237766919568e-06 	 4.872618008233688e-05
3	5	2	100	0.5 	 0.0033419211441215735 	 0.0054430517034083446 	 3 	 0.0002282721210645823 	 0.15908269590892116
3	5	2	1000	1.0 	 0.00015740310732300535 	 0.0003889864532203467 	 3 	 2.069832684050939e-05 	 0.000548505661273499
3	5	2	10000	1.0 	 1.5714939529651736e-05 	 3.8916417107441175e-05 	 3 	 2.069832692151325e-06 	 5.485056634201013e-05
3	6	2	100	1.0 	 0.0009489878081548957 	 0.004479229788854973 	 3 	 0.00015192707573410432 	 0.004026067506953765
3	6	2	1000	1.0 	 9.419974763856613e-05 	 0.00044775815557877835 	 3 	 1.5192707556958339e-05 	 0.0004026067502593961
3	6	2	10000	1.0 	 9.413151620868885e-06 	 4.477416782390208e-05 	 3 	 1.519270739219967e-06 	 4.026067458932914e-05
3	7	2	100	1.0 	 0.0023681855321299595 	 0.004335396909783033 	 3 	 0.0003962286335013915 	 0.010500058787786875
3	7	2	1000	1.0 	 0.0002142954093521994 	 0.00043502435284501525 	 3 	 3.961850593120799e-05 	 0.0010498904071770119
3	7	2	10000	1.0 	 2.123156933070532e-05 	 4.3500324677345326e-05 	 3 	 3.9574914238403555e-06 	 0.00010487352273176945
3	8	2	100	1.0 	 0.0004453756884263371 	 0.004507097258198154 	 3 	 0.0005760788757165785 	 0.03425368806809535
3	8	2	1000	1.0 	 4.892537620558782e-05 	 0.0005372789120596161 	 3 	 8.733378531158799e-05 	 0.0038763539651910347
3	8	2	10000	1.0 	 1.1298251799119803e-05 	 0.00012050704101003124 	 3 	 3.1600091795852436e-05 	 0.0008374024325900892
3	9	2	100	0.5 	 0.010078328750899566 	 0.0025459307775993704 	 3 	 0.00018678074713461595 	 0.010715368298008843
3	9	2	1000	1.0 	 0.004365820511667704 	 0.0005685023544434346 	 3 	 6.603672694581548e-05 	 0.0017499732640641104
3	9	2	10000	1.0 	 0.00036891510425333214 	 5.688886870266051e-05 	 3 	 6.603658688461779e-06 	 0.00017499695524423722
3	10	2	100	0.5 	 0.03401274591236813 	 0.016229428888674555 	 3 	 0.0019266456408706413 	 0.4489160403202011
3	10	2	1000	0.5 	 0.027982031852135054 	 0.01004962830453538 	 3 	 0.001077152047673894 	 0.44488815374404234
3	10	2	10000	0.5 	 0.027014280219216827 	 0.009357094446753525 	 3 	 0.0009922026883541653 	 0.4444853650864909
