2	1	0	0	0.3333333333333333 	 0.020996862582064263 	 0.06347285361371982 	 2 	 0.0021854296280994774 	 0.36666242269255067
2	2	0	0	0.0 	 0.0934999281581811 	 0.11165119508563705 	 2 	 0.01242829716632466 	 1.0
2	3	0	0	1.0 	 9.860482931960492e-11 	 2.6550293930270053e-10 	 2 	 3.79243808074586e-12 	 1.0429204722051111e-10
2	4	0	0	1.0 	 0.0025266023535929316 	 0.013833453540985904 	 2 	 0.0028866525914992176 	 0.07938294626622847
2	5	0	0	0.3333333333333333 	 0.05029342058575982 	 0.1042081959541768 	 2 	 0.0073874720747857964 	 0.20315548205660933
2	6	0	0	0.0 	 0.015218220416345992 	 0.0701015441653922 	 2 	 0.0007691322501163517 	 1.0
2	7	0	0	0.0 	 0.013917401280038644 	 0.09158356460463234 	 2 	 0.005406349766181798 	 1.0
2	8	0	0	1.0 	 0.0009566578191157131 	 0.04478634343781388 	 2 	 0.01208688637794927 	 0.3840249919569365
2	9	0	0	0.3333333333333333 	 0.011631504808999337 	 0.02760183469778026 	 2 	 0.01183285830200264 	 0.34565573347576417
2	10	0	0	0.3333333333333333 	 0.05517405346494955 	 0.03089898943394108 	 2 	 0.007711988153702184 	 0.2382792294347525
3	1	0	0	0.0 	 0.11638382158604173 	 0.32854614924042197 	 3 	 0.009774818341370062 	 1.0
3	2	0	0	0.2 	 0.09330260816941695 	 0.1322558401576039 	 3 	 0.0019911106922513196 	 0.5162332283066089
3	3	0	0	0.2 	 0.004588121956432516 	 0.027206685725695293 	 3 	 0.003317818447120636 	 0.5430863565112948
3	4	0	0	1.0 	 0.006776061269122211 	 0.03446446334486411 	 3 	 0.005435472130362246 	 0.14404001145459955
3	5	0	0	0.2 	 0.06768066746066718 	 0.26494713682246185 	 3 	 0.0060031206003366465 	 0.6861062987195685
3	6	0	0	0.2 	 0.0634296352375846 	 0.13861494541954272 	 3 	 0.006122735515821891 	 0.5986307934724725
3	7	0	0	0.2 	 0.02743453391652112 	 0.15142736317534639 	 3 	 0.007132621543884705 	 0.6613649508977737
3	8	0	0	0.5 	 0.007044778881858249 	 0.03581949443421528 	 3 	 0.014875991039024096 	 0.5185226891084718
3	9	0	0	0.5 	 0.009390927909719234 	 0.004061318748557375 	 3 	 0.000621552508078398 	 0.02676273512312011
3	10	0	0	0.2 	 0.07691022981070748 	 0.07766143351810231 	 3 	 0.003452414372912744 	 0.6324910174204176
5	1	0	0	0.25 	 0.08438126237540658 	 0.16225555763388666 	 5 	 0.0072905436583669825 	 0.43299823069701626
5	2	0	0	0.25 	 0.06549859591304437 	 0.2229851365826522 	 5 	 0.014114798918834041 	 0.6270609112941979
5	3	0	0	0.25 	 0.07691631960721962 	 0.39944816528037885 	 5 	 0.012915859705161483 	 0.6976776174370662
5	4	0	0	0.25 	 0.040656538496265375 	 0.12268857783469239 	 5 	 0.012372114665680127 	 0.7419652854655104
5	5	0	0	0.25 	 0.10008149544142823 	 0.3520723712662668 	 5 	 0.01565231885860458 	 1.0
5	6	0	0	0.25 	 0.05286419435007723 	 0.26043031234395164 	 5 	 0.01222847454423647 	 0.7062850025030771
5	7	0	0	0.42857142857142855 	 0.08352164123112378 	 0.246559989495157 	 5 	 0.008683414900099112 	 0.5272511154511631
5	8	0	0	0.25 	 0.07221597502121326 	 0.22403764652242994 	 5 	 0.029439310172260834 	 1.0
5	9	0	0	0.42857142857142855 	 0.014089574677939115 	 0.054250285867913556 	 5 	 0.009504944927298394 	 0.35163258323925667
5	10	0	0	0.1111111111111111 	 0.06646065048925623 	 0.16165989755674023 	 5 	 0.020591949332028438 	 0.8706652233023415
7	1	0	0	0.2727272727272727 	 0.11810462739768625 	 0.31200871949843456 	 7 	 0.015460066324136771 	 0.5798803507078677
7	2	0	0	0.07692307692307693 	 0.19470122492737849 	 0.26130670645166265 	 7 	 0.0188765881006 	 0.8350311247533695
7	3	0	0	0.2727272727272727 	 0.11529163251129461 	 0.07708521224492866 	 7 	 0.003830050966162734 	 0.5105365673121811
7	4	0	0	0.4 	 0.08767519446510624 	 0.2837423810322407 	 7 	 0.03592299716824904 	 0.808267436285603
7	5	0	0	0.16666666666666666 	 0.12318535632443635 	 0.18574746884702634 	 7 	 0.011626509682634848 	 0.662680762891691
7	6	0	0	0.4 	 0.0695211762181472 	 0.2347459167043425 	 7 	 0.0085324988313028 	 0.5689596295440534
7	7	0	0	0.2727272727272727 	 0.22971978402910861 	 0.4413714151280841 	 7 	 0.018843158116272636 	 0.5576725962819963
7	8	0	0	0.2727272727272727 	 0.1352693474590553 	 0.21390652752558015 	 7 	 0.018621092583174896 	 0.6256055093629361
7	9	0	0	0.2727272727272727 	 0.09295017350283687 	 0.17039846612081352 	 7 	 0.005269119369467841 	 0.5971076036070102
7	10	0	0	0.16666666666666666 	 0.14278316284580042 	 0.2136034592873425 	 7 	 0.024638450929778413 	 0.9017242777004951
10	1	0	0	0.42857142857142855 	 0.08124321177485908 	 0.25034365798630986 	 10 	 0.009398853649978486 	 0.648133287759882
10	2	0	0	0.3333333333333333 	 0.1448526737139946 	 0.1811528384142489 	 10 	 0.02646822171997915 	 0.7060784928063426
10	3	0	0	0.25 	 0.24439620396330186 	 0.43136651306614004 	 10 	 0.01996193618370739 	 0.6935069719400034
10	4	0	0	0.3333333333333333 	 0.2366024786175209 	 0.20187745172828356 	 10 	 0.018359271484185587 	 0.6222171486552625
10	5	0	0	0.3333333333333333 	 0.25592532248104255 	 0.34810723771465796 	 10 	 0.021656675907912034 	 0.6151546473233979
10	6	0	0	0.42857142857142855 	 0.07376820280897818 	 0.22551524055164796 	 10 	 0.00915699234653601 	 0.5529504305323872
10	7	0	0	0.3333333333333333 	 0.27468576124215194 	 0.4591101109724251 	 10 	 0.026972540365282252 	 0.6366231575622531
10	8	0	0	0.25 	 0.3413689145732096 	 0.3233808296441789 	 10 	 0.025474314858643106 	 0.5936810381088492
10	9	0	0	0.25 	 0.1390174739527169 	 0.2219999609369602 	 10 	 0.01219912145667995 	 0.7200760209537735
10	10	0	0	0.42857142857142855 	 0.1543513550233728 	 0.24988488836493616 	 10 	 0.022852226061758817 	 0.6276376285700243
2	1	1	100	0.0 	 0.03604438289164954 	 0.10330217454357095 	 2 	 0.0008772813999676052 	 1.0
2	1	1	1000	0.0 	 0.03608226751263948 	 0.10098560589451173 	 2 	 0.0006266274676268524 	 1.0
2	1	1	10000	0.0 	 0.03608226751263948 	 0.10074849841164976 	 2 	 0.0006017925714734405 	 1.0
2	2	1	100	0.3333333333333333 	 0.0029793987165132184 	 0.005971110769822206 	 2 	 5.678504837810821e-06 	 0.3587741733053781
2	2	1	1000	0.3333333333333333 	 0.0031469241814799528 	 0.008202147817787454 	 2 	 9.157713245644812e-05 	 0.3611363855648906
2	2	1	10000	0.3333333333333333 	 0.0031702548664791544 	 0.008447831529079455 	 2 	 0.00010016699521831336 	 0.3613726067908419
2	3	1	100	1.0 	 0.0002811537095599817 	 0.000986405215291414 	 2 	 1.6792732151212207e-05 	 0.00046180013415833554
2	3	1	1000	1.0 	 2.8128634929213873e-05 	 9.866505762436603e-05 	 2 	 1.679276479011288e-06 	 4.6180103172810405e-05
2	3	1	10000	1.0 	 2.812925129043206e-06 	 9.8666567142576e-06 	 2 	 1.6793091194491154e-07 	 4.618100078485066e-06
2	4	1	100	1.0 	 0.001961514645094404 	 0.04836985273025518 	 2 	 0.01576625277593557 	 0.433571951338228
2	4	1	1000	1.0 	 0.00173353707139555 	 0.04906248878830175 	 2 	 0.01634254629208167 	 0.44942002303224576
2	4	1	10000	1.0 	 0.0019053217150981985 	 0.04951549936273472 	 2 	 0.016249171128861442 	 0.4468521694438309
2	5	1	100	1.0 	 0.00022263345605031635 	 0.0009318006923446022 	 2 	 3.9265598700010234e-05 	 0.001079803964250281
2	5	1	1000	1.0 	 2.2215078249433666e-05 	 9.323302523134005e-05 	 2 	 3.926559820732757e-06 	 0.00010798039507015078
2	5	1	10000	1.0 	 2.2210256268007396e-06 	 9.323829193845795e-06 	 2 	 3.9265593280056857e-07 	 1.0798038152015632e-05
2	6	1	100	0.0 	 0.015388650314762121 	 0.40781953436748897 	 2 	 0.01646258166863438 	 1.0
2	6	1	1000	0.0 	 0.015439063095211366 	 0.40803630270756736 	 2 	 0.01646258166863438 	 1.0
2	6	1	10000	0.0 	 0.015443724622182159 	 0.40805621934707226 	 2 	 0.01646258166863438 	 1.0
2	7	1	100	0.0 	 0.008516339756528142 	 0.046544536973626684 	 2 	 0.007645126077637907 	 1.0
2	7	1	1000	0.0 	 0.008516339756528142 	 0.04666353051161241 	 2 	 0.008015786455038063 	 1.0
2	7	1	10000	0.0 	 0.008516339756528142 	 0.04667543098893745 	 2 	 0.008052852492789017 	 1.0
2	8	1	100	1.0 	 0.0018391205374176007 	 0.017374876933415696 	 2 	 0.001621022112420168 	 0.12256135896398956
2	8	1	1000	1.0 	 0.0018391205374176007 	 0.017819699308778934 	 2 	 0.0014705482958075615 	 0.12669938892083624
2	8	1	10000	1.0 	 0.0018391205374176007 	 0.017866723112865718 	 2 	 0.0014546424736479042 	 0.12713679903022682
2	9	1	100	0.3333333333333333 	 0.012068810747613538 	 0.06663813869774969 	 2 	 0.008920115040885801 	 0.5130608059806954
2	9	1	1000	0.3333333333333333 	 0.012014035150263468 	 0.0664882569987972 	 2 	 0.008873489418868931 	 0.5143430105861593
2	9	1	10000	0.3333333333333333 	 0.012007541007529852 	 0.0664663082999951 	 2 	 0.008870661576828608 	 0.5144207762422683
2	10	1	100	0.3333333333333333 	 0.05920344979555706 	 0.10035498613692596 	 2 	 0.0036029238654596424 	 0.09908040630014014
2	10	1	1000	0.3333333333333333 	 0.05994712288230917 	 0.10035498613692596 	 2 	 0.0036029238654596424 	 0.09908040630014014
2	10	1	10000	0.3333333333333333 	 0.05963420316251552 	 0.10035498613692596 	 2 	 0.0036029238654596424 	 0.09908040630014014
3	1	1	100	0.0 	 0.07033367929654477 	 0.25557431527635804 	 3 	 0.008062136397383832 	 1.0
3	1	1	1000	0.0 	 0.07033367929654477 	 0.25798761086602784 	 3 	 0.008265407791993223 	 1.0
3	1	1	10000	0.0 	 0.07033367929654477 	 0.25822887143214296 	 3 	 0.008285717947406785 	 1.0
3	2	1	100	0.5 	 0.0774793040369896 	 0.2719940725400323 	 3 	 0.02088668310958672 	 0.5534971024040483
3	2	1	1000	0.5 	 0.07790096191138705 	 0.2723397588195445 	 3 	 0.02088668310958672 	 0.5534971024040483
3	2	1	10000	0.5 	 0.07794758355734521 	 0.27237443081202056 	 3 	 0.02088668310958672 	 0.5534971024040483
3	3	1	100	0.2 	 0.005178023594058981 	 0.025003495866615738 	 3 	 0.004734106846928479 	 0.6546180455726556
3	3	1	1000	0.2 	 0.010939973747141698 	 0.04046153279443027 	 3 	 0.0027884700635192857 	 0.4652791145063932
3	3	1	10000	0.2 	 0.011020623520353132 	 0.04042436458750177 	 3 	 0.002788372250978546 	 0.4652791133318801
3	4	1	100	0.5 	 0.016985836824256938 	 0.06609672874730836 	 3 	 0.018548632471973192 	 0.5369000815031713
3	4	1	1000	0.5 	 0.016985836824256938 	 0.06704381182289257 	 3 	 0.018999924624016423 	 0.5429256123339652
3	4	1	10000	0.5 	 0.016985836824256938 	 0.06713855747529159 	 3 	 0.01904505383922085 	 0.5434947021067508
3	5	1	100	0.2 	 0.04739675975669585 	 0.3213416054761932 	 3 	 0.00714502976284195 	 0.7634146393992669
3	5	1	1000	0.0 	 0.04739675975669585 	 0.32420249852335775 	 3 	 0.007204096706503417 	 1.0
3	5	1	10000	0.2 	 0.04739675975669585 	 0.32448880220735543 	 3 	 0.007210003400869604 	 0.7634146393992669
3	6	1	100	0.0 	 0.09541533240931317 	 0.24494687214489091 	 3 	 0.003112202950706224 	 1.0
3	6	1	1000	0.0 	 0.11476342833893959 	 0.2359227476316882 	 3 	 0.0031881644440383532 	 1.0
3	6	1	10000	0.2 	 0.0691508817673982 	 0.27407343212148916 	 3 	 0.01199771628444598 	 0.8189804245421773
3	7	1	100	0.2 	 0.028326730352756915 	 0.1903892142632572 	 3 	 0.011606327669386426 	 0.6924323167612597
3	7	1	1000	0.2 	 0.028021326603789476 	 0.1899368715599659 	 3 	 0.011606327669386424 	 0.6924323167612597
3	7	1	10000	0.2 	 0.027883149477149212 	 0.1898916365557283 	 3 	 0.011606327669386424 	 0.6924323167612597
3	8	1	100	0.5 	 0.007044778881858249 	 0.03214880439048107 	 3 	 0.003387173965492162 	 0.4617102810294369
3	8	1	1000	0.5 	 0.007044778881858249 	 0.032278824971961585 	 3 	 0.0031324683133383668 	 0.458486792367255
3	8	1	10000	0.5 	 0.007044778881858249 	 0.03228475131418423 	 3 	 0.003120857190715778 	 0.4582601495009681
3	9	1	100	0.2 	 0.018047560712464324 	 0.09036670753895014 	 3 	 0.0068025664695802734 	 0.48224667982564146
3	9	1	1000	0.2 	 0.018151405573678184 	 0.09354550160657196 	 3 	 0.007042246917746466 	 0.48859821170204554
3	9	1	10000	0.2 	 0.01816164179403462 	 0.0938631162555864 	 3 	 0.007066214962563077 	 0.4892333648896857
3	10	1	100	0.2 	 0.09505844138447846 	 0.13762590797130342 	 3 	 0.009424109987370994 	 0.24973891466533138
3	10	1	1000	0.2 	 0.08970726510517348 	 0.13728225434694258 	 3 	 0.009377892835828606 	 0.2497389146653314
3	10	1	10000	0.2 	 0.08970680058542037 	 0.1370422416254984 	 3 	 0.009345629198773867 	 0.24973891466533138
5	1	1	100	0.25 	 0.04597348049622185 	 0.26112420997901026 	 5 	 0.017629017314430603 	 0.9061690531171803
5	1	1	1000	0.25 	 0.0453142221250851 	 0.26158824583484236 	 5 	 0.017629017314430603 	 0.9061690531171804
5	1	1	10000	0.25 	 0.045247988861220605 	 0.26163323373102026 	 5 	 0.017629017314430603 	 0.9061690531171803
5	2	1	100	0.42857142857142855 	 0.08580572456698364 	 0.29975926212990417 	 5 	 0.022597094105477653 	 0.7620632280888926
5	2	1	1000	0.25 	 0.09706032007451794 	 0.29905394165692667 	 5 	 0.022597094105477653 	 0.7620632280888926
5	2	1	10000	0.25 	 0.09713660417065828 	 0.29896343416991894 	 5 	 0.022597094105477653 	 0.7620632280888926
5	3	1	100	0.42857142857142855 	 0.02217254444196325 	 0.008851134579448217 	 5 	 0.0015732648879883604 	 0.1977563693267303
5	3	1	1000	0.42857142857142855 	 0.014873627474076799 	 0.008032150962758902 	 5 	 0.0015215393097269992 	 0.19667092785938975
5	3	1	10000	0.42857142857142855 	 0.014771814213697828 	 0.007902651528587962 	 5 	 0.0015015529032124152 	 0.1965231968477204
5	4	1	100	0.25 	 0.039545774190254575 	 0.19538546020218467 	 5 	 0.027823994321881047 	 0.8168604094544187
5	4	1	1000	0.25 	 0.037878789959912534 	 0.1953854602021847 	 5 	 0.027823994321881047 	 0.8168604094544187
5	4	1	10000	0.25 	 0.0401137877260677 	 0.19538546020218467 	 5 	 0.027823994321881047 	 0.8168604094544187
5	5	1	100	0.1111111111111111 	 0.09109345675625685 	 0.5116827857721146 	 5 	 0.028931037812357237 	 0.9845714110916803
5	5	1	1000	0.1111111111111111 	 0.09108426956155913 	 0.5165482095884392 	 5 	 0.02908803886578304 	 0.9884179369006125
5	5	1	10000	0.1111111111111111 	 0.09110321273247764 	 0.5170358923994727 	 5 	 0.02910373899985346 	 0.9888025901853379
5	6	1	100	0.25 	 0.05013876787972458 	 0.15685784576558248 	 5 	 0.007256852705056248 	 0.8121066373283483
5	6	1	1000	0.25 	 0.05069769836312851 	 0.16578797855828764 	 5 	 0.007819701361052075 	 0.8258963270520656
5	6	1	10000	0.25 	 0.05059574904681945 	 0.16668454394436885 	 5 	 0.00787598672654072 	 0.8272752920296657
5	7	1	100	0.1111111111111111 	 0.11387497730357389 	 0.172166303601485 	 5 	 0.01506947084531385 	 0.8382382962507805
5	7	1	1000	0.1111111111111111 	 0.1131819724922453 	 0.1682195591488188 	 5 	 0.014491857925923802 	 0.8240867797257242
5	7	1	10000	0.1111111111111111 	 0.11304740562045504 	 0.1682495273282258 	 5 	 0.014500843411836805 	 0.8243069241305928
5	8	1	100	0.25 	 0.06333895360594029 	 0.28817183367785226 	 5 	 0.03101610668792012 	 0.7598946138540426
5	8	1	1000	0.25 	 0.06333562920109162 	 0.28817641114244213 	 5 	 0.03101610668792012 	 0.7598946138540426
5	8	1	10000	0.25 	 0.06333599739952034 	 0.28817686887113786 	 5 	 0.03101610668792012 	 0.7598946138540426
5	9	1	100	0.25 	 0.03099617945533686 	 0.07098216613354515 	 5 	 0.012110695924683647 	 0.46529867786999535
5	9	1	1000	0.6666666666666666 	 0.025473084510593214 	 0.03185103497355526 	 5 	 0.003749988068196583 	 0.2187570530982605
5	9	1	10000	0.6666666666666666 	 0.02542002061346012 	 0.03163259781855041 	 5 	 0.003773823307882 	 0.2179478700901932
5	10	1	100	0.42857142857142855 	 0.05034243264965734 	 0.03857802711905661 	 5 	 0.003701198359178504 	 0.1626718361386662
5	10	1	1000	0.42857142857142855 	 0.057378024453029766 	 0.041025636917142186 	 5 	 0.006123258484105271 	 0.2443217794930208
5	10	1	10000	0.42857142857142855 	 0.05757703052924602 	 0.041557886138096585 	 5 	 0.006129903611038384 	 0.24448392815512038
7	1	1	100	0.2727272727272727 	 0.06515793619453764 	 0.2587531014508097 	 7 	 0.011121076453813609 	 0.749623326059688
7	1	1	1000	0.2727272727272727 	 0.06469506790500858 	 0.2634071805714685 	 7 	 0.011076580877011431 	 0.749623326059688
7	1	1	10000	0.2727272727272727 	 0.06468238684348111 	 0.2638720926822731 	 7 	 0.011076580877011431 	 0.7496233260596878
7	2	1	100	0.16666666666666666 	 0.12634767781778283 	 0.29737726487367244 	 7 	 0.013471592637421537 	 0.7819123488771988
7	2	1	1000	0.2727272727272727 	 0.10935046505826795 	 0.23062138380944547 	 7 	 0.01040758127709077 	 0.7005756072662066
7	2	1	10000	0.2727272727272727 	 0.08413302247736298 	 0.2556497312576127 	 7 	 0.014308108004573968 	 0.8007339446381284
7	3	1	100	0.4 	 0.04959008156227101 	 0.40946814289064304 	 7 	 0.016766337892625285 	 0.4398179670232852
7	3	1	1000	0.4 	 0.048047610378308604 	 0.40498134275055386 	 7 	 0.016722374254078264 	 0.4398179670232852
7	3	1	10000	0.4 	 0.04828160436629147 	 0.4051379256326938 	 7 	 0.016717601440920816 	 0.4398179670232852
7	4	1	100	0.2727272727272727 	 0.08658791520576539 	 0.29370880587188153 	 7 	 0.023661496714984964 	 0.8520824795308017
7	4	1	1000	0.4 	 0.08327075030692388 	 0.2899951574144508 	 7 	 0.023661496714984964 	 0.8520824795308017
7	4	1	10000	0.2727272727272727 	 0.08658890184139968 	 0.2853884987704555 	 7 	 0.023661496714984964 	 0.8520824795308017
7	5	1	100	0.07692307692307693 	 0.28240532190452783 	 0.26518272601349324 	 7 	 0.010675984032238291 	 0.9105510300662776
7	5	1	1000	0.07692307692307693 	 0.28033511295053787 	 0.2635669022896475 	 7 	 0.010877799801910462 	 0.9105510300662778
7	5	1	10000	0.07692307692307693 	 0.23542287748921656 	 0.21781886493838412 	 7 	 0.007503566012571723 	 0.9105528811260198
7	6	1	100	0.2727272727272727 	 0.19922884122443776 	 0.1996025746929584 	 7 	 0.010270358328265042 	 0.5441426395118705
7	6	1	1000	0.2727272727272727 	 0.15143163205011342 	 0.18904784760525023 	 7 	 0.009847660401222733 	 0.544140586095694
7	6	1	10000	0.2727272727272727 	 0.15154417304965304 	 0.1893183237721589 	 7 	 0.009818686047350082 	 0.5441379786802224
7	7	1	100	0.16666666666666666 	 0.2650021496952874 	 0.3974292073329316 	 7 	 0.018288768173550605 	 0.6254757952719812
7	7	1	1000	0.16666666666666666 	 0.26048909965562705 	 0.31349362506748707 	 7 	 0.022084703394088172 	 0.7616012545889778
7	7	1	10000	0.16666666666666666 	 0.2605801756335263 	 0.31391282233482254 	 7 	 0.022109400020643082 	 0.7609567178003576
7	8	1	100	0.4 	 0.1184687512491194 	 0.2877764914905422 	 7 	 0.02421076555640015 	 0.6936911645527283
7	8	1	1000	0.16666666666666666 	 0.13786546259196414 	 0.2872691845184399 	 7 	 0.024085615544805823 	 0.6922343377434046
7	8	1	10000	0.2727272727272727 	 0.12736380431178948 	 0.28686665623873525 	 7 	 0.02448001025156192 	 0.6967493009498751
7	9	1	100	0.16666666666666666 	 0.08751222934732637 	 0.18980923787497372 	 7 	 0.01843326205260156 	 0.7482815332426471
7	9	1	1000	0.16666666666666666 	 0.08756579788191643 	 0.18519451325229405 	 7 	 0.017910813825112015 	 0.7423912415011317
7	9	1	10000	0.16666666666666666 	 0.08757107896561976 	 0.1847515118547605 	 7 	 0.01785856966467079 	 0.7417621001092958
7	10	1	100	0.4 	 0.1042405041135918 	 0.06391555842920452 	 7 	 0.009364117904393803 	 0.3419811241092179
7	10	1	1000	0.4 	 0.10135884735725219 	 0.06104303967420702 	 7 	 0.009369105200954225 	 0.3407301660450145
7	10	1	10000	0.4 	 0.10107621785563609 	 0.06076009644920033 	 7 	 0.009370723479486026 	 0.3406302600905223
10	1	1	100	0.17647058823529413 	 0.11311871902931232 	 0.2526659470883384 	 10 	 0.01945984128473822 	 0.8617783235391068
10	1	1	1000	0.25 	 0.10584906589998395 	 0.2741862340235526 	 10 	 0.02024332717310898 	 0.8357786059443378
10	1	1	10000	0.25 	 0.09999274301851377 	 0.2741694683804365 	 10 	 0.020258619848340265 	 0.8372631142050322
10	2	1	100	0.3333333333333333 	 0.17813237642317023 	 0.4079616592600857 	 10 	 0.028460039860047304 	 0.7503519465520235
10	2	1	1000	0.42857142857142855 	 0.1314733524110983 	 0.3319772270981921 	 10 	 0.023356792583496412 	 0.7665129945494291
10	2	1	10000	0.3333333333333333 	 0.08907136768520474 	 0.184985817208455 	 10 	 0.012443628799158828 	 0.6867958701116139
10	3	1	100	0.42857142857142855 	 0.0843848051859716 	 0.38838311938321946 	 10 	 0.020877922269158234 	 0.5573665235829519
10	3	1	1000	0.42857142857142855 	 0.14518498148396983 	 0.47408513679908226 	 10 	 0.02203011920244094 	 0.48187677432016823
10	3	1	10000	0.42857142857142855 	 0.1449213904739384 	 0.4730356462079818 	 10 	 0.02196219256029064 	 0.4814626174907211
10	4	1	100	0.25 	 0.23913001317209487 	 0.30214916339832265 	 10 	 0.027983125846818002 	 0.9357143612038771
10	4	1	1000	0.3333333333333333 	 0.28182622750786995 	 0.34365973236864844 	 10 	 0.02679886280689667 	 0.9364629948240091
10	4	1	10000	0.3333333333333333 	 0.2819643672957299 	 0.3438577696186665 	 10 	 0.026942679555742234 	 0.9374008499797836
10	5	1	100	0.3333333333333333 	 0.2730149510016039 	 0.2566829525212845 	 10 	 0.017753218214496245 	 0.6365736353190224
10	5	1	1000	0.25 	 0.3460696648947418 	 0.3384651206688515 	 10 	 0.02828036251814583 	 0.7167509266717721
10	5	1	10000	0.25 	 0.3451677723348702 	 0.34041932377866685 	 10 	 0.028617678850933644 	 0.7178752238986507
10	6	1	100	0.3333333333333333 	 0.11574574525003976 	 0.31001507391735705 	 10 	 0.014363654446860153 	 0.7454413582235669
10	6	1	1000	0.3333333333333333 	 0.08611105295348599 	 0.3232016134536875 	 10 	 0.019243154896458704 	 0.7627396038104569
10	6	1	10000	0.3333333333333333 	 0.08013239651385103 	 0.32856756600412146 	 10 	 0.020025322961563667 	 0.7627261841266012
10	7	1	100	0.25 	 0.3043686154199765 	 0.3326664747441844 	 10 	 0.02287775709295862 	 0.6544650844424584
10	7	1	1000	0.25 	 0.3072129402408855 	 0.3392999073294088 	 10 	 0.02357506261412392 	 0.6628778078400117
10	7	1	10000	0.25 	 0.30750754221781107 	 0.3399912742451399 	 10 	 0.023644794007201254 	 0.6637190276946302
10	8	1	100	0.3333333333333333 	 0.25874875029120253 	 0.372450286041852 	 10 	 0.029638409351398252 	 0.74238711281266
10	8	1	1000	0.3333333333333333 	 0.2587910057625388 	 0.3691560736059722 	 10 	 0.02930344328791607 	 0.7442099682664459
10	8	1	10000	0.3333333333333333 	 0.2588512762561686 	 0.36879561393966925 	 10 	 0.02927336354922115 	 0.7439812031467449
10	9	1	100	0.3333333333333333 	 0.16416847501346293 	 0.4569594481489476 	 10 	 0.031109076757631873 	 0.6566531624555172
10	9	1	1000	0.3333333333333333 	 0.16355608471431413 	 0.43826756670276473 	 10 	 0.019857923000935855 	 0.5682295363658583
10	9	1	10000	0.3333333333333333 	 0.163804825437548 	 0.4386949710558694 	 10 	 0.019860438386803812 	 0.5721542257014066
10	10	1	100	0.42857142857142855 	 0.12022006220898068 	 0.3169196211982739 	 10 	 0.018002832174296157 	 0.6401662753080876
10	10	1	1000	0.3333333333333333 	 0.19123303266589461 	 0.32632641484023855 	 10 	 0.020174623225196094 	 0.594563749152026
10	10	1	10000	0.3333333333333333 	 0.19402936863262 	 0.3278750455805499 	 10 	 0.02039577139275299 	 0.590966817386432
2	1	2	100	0.3333333333333333 	 0.021010482741146568 	 0.0642987117852582 	 2 	 0.0022702536876184547 	 0.36666242484715056
2	1	2	1000	0.0 	 0.023889660703799723 	 0.10615171112276062 	 2 	 0.0058013598151984164 	 1.0
2	1	2	10000	0.3333333333333333 	 0.020996998431804942 	 0.06348110929972783 	 2 	 0.002186277823321834 	 0.36666242271414534
2	2	2	100	0.0 	 0.09349992815818108 	 0.10955699199649867 	 2 	 0.013702129896909655 	 1.0
2	2	2	1000	0.0 	 0.09349992815818108 	 0.1114414191057341 	 2 	 0.012555680439342364 	 1.0
2	2	2	10000	0.0 	 0.0934999281581811 	 0.1116302139243692 	 2 	 0.012441035493578615 	 1.0
2	3	2	100	1.0 	 0.00047536992562474375 	 0.0026775777861824277 	 2 	 0.00010197086473466744 	 0.002804198780203354
2	3	2	1000	1.0 	 4.773042485603562e-05 	 0.0002684938424286944 	 2 	 1.0197089886727026e-05 	 0.0002804199718849931
2	3	2	10000	1.0 	 4.775075472717206e-06 	 2.685702488328382e-05 	 2 	 1.0197124020980026e-06 	 2.8042091057695062e-05
2	4	2	100	1.0 	 0.0024952510993646346 	 0.013288293675002658 	 2 	 0.0027094841574838236 	 0.07451081433080511
2	4	2	1000	1.0 	 0.002523456508966806 	 0.013778990018930409 	 2 	 0.0028689357480978367 	 0.07889573307269049
2	4	2	10000	1.0 	 0.0025262876615346546 	 0.013828007714798257 	 2 	 0.0028848809071592343 	 0.07933422494687892
2	5	2	100	0.3333333333333333 	 0.050187087668785754 	 0.1042081959541768 	 2 	 0.0073874720747857964 	 0.20315548205660933
2	5	2	1000	0.3333333333333333 	 0.05020849674575637 	 0.1042081959541768 	 2 	 0.0073874720747857964 	 0.20315548205660933
2	5	2	10000	0.3333333333333333 	 0.050298166725468225 	 0.1042081959541768 	 2 	 0.0073874720747857964 	 0.20315548205660933
2	6	2	100	0.0 	 0.015694424138197195 	 0.06951914137389602 	 2 	 0.0007026668454216444 	 1.0
2	6	2	1000	0.0 	 0.015266154045219612 	 0.0700432255640611 	 2 	 0.0007624857096468836 	 1.0
2	6	2	10000	0.0 	 0.015223016934482513 	 0.0700957115208785 	 2 	 0.0007684675960694042 	 1.0
2	7	2	100	0.0 	 0.013917401280038644 	 0.09193665793034442 	 2 	 0.004868071000842777 	 1.0
2	7	2	1000	0.0 	 0.013917401280038644 	 0.09161883163459555 	 2 	 0.0053525218896478665 	 1.0
2	7	2	10000	0.0 	 0.013917401280038644 	 0.09158709088516001 	 2 	 0.005400966978528384 	 1.0
2	8	2	100	1.0 	 0.0008303674201439521 	 0.0023812937803108043 	 2 	 0.0002158373472483559 	 0.005935527049329784
2	8	2	1000	1.0 	 0.0010727522237402372 	 0.044836166762974604 	 2 	 0.011971662924493597 	 0.38085634698690557
2	8	2	10000	1.0 	 0.0009682050813068903 	 0.044791271557696806 	 2 	 0.012075372499694124 	 0.38370836030491995
2	9	2	100	0.3333333333333333 	 0.010295252904497405 	 0.02142941927414825 	 2 	 0.007593530696415215 	 0.22907428111647415
2	9	2	1000	0.3333333333333333 	 0.011646064053249642 	 0.027819406413471807 	 2 	 0.011843457450235094 	 0.345947214680792
2	9	2	10000	0.3333333333333333 	 0.011632959447770272 	 0.02762358404453112 	 2 	 0.011833916660276451 	 0.34568483879177636
2	10	2	100	0.3333333333333333 	 0.05526152928506247 	 0.030743559745882356 	 2 	 0.007932784113879838 	 0.24435111806706675
2	10	2	1000	0.3333333333333333 	 0.055182182310745606 	 0.030880066062925055 	 2 	 0.007732044527456775 	 0.2388307796816923
2	10	2	10000	0.3333333333333333 	 0.05517481086277486 	 0.030896720206215044 	 2 	 0.007713795331820699 	 0.23832892682989257
3	1	2	100	0.0 	 0.1139069193113757 	 0.33202789863268767 	 3 	 0.010127206400953248 	 1.0
3	1	2	1000	0.0 	 0.1184955756245444 	 0.3288932017994344 	 3 	 0.009810022701684445 	 1.0
3	1	2	10000	0.0 	 0.11779341872038769 	 0.328580332760187 	 3 	 0.009778304330368958 	 1.0
3	2	2	100	0.2 	 0.09270510991294813 	 0.12754583769427844 	 3 	 0.0021466960277266188 	 0.5121102169165135
3	2	2	1000	0.2 	 0.09324328228177875 	 0.13178525045936237 	 3 	 0.0020066692257988635 	 0.5158209271675989
3	2	2	10000	0.2 	 0.09329645335972213 	 0.13220878665890512 	 3 	 0.0019926665456060796 	 0.5161919981927077
3	3	2	100	0.2 	 0.004584842956343349 	 0.028474767056026466 	 3 	 0.0033964734970013326 	 0.5430863564770742
3	3	2	1000	0.2 	 0.004587791824498742 	 0.027333527648811244 	 3 	 0.003325683952138865 	 0.543086356507873
3	3	2	10000	0.2 	 0.004588088920760086 	 0.027219370249148746 	 3 	 0.00331860499765204 	 0.5430863565109529
3	4	2	100	1.0 	 0.007050496950046137 	 0.03234125655862321 	 3 	 0.004844894631956678 	 0.128389707746852
3	4	2	1000	1.0 	 0.006803229526643672 	 0.034252781004742265 	 3 	 0.005376414380521669 	 0.14247498108382425
3	4	2	10000	1.0 	 0.0067787753645544005 	 0.03444330134982069 	 3 	 0.005429566355378198 	 0.14388350841752226
3	5	2	100	0.2 	 0.06768666934227327 	 0.26181546319402293 	 3 	 0.006003120600336645 	 0.6796067136439928
3	5	2	1000	0.2 	 0.06768966343366538 	 0.264633706126493 	 3 	 0.006003120600336646 	 0.6854566158386046
3	5	2	10000	0.2 	 0.0676860674337145 	 0.26491577050032966 	 3 	 0.006003120600336645 	 0.686041290456574
3	6	2	100	0.2 	 0.06352357861620687 	 0.1413903839826349 	 3 	 0.006122735515821893 	 0.5986307934724726
3	6	2	1000	0.2 	 0.0634388563748148 	 0.13889152572819008 	 3 	 0.006122735515821891 	 0.5986307934724725
3	6	2	10000	0.2 	 0.0634305609835611 	 0.1386425937820319 	 3 	 0.006122735515821893 	 0.5986307934724726
3	7	2	100	0.2 	 0.028192949561042163 	 0.15634396123644095 	 3 	 0.00675916323528407 	 0.6613649508977737
3	7	2	1000	0.2 	 0.027510561586130834 	 0.15191943011446907 	 3 	 0.007095266389836872 	 0.6613649508977737
3	7	2	10000	0.2 	 0.027442138532558995 	 0.15147657403566953 	 3 	 0.007128885934705214 	 0.6613649508977737
3	8	2	100	0.5 	 0.007044778881858249 	 0.036365508214000995 	 3 	 0.015113357251518411 	 0.521592431613151
3	8	2	1000	0.5 	 0.007044778881858249 	 0.035899249987198394 	 3 	 0.01491066655381353 	 0.5189822733236844
3	8	2	10000	0.5 	 0.007044778881858249 	 0.03582746988704218 	 3 	 0.01487945860334488 	 0.5184959056138465
3	9	2	100	0.5 	 0.008919154262532578 	 0.002882553720766125 	 3 	 0.00043670715208560457 	 0.021864334688949563
3	9	2	1000	0.5 	 0.009283346859811702 	 0.0037523925423810682 	 3 	 0.000565081735419509 	 0.025266260589967067
3	9	2	10000	0.5 	 0.009382033855245865 	 0.004027092052474465 	 3 	 0.000609776405156039 	 0.026450668425233234
3	10	2	100	0.2 	 0.07813409938047093 	 0.1079921874861152 	 3 	 0.008916351690784193 	 0.6254666771345992
3	10	2	1000	0.2 	 0.07649627575719302 	 0.07721675071093478 	 3 	 0.003394903132948157 	 0.6309647337556517
3	10	2	10000	0.2 	 0.07813409938047093 	 0.10838771568503666 	 3 	 0.00863416640994965 	 0.6216402846801009
5	1	2	100	0.25 	 0.0827796536082493 	 0.16383069221276944 	 5 	 0.00729054365836698 	 0.4329982306970162
5	1	2	1000	0.25 	 0.08421910345981955 	 0.16241183559383565 	 5 	 0.00729054365836698 	 0.43299823069701615
5	1	2	10000	0.25 	 0.08436506454502443 	 0.16227042600726158 	 5 	 0.007290543658366981 	 0.4329982306970162
5	2	2	100	0.1111111111111111 	 0.11188236340948245 	 0.19685846015291464 	 5 	 0.015086667998604097 	 0.8145511328754563
5	2	2	1000	0.1111111111111111 	 0.1368969662466451 	 0.28997671523203744 	 5 	 0.01927105913114596 	 0.7056337019513028
5	2	2	10000	0.25 	 0.10593400796814204 	 0.22639413591072188 	 5 	 0.028801375589849097 	 0.7056337019513027
5	3	2	100	0.42857142857142855 	 0.06876202376932743 	 0.2927159248316542 	 5 	 0.01790854558799291 	 0.5055654834034907
5	3	2	1000	0.42857142857142855 	 0.06745226537619081 	 0.29018513820582886 	 5 	 0.017782306484143244 	 0.6754220015011173
5	3	2	10000	0.42857142857142855 	 0.07691300604269233 	 0.39948621151514824 	 5 	 0.012918334576497065 	 0.5247282412951229
5	4	2	100	0.42857142857142855 	 0.035127704242738936 	 0.17992968073972926 	 5 	 0.030635151670863274 	 0.7505612159361499
5	4	2	1000	0.42857142857142855 	 0.03516275553157322 	 0.17992968073972926 	 5 	 0.030635151670863274 	 0.7505612159361499
5	4	2	10000	0.25 	 0.03984454087764006 	 0.17992968073972926 	 5 	 0.030635151670863274 	 0.7505612159361499
5	5	2	100	0.25 	 0.10008300761988753 	 0.35309720715482523 	 5 	 0.01575120765553051 	 1.0
5	5	2	1000	0.1111111111111111 	 0.1275722238421504 	 0.31669186356555795 	 5 	 0.01686173626826676 	 0.7525258769963096
5	5	2	10000	0.25 	 0.10008343416433106 	 0.3516599041970561 	 5 	 0.015612503274246629 	 1.0
5	6	2	100	0.25 	 0.035827037873762325 	 0.2850062226818126 	 5 	 0.013630862662185817 	 0.7406478758885077
5	6	2	1000	0.25 	 0.04717568564671323 	 0.2771063767920291 	 5 	 0.013282006908489973 	 0.7321009099229595
5	6	2	10000	0.25 	 0.04715189947195458 	 0.27630330581630635 	 5 	 0.013246248276123963 	 0.7312248234299923
5	7	2	100	0.25 	 0.13222461252410278 	 0.6160286179501866 	 5 	 0.02749298647626716 	 0.8536729254822017
5	7	2	1000	0.42857142857142855 	 0.08264800153886184 	 0.24615135036300723 	 5 	 0.008695573750775901 	 0.5272511160913318
5	7	2	10000	0.42857142857142855 	 0.08343446784797356 	 0.24651915060168522 	 5 	 0.008684630135142844 	 0.5272511155147176
5	8	2	100	0.25 	 0.07186407717415379 	 0.22403764652242994 	 5 	 0.029439310172260834 	 1.0
5	8	2	1000	0.25 	 0.07204232122667074 	 0.22403764652242994 	 5 	 0.029439310172260834 	 1.0
5	8	2	10000	0.25 	 0.07175403053934999 	 0.22403764652242994 	 5 	 0.029439310172260834 	 1.0
5	9	2	100	0.42857142857142855 	 0.04049374367742438 	 0.05140541035616925 	 5 	 0.003766597000103372 	 0.16489494243326142
5	9	2	1000	0.42857142857142855 	 0.025932796418509 	 0.06086270189011802 	 5 	 0.007932198085683224 	 0.3097743162157497
5	9	2	10000	0.42857142857142855 	 0.01410082947594419 	 0.054265597449188185 	 5 	 0.009491404068585877 	 0.3513008322427976
5	10	2	100	0.1111111111111111 	 0.07981528997309892 	 0.06841553458806093 	 5 	 0.013410267649924963 	 0.8114758939840059
5	10	2	1000	0.1111111111111111 	 0.07466136589156976 	 0.06812369522756115 	 5 	 0.013240749219089987 	 0.8099836015512499
5	10	2	10000	0.1111111111111111 	 0.07496273145361107 	 0.0680402109530805 	 5 	 0.013223321112933116 	 0.8098672610893108
7	1	2	100	0.2727272727272727 	 0.11826703373198022 	 0.2854984336178247 	 7 	 0.012235686491628872 	 0.5670239203421694
7	1	2	1000	0.2727272727272727 	 0.11849219676626205 	 0.3115298840827945 	 7 	 0.015331080842375605 	 0.5765805846728488
7	1	2	10000	0.2727272727272727 	 0.11814339155456448 	 0.31195840615388887 	 7 	 0.015446834100573601 	 0.5795385586097087
7	2	2	100	0.16666666666666666 	 0.21091679278980086 	 0.24692951197952567 	 7 	 0.017096489556504006 	 0.7533572387002659
7	2	2	1000	0.16666666666666666 	 0.20137656174790589 	 0.249668876473889 	 7 	 0.019605661927455137 	 0.6702162960872905
7	2	2	10000	0.16666666666666666 	 0.11987071233035086 	 0.23771186088609905 	 7 	 0.018338229745224095 	 0.9301303005497163
7	3	2	100	0.2727272727272727 	 0.14591284980034427 	 0.07265807542937572 	 7 	 0.004825186712896353 	 0.48657508540431965
7	3	2	1000	0.2727272727272727 	 0.11521469654126061 	 0.07706622528086661 	 7 	 0.003843247791762728 	 0.5103467171196432
7	3	2	10000	0.2727272727272727 	 0.11528393847629072 	 0.07708331212915029 	 7 	 0.003831370647946449 	 0.5105175814589519
7	4	2	100	0.5555555555555556 	 0.06329390363557313 	 0.2845307236555261 	 7 	 0.03592299716824904 	 0.808267436285603
7	4	2	1000	0.5555555555555556 	 0.08805989355647677 	 0.28317952776072114 	 7 	 0.03592299716824904 	 0.808267436285603
7	4	2	10000	0.5555555555555556 	 0.06258447622013331 	 0.2857987808758902 	 7 	 0.03592299716824904 	 0.808267436285603
7	5	2	100	0.16666666666666666 	 0.12350684809998821 	 0.2189195889860957 	 7 	 0.014069235369132885 	 0.662680762891691
7	5	2	1000	0.16666666666666666 	 0.12330501422244182 	 0.18558051040188125 	 7 	 0.011622812813363642 	 0.662680762891691
7	5	2	10000	0.16666666666666666 	 0.12324561675281981 	 0.1858387348170822 	 7 	 0.011639353707408494 	 0.662680762891691
7	6	2	100	0.4 	 0.151542656884244 	 0.1710880104637771 	 7 	 0.004575816920817715 	 0.4138772554544036
7	6	2	1000	0.4 	 0.06948374752147383 	 0.23495115872081462 	 7 	 0.008586158486891881 	 0.5691743032623908
7	6	2	10000	0.4 	 0.06951773675927941 	 0.23476654522288765 	 7 	 0.008537860966309508 	 0.5689808010082223
7	7	2	100	0.2727272727272727 	 0.23171152090961394 	 0.44471726465478956 	 7 	 0.01879318917446997 	 0.5565482950914362
7	7	2	1000	0.2727272727272727 	 0.2689541408572286 	 0.45272562834181673 	 7 	 0.025084948345177674 	 0.7121014159503694
7	7	2	10000	0.2727272727272727 	 0.2326357322843442 	 0.44140482614831344 	 7 	 0.018842655607752827 	 0.5576612898403005
7	8	2	100	0.2727272727272727 	 0.1342874798341215 	 0.21512438906112213 	 7 	 0.01874211602961011 	 0.6210535178421804
7	8	2	1000	0.2727272727272727 	 0.13436821568700172 	 0.21393857049986248 	 7 	 0.018633814018442753 	 0.6240470591012921
7	8	2	10000	0.2727272727272727 	 0.13443154610290856 	 0.21366169291371226 	 7 	 0.018628283265077906 	 0.6221066900788682
7	9	2	100	0.2727272727272727 	 0.09301567255170493 	 0.16792689404687305 	 7 	 0.005217681987723835 	 0.5804268438891754
7	9	2	1000	0.2727272727272727 	 0.09294864302383021 	 0.17013752586871472 	 7 	 0.00525355372153314 	 0.595440872414214
7	9	2	10000	0.2727272727272727 	 0.09295013554886818 	 0.17037238280556302 	 7 	 0.005266978449652298 	 0.5969404710176701
7	10	2	100	0.16666666666666666 	 0.13701934764451182 	 0.22040433062895248 	 7 	 0.02598105794452578 	 0.9169179559583269
7	10	2	1000	0.16666666666666666 	 0.13502969958758615 	 0.2083447274868267 	 7 	 0.023902907093515988 	 0.8879996128679581
7	10	2	10000	0.16666666666666666 	 0.14278297243048862 	 0.2135931883015749 	 7 	 0.024636417305908584 	 0.9017159532665993
10	1	2	100	0.42857142857142855 	 0.06965648780978725 	 0.25235989151722915 	 10 	 0.010036764001419337 	 0.6515794799984264
10	1	2	1000	0.42857142857142855 	 0.08061919671127475 	 0.2500395621341375 	 10 	 0.00941608352581188 	 0.6488822915941254
10	1	2	10000	0.42857142857142855 	 0.08118558581734416 	 0.2503133824446285 	 10 	 0.009400576942917504 	 0.6482082038843741
10	2	2	100	0.3333333333333333 	 0.12942218826210342 	 0.16756700616924747 	 10 	 0.02212153114087481 	 0.7060784928063425
10	2	2	1000	0.3333333333333333 	 0.14485305271479723 	 0.18120422383890217 	 10 	 0.026452981114045964 	 0.7060784928063425
10	2	2	10000	0.3333333333333333 	 0.14485399009832586 	 0.1811579813360738 	 10 	 0.02646668651847993 	 0.7060784928063426
10	3	2	100	0.25 	 0.24860292114023622 	 0.4391323230994268 	 10 	 0.020297514397516286 	 0.7028030675216979
10	3	2	1000	0.3333333333333333 	 0.24191822535903984 	 0.4318520293765261 	 10 	 0.01993783318214898 	 0.6929437192267665
10	3	2	10000	0.25 	 0.24442131428650904 	 0.43141645393082895 	 10 	 0.019958244060587337 	 0.6934569197030896
10	4	2	100	0.25 	 0.20113227604825118 	 0.22228415182651054 	 10 	 0.021895070544751167 	 0.702153788088715
10	4	2	1000	0.3333333333333333 	 0.17014525313401296 	 0.17255325549183137 	 10 	 0.013534883384370037 	 0.5634249047374646
10	4	2	10000	0.3333333333333333 	 0.1693308078126811 	 0.17619176884457435 	 10 	 0.014469581517937879 	 0.6125500625271242
10	5	2	100	0.42857142857142855 	 0.23649999836710695 	 0.4674093403581979 	 10 	 0.028477392063099474 	 0.63623833479948
10	5	2	1000	0.3333333333333333 	 0.2552370389307912 	 0.3480175199059831 	 10 	 0.021663556532161073 	 0.6150417336321897
10	5	2	10000	0.3333333333333333 	 0.25579084809318364 	 0.3481043111336993 	 10 	 0.021657346093221563 	 0.6152099433037526
10	6	2	100	0.3333333333333333 	 0.08188386732429238 	 0.21823020509370114 	 10 	 0.008917163148183324 	 0.5524528569300087
10	6	2	1000	0.42857142857142855 	 0.0736917418870368 	 0.2255628942308163 	 10 	 0.009155734198283697 	 0.5523574346327487
10	6	2	10000	0.42857142857142855 	 0.07375933937229012 	 0.22552045903609724 	 10 	 0.009157512725982845 	 0.5528903646543615
10	7	2	100	0.3333333333333333 	 0.2741365401407289 	 0.4614310492335894 	 10 	 0.027262908076479568 	 0.6422853279306007
10	7	2	1000	0.3333333333333333 	 0.27463244765094824 	 0.4593418061524005 	 10 	 0.027001578739890016 	 0.6371894058671044
10	7	2	10000	0.3333333333333333 	 0.2746804115892599 	 0.4591332666341916 	 10 	 0.026975443052859982 	 0.6366797599700188
10	8	2	100	0.3333333333333333 	 0.328936347433687 	 0.3202411156953387 	 10 	 0.025283031835562228 	 0.5920436329707808
10	8	2	1000	0.25 	 0.3629332913621989 	 0.38718060209507155 	 10 	 0.02819143364376965 	 0.6561620518873168
10	8	2	10000	0.25 	 0.3413702185840701 	 0.32334728710714866 	 10 	 0.02547060211924069 	 0.5936627047169576
10	9	2	100	0.3333333333333333 	 0.11329976991873332 	 0.2075534380632351 	 10 	 0.016517764189018184 	 0.5807985879916355
10	9	2	1000	0.25 	 0.13791392727751436 	 0.22044217187133072 	 10 	 0.011621371661583065 	 0.7200760175708659
10	9	2	10000	0.25 	 0.13887874232267455 	 0.22185175208572896 	 10 	 0.012169304288469433 	 0.7200760779748466
10	10	2	100	0.5384615384615384 	 0.11913702047027454 	 0.28170244896942404 	 10 	 0.019414088876093867 	 0.5810281212912303
10	10	2	1000	0.42857142857142855 	 0.15423586079275295 	 0.24985360115870667 	 10 	 0.022852226061758817 	 0.6276376285700241
10	10	2	10000	0.5384615384615384 	 0.08346963247748435 	 0.27567463055867375 	 10 	 0.019332616041314206 	 0.5745174564460731
