2	1	0	0	1.0 	 8.689215509133785e-18 	 5.502520131672872e-17 	 2 	 9.175396897728906e-20 	 2.7755575615628914e-17
2	2	0	0	1.0 	 3.0988993914766347e-17 	 1.3226866702940229e-16 	 2 	 7.455009979404613e-19 	 2.255140518769849e-16
2	3	0	0	1.0 	 7.95292193708652e-19 	 6.121964945763794e-17 	 2 	 9.175396897728906e-20 	 2.7755575615628914e-17
2	4	0	0	1.0 	 1.9582532546354113e-18 	 1.0333424112120766e-17 	 2 	 9.175396897728906e-20 	 2.7755575615628914e-17
2	5	0	0	1.0 	 2.615410928803283e-19 	 1.1489464277001238e-16 	 2 	 3.2113889142049937e-19 	 9.714451465470117e-17
2	6	0	0	1.0 	 2.3630800486133868e-18 	 1.6034098541074695e-17 	 2 	 0.0 	 0.0
2	7	0	0	1.0 	 1.008685598777001e-17 	 2.276905843020794e-16 	 2 	 7.3403175181826315e-19 	 2.2204460492503126e-16
2	8	0	0	1.0 	 4.466590146461862e-16 	 2.4553546674726438e-15 	 2 	 2.1103412864775867e-18 	 6.38378239159465e-16
2	9	0	0	1.0 	 3.66117717825683e-17 	 1.225253921884911e-16 	 2 	 9.748859203836962e-20 	 2.949029909160572e-17
2	10	0	0	1.0 	 4.171890765000512e-17 	 2.789451265432985e-16 	 2 	 6.881547673296309e-19 	 2.081668171172168e-16
3	1	0	0	1.0 	 3.183109947647152e-14 	 9.376402915098574e-14 	 3 	 1.483243231572176e-15 	 4.4719783431901305e-13
3	2	0	0	1.0 	 4.429443522883856e-17 	 2.1980323031207345e-16 	 3 	 7.594809248057628e-19 	 2.2898349882893854e-16
3	3	0	0	1.0 	 8.307018677235236e-18 	 6.62110136372802e-17 	 3 	 1.8411658783170008e-19 	 5.551115123125784e-17
3	4	0	0	1.0 	 2.8350447816930206e-17 	 1.9963058643655268e-16 	 3 	 3.3140985809706015e-18 	 9.992007221626409e-16
3	5	0	0	1.0 	 7.283393977126289e-18 	 1.1759079104071967e-16 	 3 	 4.602914695792502e-19 	 1.3877787807814457e-16
3	6	0	0	1.0 	 1.6600190610460336e-17 	 4.8554428664108867e-17 	 3 	 4.602914695792502e-20 	 1.3877787807814457e-17
3	7	0	0	1.0 	 8.56553271425194e-15 	 2.9556381095491313e-14 	 3 	 2.593742431079075e-17 	 7.820133429703443e-15
3	8	0	0	1.0 	 1.4092518418055294e-13 	 8.210765898557884e-13 	 3 	 1.9121851697413225e-13 	 5.765238286770114e-11
3	9	0	0	1.0 	 2.3772982099554605e-17 	 6.747595350487624e-17 	 3 	 2.2151526973501416e-19 	 6.678685382510707e-17
3	10	0	0	1.0 	 9.730754251723547e-17 	 2.4194692229642826e-16 	 3 	 5.207047249615268e-19 	 1.5699247457590102e-16
5	1	0	0	1.0 	 5.2711387673020814e-11 	 1.3676189438965612e-10 	 5 	 4.395228034707143e-11 	 1.3163707963947966e-08
5	2	0	0	1.0 	 1.5694097643867193e-17 	 1.6413236731539564e-16 	 5 	 9.87547087325691e-19 	 2.957703526540456e-16
5	3	0	0	1.0 	 2.1740899499214955e-15 	 8.27783861929797e-15 	 5 	 2.2466261831782345e-16 	 6.728645418618839e-14
5	4	0	0	1.0 	 8.918997363836637e-15 	 1.77808899937868e-14 	 5 	 4.059079171834863e-17 	 1.2156942119645464e-14
5	5	0	0	1.0 	 1.461836580903524e-17 	 1.0920792450420542e-16 	 5 	 4.170286820378284e-19 	 1.249000902703301e-16
5	6	0	0	1.0 	 3.3440870799658154e-17 	 7.181072574920251e-17 	 5 	 1.378511476736155e-18 	 4.128641872824801e-16
5	7	0	0	1.0 	 8.585129840716343e-15 	 1.2972915639179814e-14 	 5 	 2.534028449882638e-17 	 7.58941520739853e-15
5	8	0	0	1.0 	 1.4788200230175495e-13 	 6.833984242644807e-13 	 5 	 1.5534835058109635e-13 	 4.652683099903854e-11
5	9	0	0	1.0 	 1.51261667793122e-16 	 1.5416843152465424e-16 	 5 	 9.759629572690846e-19 	 2.9230090570209204e-16
5	10	0	0	1.0 	 2.4430622930118087e-16 	 3.999853223988698e-16 	 5 	 7.790327463067767e-19 	 2.3332030751888065e-16
7	1	0	0	1.0 	 2.0462901970683208e-11 	 6.413686702222653e-11 	 7 	 1.901505971820688e-11 	 5.656980266166569e-09
7	2	0	0	1.0 	 2.0701121178096803e-14 	 2.24378169459951e-14 	 7 	 3.2144280234768106e-16 	 9.562923369843546e-14
7	3	0	0	1.0 	 3.0882009127653395e-15 	 8.215412074598702e-15 	 7 	 2.0240578587598895e-16 	 6.021572129810693e-14
7	4	0	0	1.0 	 9.099720110757883e-15 	 1.3910340290919297e-14 	 7 	 3.559244402474754e-17 	 1.058875209736243e-14
7	5	0	0	0.4 	 0.001873582398714799 	 0.0025034126571191226 	 7 	 0.00012111493888343085 	 0.31999899242008734
7	6	0	0	1.0 	 2.31597953182755e-16 	 3.261517950223274e-16 	 7 	 4.621070099870974e-18 	 1.3747683547116196e-15
7	7	0	0	1.0 	 8.846860986746124e-15 	 1.0307162069834808e-14 	 7 	 1.5230580568912282e-17 	 4.53109771925142e-15
7	8	0	0	1.0 	 2.1270567609533328e-13 	 6.266694611691202e-13 	 7 	 1.422024131850797e-13 	 4.2305217922561367e-11
7	9	0	0	1.0 	 4.551640099083551e-14 	 5.471470933396525e-14 	 7 	 2.5043138664578365e-16 	 7.45033375271209e-14
7	10	0	0	1.0 	 1.813760342687203e-15 	 1.1993538253496724e-15 	 7 	 1.345649782079147e-17 	 4.003308101685477e-15
10	1	0	0	1.0 	 2.766460239889791e-10 	 9.207325790656305e-11 	 10 	 2.5429587664759893e-11 	 7.489013567271712e-09
10	2	0	0	1.0 	 1.3114693067549689e-14 	 1.1722716470278486e-14 	 10 	 3.375185789222512e-16 	 9.939922149260203e-14
10	3	0	0	1.0 	 0.0001651744907031809 	 0.0012116623715995784 	 10 	 3.890466687462603e-05 	 0.011457424394577257
10	4	0	0	1.0 	 4.093087045783786e-13 	 3.4536952759824584e-13 	 10 	 8.16367899462407e-15 	 2.404203463916843e-12
10	5	0	0	0.25 	 0.0028311488956298853 	 0.005155969528956903 	 10 	 9.604206820983543e-05 	 0.5231959472528165
10	6	0	0	1.0 	 2.7427953796069534e-16 	 3.7168100042114486e-16 	 10 	 1.9467779586089616e-18 	 5.733261088103348e-16
10	7	0	0	1.0 	 1.2217731723869188e-13 	 4.0146296859025007e-13 	 10 	 1.6342226100942382e-14 	 4.812785586727486e-12
10	8	0	0	1.0 	 2.8495826702253006e-13 	 7.112146936521594e-13 	 10 	 1.3964726611452386e-13 	 4.11261198707269e-11
10	9	0	0	1.0 	 4.883184192204331e-14 	 4.5642809018335e-14 	 10 	 2.757061698355558e-16 	 8.119546701657043e-14
10	10	0	0	1.0 	 5.228248055551974e-15 	 2.265151942886306e-15 	 10 	 3.116170074290792e-17 	 9.177120868786304e-15
2	1	1	100	1.0 	 3.429143011212375e-05 	 0.0004270079770427212 	 2 	 2.456894294072175e-06 	 0.0007432105239568305
2	1	1	1000	1.0 	 3.43307063989907e-06 	 4.273033131873577e-05 	 2 	 2.4568942940741477e-07 	 7.432105239574271e-05
2	1	1	10000	1.0 	 3.433465105060762e-07 	 4.273329435842038e-06 	 2 	 2.4568942940585494e-08 	 7.432105239527087e-06
2	2	1	100	1.0 	 1.3638894507413465e-05 	 0.00011855359275466743 	 2 	 3.611888756925242e-06 	 0.001092596348969882
2	2	1	1000	1.0 	 1.3677522948714144e-06 	 1.1880544162302327e-05 	 2 	 3.6118887569218475e-07 	 0.0001092596348968855
2	2	1	10000	1.0 	 1.3681399612692668e-07 	 1.1883071278211214e-06 	 2 	 3.6118887568612894e-08 	 1.0925963489505364e-05
2	3	1	100	1.0 	 0.000174524427561716 	 0.004700646331077799 	 2 	 1.6365432413338254e-06 	 0.0004950543305034805
2	3	1	1000	1.0 	 1.7500388161208147e-05 	 0.00047179577453693974 	 2 	 1.6365432413385048e-07 	 4.9505433050489587e-05
2	3	1	10000	1.0 	 1.7505197194561366e-06 	 4.719695401057222e-05 	 2 	 1.636543241345845e-08 	 4.9505433050711645e-06
2	4	1	100	1.0 	 0.00010520858752260751 	 0.0005356715484193287 	 2 	 1.2413471479568752e-05 	 0.0037550751225695345
2	4	1	1000	1.0 	 1.1078622534476444e-05 	 5.499806894717198e-05 	 2 	 1.2531226440229985e-06 	 0.00037906959981695576
2	4	1	10000	1.0 	 1.1048772389055818e-06 	 5.500940309397522e-06 	 2 	 1.2531226440025833e-07 	 3.790695998107802e-05
2	5	1	100	1.0 	 3.293214906661465e-05 	 0.0003653460425346194 	 2 	 3.638079093948873e-06 	 0.0011005189259195303
2	5	1	1000	1.0 	 3.2943329888842005e-06 	 3.6588728112667065e-05 	 2 	 3.638079093951809e-07 	 0.00011005189259204184
2	5	1	10000	1.0 	 3.2944468949076303e-07 	 3.659414706809343e-06 	 2 	 3.638079093950432e-08 	 1.1005189259200021e-05
2	6	1	100	1.0 	 5.066618687353136e-05 	 0.00041344872853381624 	 2 	 1.3228826777992876e-06 	 0.00040017201003428315
2	6	1	1000	1.0 	 5.065552743887272e-06 	 4.1356922582193396e-05 	 2 	 1.32288267780149e-07 	 4.001720100349493e-05
2	6	1	10000	1.0 	 5.065446439552764e-07 	 4.135812794130329e-06 	 2 	 1.3228826777996546e-08 	 4.001720100343942e-06
2	7	1	100	1.0 	 1.7598021462673486e-05 	 0.00020567997284283386 	 2 	 3.1431147356582083e-06 	 0.0009507922075366049
2	7	1	1000	1.0 	 1.7585441878790083e-06 	 2.05730888279367e-05 	 2 	 3.1431147356610527e-07 	 9.507922075374653e-05
2	7	1	10000	1.0 	 1.7584188738734238e-07 	 2.057359927457689e-06 	 2 	 3.1431147356812393e-08 	 9.507922075435714e-06
2	8	1	100	1.0 	 2.211170189526477e-05 	 0.00017815400338965423 	 2 	 1.3048962793026141e-06 	 0.00039473112448903946
2	8	1	1000	1.0 	 2.210211808671108e-06 	 1.7821834015193896e-05 	 2 	 1.3048962792748127e-07 	 3.947311244806295e-05
2	8	1	10000	1.0 	 2.210116231362523e-07 	 1.782247770312212e-06 	 2 	 1.3048962790243244e-08 	 3.947311244048568e-06
2	9	1	100	1.0 	 3.823904411489829e-05 	 0.0005700779999566706 	 2 	 5.1079530464187225e-06 	 0.0015451557965416585
2	9	1	1000	1.0 	 3.823167628196665e-06 	 5.70749232121939e-05 	 2 	 5.107953046421017e-07 	 0.00015451557965423524
2	9	1	10000	1.0 	 3.8230974107678804e-07 	 5.7081651800884965e-06 	 2 	 5.1079530464393675e-08 	 1.5451557965479035e-05
2	10	1	100	1.0 	 8.175962322880583e-05 	 0.0006539624708689044 	 2 	 2.091160649168747e-06 	 0.0006325760963735437
2	10	1	1000	1.0 	 8.1803743106774e-06 	 6.546473074900723e-05 	 2 	 2.0911606491649851e-07 	 6.325760963724059e-05
2	10	1	10000	1.0 	 8.180816870537954e-07 	 6.547158919340103e-06 	 2 	 2.0911606491420467e-08 	 6.32576096365467e-06
3	1	1	100	0.5 	 0.00022036013432771316 	 0.0005967135135084446 	 3 	 3.3269979944382394e-06 	 0.166191382034429
3	1	1	1000	1.0 	 5.417528343055615e-06 	 2.4993853395611227e-05 	 3 	 7.820747612472915e-08 	 2.3579554051605944e-05
3	1	1	10000	1.0 	 5.417697228389344e-07 	 2.499509193998646e-06 	 3 	 7.820744519332651e-09 	 2.357954472578805e-06
3	2	1	100	1.0 	 9.827074098833881e-05 	 0.00048695546845495627 	 3 	 6.765051396366835e-06 	 0.0020396629960046098
3	2	1	1000	1.0 	 9.791526969881472e-06 	 4.877071717761934e-05 	 3 	 6.765051396362047e-07 	 0.00020396629960031665
3	2	1	10000	1.0 	 9.788023293130773e-07 	 4.8778296701492484e-06 	 3 	 6.765051396238689e-08 	 2.039662995965974e-05
3	3	1	100	1.0 	 0.0003667875225045593 	 0.0028914728688458056 	 3 	 6.4805126676034495e-06 	 0.001953874569282449
3	3	1	1000	1.0 	 3.651168938483866e-05 	 0.0002896880064415356 	 3 	 6.480512667600181e-07 	 0.00019538745692814638
3	3	1	10000	1.0 	 3.649511308794434e-06 	 2.8974225060869915e-05 	 3 	 6.480512667583381e-08 	 1.9538745692763985e-05
3	4	1	100	1.0 	 0.00019737385490163156 	 0.0008918960485699007 	 3 	 2.354272886873865e-05 	 0.007098132753924736
3	4	1	1000	1.0 	 3.5736786419597504e-05 	 0.00010183935260823396 	 3 	 2.4578530433802575e-06 	 0.0007410426925791511
3	4	1	10000	1.0 	 3.555027343971974e-06 	 1.0196789489977323e-05 	 3 	 2.4578530433488887e-07 	 7.410426925696935e-05
3	5	1	100	0.5 	 0.0019430809460161652 	 0.0009620751407781366 	 3 	 2.9583467812459787e-06 	 0.025331836026683666
3	5	1	1000	1.0 	 0.0001398230490993457 	 7.793367971405361e-05 	 3 	 1.759550100929599e-07 	 5.305043554302766e-05
3	5	1	10000	1.0 	 1.400882013154271e-05 	 7.807428529277472e-06 	 3 	 1.759550100934317e-08 	 5.30504355431699e-06
3	6	1	100	1.0 	 0.0010501828156215197 	 0.0013638115607629464 	 3 	 1.9549822326957353e-06 	 0.0005894271431577669
3	6	1	1000	1.0 	 0.00010514786791843681 	 0.00013653265471763072 	 3 	 1.9549822327015812e-07 	 5.894271431595294e-05
3	6	1	10000	1.0 	 1.051608470323805e-05 	 1.365478230965663e-05 	 3 	 1.954982232744158e-08 	 5.894271431723663e-06
3	7	1	100	1.0 	 2.4755900643405005e-05 	 0.00016995456206505646 	 3 	 2.702375965387421e-06 	 0.0008147663535643113
3	7	1	1000	1.0 	 2.4830563010699965e-06 	 1.702582281157895e-05 	 3 	 2.702375965618488e-07 	 8.147663536339778e-05
3	7	1	10000	1.0 	 2.483805768074766e-07 	 1.702887101016961e-06 	 3 	 2.7023759678775984e-08 	 8.147663543150996e-06
3	8	1	100	0.2 	 0.01285355829737221 	 0.003042014797782292 	 3 	 0.0012620113319479198 	 0.8468475562788502
3	8	1	1000	1.0 	 7.533422994713408e-06 	 5.35047210899162e-05 	 3 	 1.1992194622089911e-05 	 0.0036156466785601258
3	8	1	10000	1.0 	 7.567249114388364e-07 	 5.380386653658424e-06 	 3 	 1.19921972593332e-06 	 0.0003615647473688977
3	9	1	100	1.0 	 9.130708361714484e-05 	 0.0009802072272591682 	 3 	 1.1264124835934568e-05 	 0.0033961336380342877
3	9	1	1000	1.0 	 9.097103564496913e-06 	 9.819157407676502e-05 	 3 	 1.126412483593061e-06 	 0.0003396133638033094
3	9	1	10000	1.0 	 9.093822537385184e-07 	 9.820873655507348e-06 	 3 	 1.1264124835914959e-07 	 3.396133638028376e-05
3	10	1	100	1.0 	 0.00016974717165633448 	 0.0009428297192614157 	 3 	 3.596208127760622e-06 	 0.0010842567505198323
3	10	1	1000	1.0 	 1.6998409872615017e-05 	 9.44174062215097e-05 	 3 	 3.5962081277610365e-07 	 0.00010842567505199574
3	10	1	10000	1.0 	 1.7000800421725542e-06 	 9.443092418239148e-06 	 3 	 3.5962081277173087e-08 	 1.0842567505067733e-05
5	1	1	100	0.42857142857142855 	 0.00956311712607416 	 0.002444663626808648 	 5 	 0.0003030866743172584 	 0.30161361115059404
5	1	1	1000	1.0 	 4.443420827142464e-05 	 0.0001441662866615463 	 5 	 4.0579648439726196e-05 	 0.012153604707698053
5	1	1	10000	1.0 	 4.6643620186831836e-06 	 1.496517830629881e-05 	 5 	 4.057988046976872e-06 	 0.0012153674200695796
5	2	1	100	0.6666666666666666 	 0.0029626747276096065 	 0.0029613529464549296 	 5 	 4.699805337084277e-05 	 0.04267254354483022
5	2	1	1000	1.0 	 3.148645842856204e-05 	 8.464488411592633e-05 	 5 	 1.35495134007331e-06 	 0.00040580792635195803
5	2	1	10000	1.0 	 3.1458522922285477e-06 	 8.466677101360814e-06 	 5 	 1.3549513400412107e-07 	 4.058079263423441e-05
5	3	1	100	0.6666666666666666 	 0.0013658920302171192 	 0.0031941685217043553 	 5 	 4.687965338399318e-05 	 0.030900419258035185
5	3	1	1000	0.6666666666666666 	 0.00017642281939295117 	 0.00033029126853334576 	 5 	 4.708117634094248e-06 	 0.01827004430094041
5	3	1	10000	1.0 	 1.0552100202061236e-05 	 3.127829733567205e-05 	 5 	 4.722671495546316e-07 	 0.00014144401129161273
5	4	1	100	1.0 	 0.0004563155428428907 	 0.0016054373032993621 	 5 	 3.0408317328966893e-05 	 0.009107291040025622
5	4	1	1000	1.0 	 0.00011419413863581173 	 0.00018961997786203036 	 5 	 3.382975366934903e-06 	 0.0010132011223970075
5	4	1	10000	1.0 	 1.1267432819370131e-05 	 1.8995122791544717e-05 	 5 	 3.3829753665230173e-07 	 0.00010132011222736478
5	5	1	100	0.42857142857142855 	 0.002553045772718539 	 0.0016777214729380501 	 5 	 1.6831638958789953e-05 	 0.13325864531000797
5	5	1	1000	1.0 	 0.00018833122503603229 	 0.00012178293292849892 	 5 	 1.2430653624319886e-06 	 0.0003722980760483821
5	5	1	10000	1.0 	 1.8776848297063627e-05 	 1.2183857338704912e-05 	 5 	 1.2430653624364052e-07 	 3.722980760497048e-05
5	6	1	100	1.0 	 0.0018327432579504014 	 0.002430337465709653 	 5 	 3.4115655616556874e-05 	 0.010217638857158824
5	6	1	1000	1.0 	 0.00018314903007812062 	 0.00024391746942182063 	 5 	 3.4115655616562273e-06 	 0.001021763885716044
5	6	1	10000	1.0 	 1.8313837414422347e-05 	 2.4400795871455938e-05 	 5 	 3.4115655616690855e-07 	 0.00010217638857198952
5	7	1	100	1.0 	 0.00021806992665522284 	 0.0007261292437974874 	 5 	 1.6660903743156116e-05 	 0.004989940671075277
5	7	1	1000	1.0 	 2.202513496464922e-05 	 7.356792198842763e-05 	 5 	 1.6660903743031563e-06 	 0.0004989940671037973
5	7	1	10000	1.0 	 2.2047970267336314e-06 	 7.3666227361816405e-06 	 5 	 1.6660903741780478e-07 	 4.989940670663273e-05
5	8	1	100	0.42857142857142855 	 0.013121492785489268 	 0.0023250002024328463 	 5 	 0.0006983846638883072 	 0.4773361091128701
5	8	1	1000	1.0 	 2.0259973123098172e-05 	 8.979084032956326e-05 	 5 	 1.7092326317513024e-05 	 0.005119151732095172
5	8	1	10000	1.0 	 2.0468886796508516e-06 	 9.081695112059367e-06 	 5 	 1.7092327782089052e-06 	 0.0005119152170735692
5	9	1	100	1.0 	 0.0004764089794229488 	 0.002003436296269425 	 5 	 3.798288719131632e-05 	 0.011375874713799285
5	9	1	1000	1.0 	 4.530617251315657e-05 	 0.00020159963919364902 	 5 	 3.798288719131176e-06 	 0.0011375874713797918
5	9	1	10000	1.0 	 4.509196041864404e-06 	 2.017280953847569e-05 	 5 	 3.798288719118063e-07 	 0.00011375874713758644
5	10	1	100	0.6666666666666666 	 0.004625581209617106 	 0.0019899108658947623 	 5 	 8.870163731717098e-06 	 0.00788889700285528
5	10	1	1000	1.0 	 0.00025242427420061665 	 0.00019672428631319766 	 5 	 8.854048449125889e-07 	 0.0002651787510513215
5	10	1	10000	1.0 	 2.5794106109134467e-05 	 1.973978266518574e-05 	 5 	 8.854048449154444e-08 	 2.6517875105217668e-05
7	1	1	100	0.5555555555555556 	 0.009371079621963976 	 0.0033321295561490436 	 7 	 0.00025136833589405245 	 0.24285570454656275
7	1	1	1000	0.75 	 0.00308384977522545 	 0.0007891029082904214 	 7 	 0.0002587421460716522 	 0.07984238097455085
7	1	1	10000	1.0 	 1.3444602578296007e-05 	 3.7867684152946814e-05 	 7 	 7.565751843367899e-06 	 0.00225081117340196
7	2	1	100	0.4 	 0.004365985796366484 	 0.003362512681637181 	 7 	 5.774613050319475e-05 	 0.2640750863301134
7	2	1	1000	1.0 	 5.855413914976555e-05 	 0.00012151313119598557 	 7 	 2.7573907162756506e-06 	 0.0008203237380920089
7	2	1	10000	1.0 	 5.857822157697538e-06 	 1.2164792935315243e-05 	 7 	 2.75739071371633e-07 	 8.20323737330611e-05
7	3	1	100	0.4 	 0.02022707829294667 	 0.006560350946204448 	 7 	 0.00011156873133054449 	 0.3126947529050383
7	3	1	1000	0.75 	 0.00027822224560103463 	 0.000406281862965439 	 7 	 5.5756430383273605e-06 	 0.01255382565098363
7	3	1	10000	1.0 	 1.991506879262405e-05 	 3.9198621429566e-05 	 7 	 5.503339895125929e-07 	 0.00016372436187999696
7	4	1	100	1.0 	 0.0013558439310175957 	 0.003778130012663178 	 7 	 0.00010743390317337157 	 0.031961586194078156
7	4	1	1000	1.0 	 0.00022949977524764904 	 0.00043470061314983 	 7 	 1.1304728780265828e-05 	 0.003363156812129095
7	4	1	10000	1.0 	 2.4168451742861993e-05 	 4.430190889676844e-05 	 7 	 1.139156499426137e-06 	 0.000338899058579277
7	5	1	100	0.5555555555555556 	 0.03124615659079144 	 0.0026545358663342946 	 7 	 8.819752286959808e-05 	 0.03158053878001527
7	5	1	1000	0.75 	 0.0006604972451331341 	 0.00018743979374139883 	 7 	 6.7069372990903555e-06 	 0.02546212928252108
7	5	1	10000	0.4 	 0.0018812063538223276 	 0.0024358929057545077 	 7 	 3.117224092112816e-05 	 0.2519612992633961
7	6	1	100	1.0 	 0.0031088012824258987 	 0.0041555562882313185 	 7 	 5.761364686704212e-05 	 0.017140059942945093
7	6	1	1000	1.0 	 0.0003083894610128554 	 0.00042064845309428873 	 7 	 5.761364686702006e-06 	 0.0017140059942938536
7	6	1	10000	1.0 	 3.081732180993846e-05 	 4.212020337757199e-05 	 7 	 5.761364686683046e-07 	 0.0001714005994288212
7	7	1	100	1.0 	 0.0006633756100797698 	 0.0015202534849850556 	 7 	 4.02920298217278e-05 	 0.011986878871964063
7	7	1	1000	1.0 	 6.718611179936255e-05 	 0.00015556519715117506 	 7 	 4.029202982196864e-06 	 0.0011986878872035714
7	7	1	10000	1.0 	 6.728742390831002e-06 	 1.5594592542685203e-05 	 7 	 4.0292029824519585e-07 	 0.00011986878872794621
7	8	1	100	0.5555555555555556 	 0.014704207272585746 	 0.0026858938343849435 	 7 	 0.0005795493355118845 	 0.3917159708555301
7	8	1	1000	1.0 	 0.0005067708217608703 	 0.00025078734306040174 	 7 	 2.0916415709274768e-05 	 0.006222633673509266
7	8	1	10000	1.0 	 4.981060254745033e-05 	 2.5221444424292555e-05 	 7 	 2.0916416912628616e-06 	 0.0006222634031507035
7	9	1	100	0.5555555555555556 	 0.0012002335636592623 	 0.0028913391788523445 	 7 	 4.925396587276318e-05 	 0.2548956826338578
7	9	1	1000	1.0 	 9.917908195895481e-05 	 0.00028140605536962387 	 7 	 5.695997112426261e-06 	 0.0016945591409468184
7	9	1	10000	1.0 	 9.828345944880474e-06 	 2.816180082139495e-05 	 7 	 5.695997109491364e-07 	 0.0001694559140073687
7	10	1	100	0.75 	 0.0043563440999793345 	 0.002292300056056243 	 7 	 2.0110455865990463e-05 	 0.008885070004251342
7	10	1	1000	1.0 	 0.0005663745503576786 	 0.0002459092183393259 	 7 	 1.9310526292834804e-06 	 0.0005744881572118376
7	10	1	10000	1.0 	 5.956883099780796e-05 	 2.4773782864046753e-05 	 7 	 1.931052628986802e-07 	 5.744881571235757e-05
10	1	1	100	0.42857142857142855 	 0.019605192488687417 	 0.007598295706471901 	 10 	 0.00032401202436259114 	 0.32204537963485963
10	1	1	1000	0.8181818181818182 	 0.003523833786124868 	 0.0007136796107306934 	 10 	 0.0001890902358094754 	 0.05823789599247866
10	1	1	10000	1.0 	 3.786699786104786e-05 	 5.982186984312346e-05 	 10 	 1.2493175495442462e-05 	 0.0036792401834077754
10	2	1	100	0.42857142857142855 	 0.017000999150182744 	 0.007881415723813895 	 10 	 0.00013179042842608818 	 0.20578010424935084
10	2	1	1000	1.0 	 0.0003955622049957209 	 0.0005312249106378673 	 10 	 1.5357922633567073e-05 	 0.004522908215585572
10	2	1	10000	1.0 	 3.9887400795581835e-05 	 5.328514268865482e-05 	 10 	 1.5357922636140946e-06 	 0.0004522908216343576
10	3	1	100	0.3333333333333333 	 0.024580131064072377 	 0.012787098025628716 	 10 	 0.0002539674200527847 	 0.4006490161067914
10	3	1	1000	0.6666666666666666 	 0.0005625633223885245 	 0.001731428887612372 	 10 	 4.8726922004118575e-05 	 0.09763430982258281
10	3	1	10000	1.0 	 0.0006921931617787166 	 0.003110968908674944 	 10 	 3.012653079441078e-05 	 0.03512147947794536
10	4	1	100	1.0 	 0.002344003649320609 	 0.00395019954036063 	 10 	 8.122730303860913e-05 	 0.024245917682358214
10	4	1	1000	1.0 	 0.000302392016752163 	 0.00041370096424140257 	 10 	 8.185037905104313e-06 	 0.002410493663053199
10	4	1	10000	1.0 	 3.056153942027677e-05 	 4.15500911289905e-05 	 10 	 8.18503801245924e-07 	 0.00024104936946692246
10	5	1	100	0.6666666666666666 	 0.03303221593858155 	 0.003291400641776139 	 10 	 5.192186308301186e-05 	 0.025024393834779786
10	5	1	1000	0.6666666666666666 	 0.0010483650933780606 	 0.000327124932353102 	 10 	 6.841913423252448e-06 	 0.03757158611338847
10	5	1	10000	0.8181818181818182 	 9.958399198168161e-05 	 6.279970142363068e-05 	 10 	 4.1919637941322096e-06 	 0.01626343764602501
10	6	1	100	1.0 	 0.0036668202551207903 	 0.00568786331529792 	 10 	 4.435505212224615e-05 	 0.014509988910812961
10	6	1	1000	1.0 	 0.00037514094171580976 	 0.0005754906433235353 	 10 	 4.78875015334468e-06 	 0.0014102869201600005
10	6	1	10000	1.0 	 3.743680331349575e-05 	 5.7573367428025985e-05 	 10 	 4.788750153362635e-07 	 0.0001410286920165288
10	7	1	100	1.0 	 0.0057991545722406975 	 0.0030729667370605457 	 10 	 7.636060894447143e-05 	 0.024160451690390494
10	7	1	1000	1.0 	 0.0005152164254247371 	 0.00032510301347150633 	 10 	 8.69092973145985e-06 	 0.002559478805914902
10	7	1	10000	1.0 	 5.094962132634748e-05 	 3.258612018619937e-05 	 10 	 8.690929423306001e-07 	 0.0002559478715163593
10	8	1	100	0.42857142857142855 	 0.026572304568530998 	 0.0038458229773114644 	 10 	 0.0004344877023185953 	 0.3723324472924391
10	8	1	1000	1.0 	 0.0008667598328122423 	 0.00028177043667496315 	 10 	 1.0558140402812062e-05 	 0.0031093723486281264
10	8	1	10000	1.0 	 8.450193206976228e-05 	 2.820996760811031e-05 	 10 	 1.055814084051677e-06 	 0.0003109372477532163
10	9	1	100	0.42857142857142855 	 0.0027003138054662538 	 0.004900289586575324 	 10 	 7.754720727851864e-05 	 0.33160858172113516
10	9	1	1000	1.0 	 0.0001211180848091528 	 0.0003406206279503405 	 10 	 6.927223407743102e-06 	 0.0020400672935803545
10	9	1	10000	1.0 	 1.207293853894386e-05 	 3.410493028874729e-05 	 10 	 6.927223403787226e-07 	 0.00020400672924153487
10	10	1	100	0.8181818181818182 	 0.017547714985133925 	 0.0036944104018193 	 10 	 4.320970950613323e-05 	 0.014542799664718116
10	10	1	1000	0.8181818181818182 	 0.01679485478154525 	 0.0005890278928222057 	 10 	 9.0733707183151e-06 	 0.003181026957181365
10	10	1	10000	1.0 	 2.158841645246201e-05 	 3.225461438669763e-05 	 10 	 3.3616795966885134e-07 	 9.900146412247618e-05
2	1	2	100	1.0 	 3.696711532419364e-05 	 0.0005805508816530164 	 2 	 3.4891092360585484e-06 	 0.0010554555439077073
2	1	2	1000	1.0 	 3.7006292492978374e-06 	 5.8112619757582875e-05 	 2 	 3.489109236058457e-07 	 0.00010554555439076796
2	1	2	10000	1.0 	 3.70102213065963e-07 	 5.811838355271542e-06 	 2 	 3.4891092360501994e-08 	 1.0554555439051816e-05
2	2	2	100	1.0 	 0.00012070949412985544 	 0.0002413555984522369 	 2 	 6.423463610597758e-06 	 0.0019430977422058154
2	2	2	1000	1.0 	 1.1713890976434515e-05 	 2.415495775481726e-05 	 2 	 6.423463610604709e-07 	 0.0001943097742207918
2	2	2	10000	1.0 	 1.1679413454883113e-06 	 2.415690167233952e-06 	 2 	 6.42346361058028e-08 	 1.9430977422005283e-05
2	3	2	100	1.0 	 2.9972179922708938e-05 	 0.001611933003929358 	 2 	 2.3466528310163367e-06 	 0.0007098624813824395
2	3	2	1000	1.0 	 3.001594012632748e-06 	 0.00016118236387533896 	 2 	 2.3466528310185387e-07 	 7.098624813831056e-05
2	3	2	10000	1.0 	 3.002032317562252e-07 	 1.6118128228910218e-05 	 2 	 2.3466528310616633e-08 	 7.098624813961507e-06
2	4	2	100	1.0 	 6.585883386466989e-05 	 0.0005990027253077221 	 2 	 1.3720778878138327e-05 	 0.00415053561063683
2	4	2	1000	1.0 	 6.529899090175668e-06 	 5.9972074553901526e-05 	 2 	 1.372077887813961e-06 	 0.0004150535610637218
2	4	2	10000	1.0 	 6.524372144820262e-07 	 5.997929264160064e-06 	 2 	 1.3720778878329543e-07 	 4.150535610694672e-05
2	5	2	100	1.0 	 3.174948187525787e-05 	 0.00018178123645448403 	 2 	 1.0333248676896483e-06 	 0.0003125807724761176
2	5	2	1000	1.0 	 3.1728381067116926e-06 	 1.8184912977864818e-05 	 2 	 1.0333248676852443e-07 	 3.125807724747853e-05
2	5	2	10000	1.0 	 3.1726275088559936e-07 	 1.8185592172357359e-06 	 2 	 1.0333248676691872e-08 	 3.125807724699281e-06
2	6	2	100	1.0 	 8.81953436757726e-05 	 0.0008748409991606505 	 2 	 4.429532194967641e-06 	 0.001339933488977707
2	6	2	1000	1.0 	 8.796138489827836e-06 	 8.75448441702605e-05 	 2 	 4.429532194969477e-07 	 0.00013399334889782621
2	6	2	10000	1.0 	 8.793813238786205e-07 	 8.755093102478877e-06 	 2 	 4.4295321949502083e-08 	 1.3399334889724335e-05
2	7	2	100	1.0 	 0.00012055528565363612 	 0.00021934881023347055 	 2 	 1.5656485923332642e-06 	 0.0004736086991808107
2	7	2	1000	1.0 	 1.200078977024705e-05 	 2.193584333537211e-05 	 2 	 1.5656485923354664e-07 	 4.7360869918147676e-05
2	7	2	10000	1.0 	 1.1995344842276514e-06 	 2.1935939805133776e-06 	 2 	 1.565648592385931e-08 	 4.7360869919674245e-06
2	8	2	100	1.0 	 3.090222177278211e-05 	 0.00016680630131602782 	 2 	 2.3786648492008036e-07 	 7.195461168832407e-05
2	8	2	1000	1.0 	 3.0899974706338746e-06 	 1.6682832060259137e-05 	 2 	 2.3786648494054148e-08 	 7.195461169451356e-06
2	8	2	10000	1.0 	 3.0899750092356117e-07 	 1.668305230648461e-06 	 2 	 2.3786648511303895e-09 	 7.195461174669404e-07
2	9	2	100	0.3333333333333333 	 0.0004593255042893383 	 0.0003171920900370715 	 2 	 3.1897711285024356e-06 	 0.02025218014882666
2	9	2	1000	1.0 	 2.995252801751914e-05 	 2.9138027464329125e-05 	 2 	 3.1722792856439567e-07 	 9.596144839072937e-05
2	9	2	10000	1.0 	 2.9826048975041658e-06 	 2.9138552920071174e-06 	 2 	 3.172279285604617e-08 	 9.596144838953935e-06
2	10	2	100	0.3333333333333333 	 0.0010081032344713599 	 0.0003799856023507216 	 2 	 1.8551809440071307e-08 	 0.026205166802291065
2	10	2	1000	1.0 	 8.455557360116569e-05 	 3.256532371490789e-05 	 2 	 3.5363070009189944e-09 	 1.0697328677779921e-06
2	10	2	10000	1.0 	 8.455248147972486e-06 	 3.256465962799872e-06 	 2 	 3.536307000041597e-10 	 1.0697328675125795e-07
3	1	2	100	1.0 	 8.557935621489606e-05 	 0.0005812161934274856 	 3 	 9.665407408666924e-06 	 0.002914120333713091
3	1	2	1000	1.0 	 8.594834221742339e-06 	 5.8306043873495407e-05 	 3 	 9.665407395314374e-07 	 0.00029141203296872975
3	1	2	10000	1.0 	 8.598578941424593e-07 	 5.832468228726959e-06 	 3 	 9.665407261862991e-08 	 2.914120289451705e-05
3	2	2	100	0.5 	 0.017179919623021445 	 0.003743021056982673 	 3 	 7.889910802167638e-05 	 0.025629351369693135
3	2	2	1000	1.0 	 2.8118623862341782e-05 	 5.594282740275889e-05 	 3 	 1.1375532283779146e-06 	 0.0003429722983559428
3	2	2	10000	1.0 	 2.7836857226139034e-06 	 5.596442213702817e-06 	 3 	 1.1375532283668042e-07 	 3.42972298352593e-05
3	3	2	100	1.0 	 6.864650349360932e-05 	 0.0017628274833251022 	 3 	 7.938945982453096e-06 	 0.0023935922137096194
3	3	2	1000	1.0 	 6.907494178442074e-06 	 0.00017666418620196944 	 3 	 7.938945982451576e-07 	 0.00023935922137091617
3	3	2	10000	1.0 	 6.911856142418128e-07 	 1.767027714972226e-05 	 3 	 7.938945982428562e-08 	 2.393592213702223e-05
3	4	2	100	1.0 	 0.00020230035654733325 	 0.0011736008011723024 	 3 	 3.2314519199030844e-05 	 0.009742827538507847
3	4	2	1000	1.0 	 2.0855425895643706e-05 	 0.00012023147098306197 	 3 	 3.231451919905925e-06 	 0.0009742827538516408
3	4	2	10000	1.0 	 2.0920928602614907e-06 	 1.2053127247494456e-05 	 3 	 3.231451919914394e-07 	 9.742827538541943e-05
3	5	2	100	1.0 	 0.00028601042778519204 	 0.0013618187061898756 	 3 	 1.9634890753564234e-05 	 0.005919919562199644
3	5	2	1000	1.0 	 2.881158880884344e-05 	 0.00013681122742276105 	 3 	 1.9634890753563775e-06 	 0.0005919919562199505
3	5	2	10000	1.0 	 2.883298383857082e-06 	 1.3687468992179381e-05 	 3 	 1.96348907535426e-07 	 5.91991956219312e-05
3	6	2	100	1.0 	 0.00010837528348904675 	 0.0011964506530971438 	 3 	 7.752712625686166e-06 	 0.00233744285664439
3	6	2	1000	1.0 	 1.084343174398335e-05 	 0.0001198498861557822 	 3 	 7.752712625686809e-07 	 0.0002337442856644584
3	6	2	10000	1.0 	 1.0844043823949695e-06 	 1.1987049098355512e-05 	 3 	 7.752712625661494e-08 	 2.3374428566369513e-05
3	7	2	100	1.0 	 0.0001199874064222441 	 0.0004982163719195721 	 3 	 8.331572810965956e-06 	 0.0025119692025062468
3	7	2	1000	1.0 	 1.1591105071247535e-05 	 4.9818227983463376e-05 	 3 	 8.331572810925094e-07 	 0.00025119692024939266
3	7	2	10000	1.0 	 1.1552073440897687e-06 	 4.981788731936281e-06 	 3 	 8.331572810519577e-08 	 2.511969202371663e-05
3	8	2	100	0.2 	 0.013602768396751922 	 0.003301217159548471 	 3 	 0.0010482645863776618 	 0.6796767798484437
3	8	2	1000	1.0 	 1.419726002631662e-05 	 0.00010079816562831573 	 3 	 2.228008684713423e-05 	 0.006815403481899962
3	8	2	10000	1.0 	 1.4393338156627788e-06 	 1.0211727903638141e-05 	 3 	 2.260498839414407e-06 	 0.0006815404000834469
3	9	2	100	0.5 	 0.0018344434531971355 	 0.0011540417845675242 	 3 	 1.2404621065402116e-05 	 0.010291594313013673
3	9	2	1000	0.5 	 0.0005592993987220373 	 0.00016219611368858494 	 3 	 1.3124803922985081e-06 	 0.010291594313013713
3	9	2	10000	1.0 	 5.1652709343599985e-05 	 1.6139129804658537e-05 	 3 	 1.3310884392880423e-07 	 4.013231644453465e-05
3	10	2	100	0.5 	 0.0044670934745292545 	 0.002428426377431863 	 3 	 2.199402154669043e-05 	 0.014654081366989168
3	10	2	1000	1.0 	 0.00042414983509706503 	 0.0002816171720333508 	 3 	 2.337703593713222e-06 	 0.0007048176335045396
3	10	2	10000	1.0 	 4.0677784750904474e-05 	 2.8182822001531074e-05 	 3 	 2.3377035937150313e-07 	 7.04817633505085e-05
5	1	2	100	0.6666666666666666 	 0.021144337778615113 	 0.0015126878641986482 	 5 	 0.0001957044031322645 	 0.06088481725861576
5	1	2	1000	1.0 	 7.857840136968036e-05 	 0.00018330963911578334 	 5 	 3.4995041903775005e-05 	 0.01048101505018067
5	1	2	10000	1.0 	 8.434461581242127e-06 	 1.90692569323152e-05 	 5 	 3.4995438003380286e-06 	 0.0010481133682012454
5	2	2	100	0.6666666666666666 	 0.013498504310936655 	 0.002742164931642587 	 5 	 5.5581886961843946e-05 	 0.01843671217889584
5	2	2	1000	1.0 	 5.4512149532688765e-05 	 7.72407532920218e-05 	 5 	 1.78750971141347e-06 	 0.0005353591585683364
5	2	2	10000	1.0 	 5.3501886384436866e-06 	 7.727006775503768e-06 	 5 	 1.7875097114075275e-07 	 5.3535915856655646e-05
5	3	2	100	1.0 	 0.0002419740582998286 	 0.0011822143697589706 	 5 	 6.334937336135758e-06 	 0.001897313732172667
5	3	2	1000	1.0 	 2.4232189861760497e-05 	 0.00011844380102983093 	 5 	 6.334937338152138e-07 	 0.00018973137327765732
5	3	2	10000	1.0 	 2.423570540834016e-06 	 1.1846610233564948e-05 	 5 	 6.334937358602763e-08 	 1.897313738901535e-05
5	4	2	100	1.0 	 0.00013202284716126047 	 0.0005520683328310409 	 5 	 5.6460551180082485e-06 	 0.0016909935078434774
5	4	2	1000	1.0 	 1.3220839629802868e-05 	 5.5353129705678764e-05 	 5 	 5.646055117624721e-07 	 0.0001690993507728611
5	4	2	10000	1.0 	 1.3222749127833728e-06 	 5.536787073760691e-06 	 5 	 5.64605511396043e-08 	 1.6909935066311554e-05
5	5	2	100	1.0 	 0.0002766421311733118 	 0.000728464331421467 	 5 	 6.761271319845342e-06 	 0.0020250007602936877
5	5	2	1000	1.0 	 2.7627173531949977e-05 	 7.287828065928554e-05 	 5 	 6.761271319847753e-07 	 0.00020250007602944098
5	5	2	10000	1.0 	 2.7623681141760577e-06 	 7.288146692155114e-06 	 5 	 6.761271319808829e-08 	 2.025000760282752e-05
5	6	2	100	1.0 	 0.00026486316323752094 	 0.0013542489420846886 	 5 	 2.0019221992213172e-05 	 0.005995756986667869
5	6	2	1000	1.0 	 2.5575129577677816e-05 	 0.00013615271497382917 	 5 	 2.0019221992228654e-06 	 0.0005995756986672507
5	6	2	10000	1.0 	 2.549868407142701e-06 	 1.3622706262525447e-05 	 5 	 2.001922199223537e-07 	 5.995756986674518e-05
5	7	2	100	1.0 	 8.467488285800264e-05 	 0.000411268460702338 	 5 	 1.4676997828141414e-05 	 0.0043957608495283716
5	7	2	1000	1.0 	 8.663423009461682e-06 	 4.118173117106382e-05 	 5 	 1.4676997828067908e-06 	 0.0004395760849506356
5	7	2	10000	1.0 	 8.68384693587315e-07 	 4.118728738823812e-06 	 5 	 1.467699782729021e-07 	 4.395760849273435e-05
5	8	2	100	0.42857142857142855 	 0.013121523338635805 	 0.0024254834710369915 	 5 	 0.0008577723918015601 	 0.5366750824540442
5	8	2	1000	1.0 	 3.2810524917870265e-05 	 0.00013419937623419283 	 5 	 2.3745339141408154e-05 	 0.007111729072851771
5	8	2	10000	1.0 	 3.293556817149057e-06 	 1.3541146951379558e-05 	 5 	 2.3745340518976337e-06 	 0.0007111729485433442
5	9	2	100	0.6666666666666666 	 0.002066803448161758 	 0.0011923090176795214 	 5 	 1.989567502398948e-05 	 0.011029425989269884
5	9	2	1000	0.6666666666666666 	 0.0006789865444854932 	 0.0001638534536750094 	 5 	 1.991124803529263e-06 	 0.008355478610746193
5	9	2	10000	1.0 	 6.299290674244519e-05 	 1.635172641794649e-05 	 5 	 1.9922400663746115e-07 	 5.9667589987919864e-05
5	10	2	100	0.6666666666666666 	 0.003919441491127471 	 0.001492877072483302 	 5 	 9.346747511611847e-06 	 0.008839389991629512
5	10	2	1000	1.0 	 0.0002849946817586786 	 0.0001486104885323561 	 5 	 9.519978892347547e-07 	 0.0002851233678258102
5	10	2	10000	1.0 	 2.7958137439008744e-05 	 1.4864536822550493e-05 	 5 	 9.519978892386802e-08 	 2.8512336782698593e-05
7	1	2	100	0.75 	 0.025027499418687538 	 0.0022334492971010514 	 7 	 0.0003416420178896543 	 0.10321840757137092
7	1	2	1000	1.0 	 5.856439257299182e-05 	 0.0002813849436136384 	 7 	 1.8712031429039628e-05 	 0.005566829350139312
7	1	2	10000	1.0 	 5.803370592690167e-06 	 2.8205251418833505e-05 	 7 	 1.8711862203004807e-06 	 0.0005566779005393953
7	2	2	100	0.5555555555555556 	 0.017532693006141527 	 0.0028401212384880693 	 7 	 6.267745069919644e-05 	 0.1575458231390494
7	2	2	1000	1.0 	 8.240895752188237e-05 	 0.00011305829451564829 	 7 	 2.107423832221761e-06 	 0.0006269585900859761
7	2	2	10000	1.0 	 8.15528800544229e-06 	 1.1318877230911505e-05 	 7 	 2.1074238331673718e-07 	 6.269585903672954e-05
7	3	2	100	1.0 	 0.00019994120418313668 	 0.001646237424389302 	 7 	 1.788056111977418e-05 	 0.005319466933132837
7	3	2	1000	1.0 	 1.9927287669274897e-05 	 0.00016493243777996415 	 7 	 1.7880561121507968e-06 	 0.0005319466933648639
7	3	2	10000	1.0 	 1.9921008283659275e-06 	 1.6496355726046665e-05 	 7 	 1.7880561138868734e-07 	 5.319466938813467e-05
7	4	2	100	1.0 	 0.0003210019738100618 	 0.00112924985486689 	 7 	 1.1435270151051674e-05 	 0.0052175621210224996
7	4	2	1000	1.0 	 3.168072593182621e-05 	 0.00011325310765436288 	 7 	 1.753802393605552e-06 	 0.0005217562120976536
7	4	2	10000	1.0 	 3.164119098088227e-06 	 1.1328633692018844e-05 	 7 	 1.7538023934441614e-07 	 5.217562120496398e-05
7	5	2	100	0.5555555555555556 	 0.016433503310693275 	 0.003228872893031444 	 7 	 0.00020348347802036108 	 0.20577265335584552
7	5	2	1000	0.75 	 3.3760477646850514e-05 	 0.0002499653812070731 	 7 	 1.4552813326437851e-05 	 0.05495623909298372
7	5	2	10000	0.75 	 7.2762036088725924e-06 	 0.0001466346356401469 	 7 	 1.3120448717952579e-05 	 0.0544153250614727
7	6	2	100	0.75 	 0.007172141830224754 	 0.0028690880222908446 	 7 	 4.230077522441667e-05 	 0.015547182273257817
7	6	2	1000	1.0 	 0.000130103677152278 	 0.00022408740738886191 	 7 	 1.6572199671181726e-06 	 0.0004930229402176581
7	6	2	10000	1.0 	 1.296211579743395e-05 	 2.243089650274477e-05 	 7 	 1.6572199670977234e-07 	 4.930229402115745e-05
7	7	2	100	0.75 	 0.0014213167642424802 	 0.001191543454133214 	 7 	 2.6001810465848476e-05 	 0.026643819864621637
7	7	2	1000	1.0 	 8.770793654111683e-05 	 0.00010638122077737335 	 7 	 2.5765137107578596e-06 	 0.000766512828950466
7	7	2	10000	1.0 	 8.786631286279284e-06 	 1.0656531132105774e-05 	 7 	 2.5765137108796054e-07 	 7.665128289866853e-05
7	8	2	100	0.4 	 0.028936216865230933 	 0.0029424558370426913 	 7 	 0.0007618885690409948 	 0.4779272020694314
7	8	2	1000	1.0 	 0.0005428567658901023 	 0.00017503026150426438 	 7 	 1.814899791864132e-05 	 0.005399326880795812
7	8	2	10000	1.0 	 4.671461745666214e-05 	 1.758412654903676e-05 	 7 	 1.8148999153743e-06 	 0.0005399327248238562
7	9	2	100	0.75 	 0.0019508690018113942 	 0.0006033586724913493 	 7 	 1.0857535945422793e-05 	 0.008142323169608796
7	9	2	1000	1.0 	 0.00023322416904097642 	 6.662163327224394e-05 	 7 	 1.223440207986968e-06 	 0.0003639734618761242
7	9	2	10000	1.0 	 2.311260001270055e-05 	 6.662528099858111e-06 	 7 	 1.2234402065312608e-07 	 3.6397346144305145e-05
7	10	2	100	0.5555555555555556 	 0.008033395800469918 	 0.0025633938157548484 	 7 	 2.6830493026453663e-05 	 0.08353117362530121
7	10	2	1000	1.0 	 0.00011559633028135799 	 0.00013746284411433516 	 7 	 1.3459869549601705e-06 	 0.00040043111910065233
7	10	2	10000	1.0 	 1.1278115954264658e-05 	 1.3750131404961647e-05 	 7 	 1.3459869548487475e-07 	 4.0043111906750396e-05
10	1	2	100	0.5384615384615384 	 0.007457154406855178 	 0.003114285588897548 	 10 	 5.06498991015768e-05 	 0.09927403302313187
10	1	2	1000	0.8181818181818182 	 0.006004820438902517 	 0.00036791441439973377 	 10 	 2.639013385540907e-05 	 0.00813927006078241
10	1	2	10000	1.0 	 3.1979388563604015e-05 	 2.6843099193459582e-05 	 10 	 1.8860609244845363e-06 	 0.0005554449422606908
10	2	2	100	0.8181818181818182 	 0.015473272964297296 	 0.0025685427302041216 	 10 	 4.770026773056063e-05 	 0.01569301012502676
10	2	2	1000	1.0 	 5.117456455570725e-05 	 0.00011224510041657263 	 10 	 2.7802368789875606e-06 	 0.0008187797608618329
10	2	2	10000	1.0 	 5.10721889150885e-06 	 1.1228605621143197e-05 	 10 	 2.780236878823663e-07 	 8.187797608135653e-05
10	3	2	100	0.5384615384615384 	 0.0019029248265134446 	 0.004331962131319745 	 10 	 9.799718899001544e-05 	 0.23411669744575195
10	3	2	1000	0.8181818181818182 	 0.0004865060638668074 	 0.002899597592265884 	 10 	 9.153094481310473e-05 	 0.19234532078068614
10	3	2	10000	1.0 	 0.00017305097327800352 	 0.0011847639295190545 	 10 	 3.7574519548249776e-05 	 0.011065696006959455
10	4	2	100	0.8181818181818182 	 0.014015621228625754 	 0.001389988131219672 	 10 	 2.0460231647052276e-05 	 0.007069066972901989
10	4	2	1000	0.8181818181818182 	 0.0004465016487143851 	 0.0001350177250597456 	 10 	 2.799210103541507e-06 	 0.0019011746066480845
10	4	2	10000	1.0 	 2.219479196983072e-05 	 1.3332936405660546e-05 	 10 	 2.8263742095039395e-07 	 8.323672046989109e-05
10	5	2	100	0.6666666666666666 	 0.015407244756877147 	 0.0030292511378157663 	 10 	 0.0001744273885147625 	 0.1672899957588623
10	5	2	1000	0.8181818181818182 	 0.00010434841178065044 	 0.0002532172697669959 	 10 	 1.167843292526029e-05 	 0.044482013580670846
10	5	2	10000	1.0 	 4.421763491475819e-05 	 0.0006423619780596293 	 10 	 9.91686639250964e-05 	 0.02923116778588799
10	6	2	100	0.8181818181818182 	 0.002906206634557839 	 0.0026918297593888996 	 10 	 2.2696200892982775e-05 	 0.01532586158163243
10	6	2	1000	1.0 	 0.00014832132434965386 	 0.0002582195535972904 	 10 	 2.4771290700972794e-06 	 0.0007295145111436506
10	6	2	10000	1.0 	 1.482598546642614e-05 	 2.5836728108884347e-05 	 10 	 2.477129070102799e-07 	 7.29514511145276e-05
10	7	2	100	0.8181818181818182 	 0.0009128674658026199 	 0.0016872529005262538 	 10 	 3.391102740106202e-05 	 0.10015086351431922
10	7	2	1000	1.0 	 6.83431252687189e-05 	 0.0001507554696522388 	 10 	 3.11239145228548e-06 	 0.0009497169955060178
10	7	2	10000	1.0 	 6.825707859753506e-06 	 1.5084700895097628e-05 	 10 	 3.224845595724774e-07 	 9.497170279409385e-05
10	8	2	100	0.42857142857142855 	 0.028658828289671142 	 0.002949621396733494 	 10 	 0.0005588337330254772 	 0.41095892922064037
10	8	2	1000	1.0 	 0.0006489554694079697 	 0.0001358432877819286 	 10 	 6.841928121930092e-06 	 0.0020149478319083976
10	8	2	10000	1.0 	 6.13132403402638e-05 	 1.3600257131331908e-05 	 10 	 6.841927467054378e-07 	 0.00020149476390474982
10	9	2	100	0.6666666666666666 	 0.0035375559799814722 	 0.0019470542278811505 	 10 	 2.4051859061110636e-05 	 0.04342229042327049
10	9	2	1000	1.0 	 0.00010873712414959319 	 0.00017572687590672174 	 10 	 2.6867556937920575e-06 	 0.0007912495518217612
10	9	2	10000	1.0 	 1.0904410798906498e-05 	 1.7595977488611965e-05 	 10 	 2.686755691414535e-07 	 7.912495511215807e-05
10	10	2	100	0.6666666666666666 	 0.013574459778214783 	 0.003120216622186729 	 10 	 3.0246705177030204e-05 	 0.06504601404642296
10	10	2	1000	1.0 	 0.00017550805473669294 	 0.00020464504261851683 	 10 	 2.0438735500672836e-06 	 0.0006019207604948106
10	10	2	10000	1.0 	 1.7835950416851825e-05 	 2.0504544057444497e-05 	 10 	 2.0438735500343433e-07 	 6.019207604851096e-05
