2	1	0	0	1.0 	 9.479144191782311e-18 	 4.674754578483231e-17 	 2 	 0.0 	 0.0
2	2	0	0	0.0 	 0.0022174461986662437 	 0.005686280389650246 	 2 	 0.00018554368959171116 	 1.0
2	4	0	0	1.0 	 0.0012695440977617354 	 0.014059050766330579 	 2 	 0.0002782025677076176 	 0.08415627673155404
2	5	0	0	0.3333333333333333 	 0.005929486176782168 	 0.018270019121181952 	 2 	 0.0009666111792042235 	 0.5044446362341142
2	6	0	0	0.3333333333333333 	 0.0036545072416896917 	 0.09609746263164569 	 2 	 0.0006764651591203929 	 0.27103933332280417
2	7	0	0	0.0 	 0.01378493686129648 	 0.02737133677746593 	 2 	 0.0005845450164941777 	 1.0
2	8	0	0	1.0 	 0.0005574289518414457 	 0.08726776044296818 	 2 	 0.0012247861616974374 	 0.42213343047680574
2	9	0	0	0.3333333333333333 	 0.006077948871176913 	 0.0059412932244339465 	 2 	 6.694935586388969e-05 	 0.020252180148826567
2	10	0	0	0.3333333333333333 	 0.029296607845132248 	 0.015252861475828999 	 2 	 8.661009877664708e-05 	 0.026199554879935645
3	1	0	0	0.2 	 0.013724179702066302 	 0.11193613000915881 	 3 	 0.0014646784343405766 	 1.0
3	2	0	0	0.2 	 0.004373522139187088 	 0.028053772751192817 	 3 	 0.0005273969363198942 	 0.4566316897184246
3	3	0	0	0.0 	 0.023681386757617853 	 0.12615478501935395 	 3 	 0.0006225492036349618 	 1.0
3	4	0	0	0.5 	 0.004253550445742443 	 0.01698220744342394 	 3 	 0.0007298236505742102 	 0.22004183064812544
3	5	0	0	0.2 	 0.018823081859779406 	 0.058610688442160386 	 3 	 0.0010942608828898419 	 1.0
3	6	0	0	0.2 	 0.023836349568664695 	 0.19764462827772644 	 3 	 0.0018693920321618748 	 0.5636216976968078
3	7	0	0	0.0 	 0.018320380821813934 	 0.04239496594733325 	 3 	 0.0006479682290529499 	 1.0
3	8	0	0	0.2 	 0.0018526151304887506 	 0.054798057163407576 	 3 	 0.001063344005264813 	 0.6427584438291192
3	9	0	0	0.0 	 0.007005588365313662 	 0.011534185415571205 	 3 	 7.420766769841249e-05 	 1.0
3	10	0	0	0.5 	 0.015966112317192794 	 0.07076594221070814 	 3 	 0.00044441915990970846 	 0.13399237671277772
5	1	0	0	0.1111111111111111 	 0.010517731508945713 	 0.05123432063313309 	 5 	 0.0021854688175507063 	 0.9407988682265701
5	2	0	0	0.25 	 0.00829490825313721 	 0.025074076981801047 	 5 	 0.0005577779765028844 	 0.5104008154228562
5	3	0	0	0.1111111111111111 	 0.01775727391195558 	 0.1689549758504504 	 5 	 0.0009974744128953593 	 0.7574352303398227
5	4	0	0	0.25 	 0.02164106670235542 	 0.11079592527737986 	 5 	 0.002210891998433599 	 1.0
5	5	0	0	0.1111111111111111 	 0.022787129525241846 	 0.08564740071968155 	 5 	 0.0011314316143575202 	 0.8195391860907668
5	6	0	0	0.25 	 0.019382712772575725 	 0.09732367142706663 	 5 	 0.000444919265229092 	 0.4269986363055185
5	7	0	0	0.1111111111111111 	 0.02773580234378494 	 0.047938442484538046 	 5 	 0.0014928956221092987 	 0.773544070153191
5	8	0	0	0.42857142857142855 	 0.0023265448437523395 	 0.0030700932606362277 	 5 	 0.00039455303336710613 	 0.39690553427305836
5	9	0	0	0.0 	 0.011649708859679229 	 0.017659066955207543 	 5 	 0.0007274399406598582 	 1.0
5	10	0	0	0.25 	 0.03072396632139976 	 0.13416986553362997 	 5 	 0.0010871584003933395 	 0.6671408609091938
7	1	0	0	0.16666666666666666 	 0.02927858532256125 	 0.12452179166129124 	 7 	 0.0025102644430446486 	 0.7468036718057857
7	2	0	0	0.2727272727272727 	 0.012153503057363345 	 0.02731894901619781 	 7 	 0.000874228518117221 	 0.589975276069079
7	3	0	0	0.0 	 0.038198791797712815 	 0.15798924266206008 	 7 	 0.0012936222143875814 	 1.0
7	4	0	0	0.16666666666666666 	 0.0489487043179492 	 0.12226364534604847 	 7 	 0.0027168653320524382 	 1.0
7	5	0	0	0.07692307692307693 	 0.030708878580709795 	 0.08645197105440769 	 7 	 0.002605301882210807 	 1.0
7	6	0	0	0.07692307692307693 	 0.03541111467765122 	 0.112655567918477 	 7 	 0.001023652531899081 	 0.7310898553410294
7	7	0	0	0.07692307692307693 	 0.044631236708420986 	 0.10888192182560948 	 7 	 0.002546776128929366 	 1.0
7	8	0	0	0.16666666666666666 	 0.016778880467946497 	 0.03958467808698098 	 7 	 0.0008900909277616504 	 0.7340286753580293
7	9	0	0	0.0 	 0.028519256389612543 	 0.053800506027382775 	 7 	 0.0011331675799974206 	 1.0
7	10	0	0	0.4 	 0.02692624544247629 	 0.09659848136702186 	 7 	 0.0005320332734849863 	 0.36667657920733865
10	1	0	0	0.1111111111111111 	 0.047972055285792264 	 0.10401518902621178 	 10 	 0.0015891862768083514 	 0.9999998998153278
10	2	0	0	0.05263157894736842 	 0.03306591497610112 	 0.07269573583964657 	 10 	 0.002024679506333251 	 0.8786730334038918
10	3	0	0	0.0 	 0.052991392286334725 	 0.17470859778078446 	 10 	 0.001412049595376161 	 1.0
10	4	0	0	0.17647058823529413 	 0.050034778296053954 	 0.09544282355048919 	 10 	 0.002251787326442426 	 1.0
10	5	0	0	0.1111111111111111 	 0.05193586899136408 	 0.09018117013480029 	 10 	 0.0027824175780894675 	 1.0
10	6	0	0	0.05263157894736842 	 0.07695553350969309 	 0.16764906376290067 	 10 	 0.0017062338272666956 	 0.9999999356552884
10	7	0	0	0.05263157894736842 	 0.05422487374195351 	 0.10851580012833056 	 10 	 0.0027145371764603025 	 1.0
10	8	0	0	0.25 	 0.03101191019373747 	 0.07815188652970959 	 10 	 0.0022199227263685365 	 0.817944650514526
10	9	0	0	0.05263157894736842 	 0.04532009345549306 	 0.10933691070990635 	 10 	 0.0011875374210340067 	 0.8670488680540125
10	10	0	0	0.17647058823529413 	 0.047226436123979004 	 0.140937627663863 	 10 	 0.0015131355117293571 	 0.8125074062604567
2	1	1	100	0.3333333333333333 	 0.00576736064349454 	 0.05502067154395078 	 2 	 2.596110670430004e-05 	 0.7619852576810539
2	1	1	1000	1.0 	 3.43307063989907e-06 	 4.273033131873577e-05 	 2 	 2.4568942940741477e-07 	 7.432105239574271e-05
2	1	1	10000	1.0 	 3.433465105060762e-07 	 4.273329435842038e-06 	 2 	 2.4568942940585494e-08 	 7.432105239527087e-06
2	2	1	100	0.0 	 0.0008327682438290936 	 0.004848545845313573 	 2 	 9.166823326258746e-07 	 1.0
2	2	1	1000	0.0 	 0.0008290953787594344 	 0.0048550605107566145 	 2 	 1.9524317262359574e-06 	 1.0
2	2	1	10000	0.0 	 0.0008296616784430198 	 0.004862375125318489 	 2 	 2.265370443665108e-06 	 1.0
2	3	1	100	0.0 	 0.03588152955052265 	 0.3330039120343017 	 2 	 0.0005359775983850203 	 1.0
2	3	1	1000	0.0 	 0.03589029730586104 	 0.3322157438426921 	 2 	 0.0005359775983850203 	 1.0
2	3	1	10000	0.0 	 0.03592343239915937 	 0.3321367275989397 	 2 	 0.0005359775983850203 	 1.0
2	4	1	100	0.3333333333333333 	 0.0044833958759943875 	 0.010730800569389734 	 2 	 0.00034914996748629885 	 0.10561786516460508
2	4	1	1000	0.3333333333333333 	 0.0035846749381467416 	 0.010730800569389643 	 2 	 0.00034914996748629923 	 0.10561786516460518
2	4	1	10000	0.3333333333333333 	 0.0036653947620763606 	 0.010730800569389643 	 2 	 0.00034914996748629923 	 0.10561786516460518
2	5	1	100	0.3333333333333333 	 0.005929486176782168 	 0.01513492102268559 	 2 	 0.0011349559326496493 	 0.5045147883664455
2	5	1	1000	0.3333333333333333 	 0.00592856218831416 	 0.015129621940306285 	 2 	 0.0011394604470696614 	 0.5031521727543917
2	5	1	10000	0.3333333333333333 	 0.005928282396248697 	 0.015128017594224455 	 2 	 0.0011394002358534757 	 0.503170386647288
2	6	1	100	0.3333333333333333 	 0.008290149973844892 	 0.175934797017698 	 2 	 0.0015918965136256778 	 0.5024639849413822
2	6	1	1000	0.3333333333333333 	 0.008303322603880748 	 0.1763762137433196 	 2 	 0.0015967195133314927 	 0.5024639849413822
2	6	1	10000	0.3333333333333333 	 0.00830463772202224 	 0.17642034726600195 	 2 	 0.001597201813302074 	 0.5024639849413822
2	7	1	100	0.3333333333333333 	 0.0022634950148210068 	 0.023026333539282032 	 2 	 0.00038685150522390846 	 0.501436137310711
2	7	1	1000	0.3333333333333333 	 0.0022634950148210068 	 0.022703011356603946 	 2 	 0.0003864749927172408 	 0.498449967656022
2	7	1	10000	0.3333333333333333 	 0.0022634950148210068 	 0.02267068934220438 	 2 	 0.00038548782919503 	 0.4981513506905533
2	8	1	100	0.3333333333333333 	 0.005982674822082035 	 0.04607311358286344 	 2 	 0.0008232943873720378 	 0.24904647134273183
2	8	1	1000	0.3333333333333333 	 0.005982715618100779 	 0.04607311357640176 	 2 	 0.0008232943760101262 	 0.24904646876172173
2	8	1	10000	0.3333333333333333 	 0.005982720414411549 	 0.0460731135756253 	 2 	 0.000823294374660959 	 0.2490464684552403
2	9	1	100	0.0 	 0.0011166938264846236 	 0.055854513398850794 	 2 	 6.325972867323968e-05 	 1.0
2	9	1	1000	0.0 	 0.0011166938264846236 	 0.05721194921272192 	 2 	 8.106624476810833e-05 	 1.0
2	9	1	10000	0.0 	 0.0011166938264846236 	 0.05734780945136131 	 2 	 8.284690435354473e-05 	 1.0
2	10	1	100	0.3333333333333333 	 0.01112655073637408 	 0.12800574025725311 	 2 	 0.0008492286255915042 	 0.4253905794916157
2	10	1	1000	0.3333333333333333 	 0.01112655073637408 	 0.12877859507879763 	 2 	 0.0008584693836615631 	 0.42539057949161574
2	10	1	10000	0.3333333333333333 	 0.01112655073637408 	 0.12885654191324422 	 2 	 0.0008594013011188413 	 0.42539057949161574
3	1	1	100	0.0 	 0.009668759217373113 	 0.17588005161030607 	 3 	 0.001450571574711052 	 1.0
3	1	1	1000	0.0 	 0.00947331057656458 	 0.17613196341253307 	 3 	 0.00145291651082034 	 1.0
3	1	1	10000	0.0 	 0.00976389912177152 	 0.17615715941093296 	 3 	 0.0014531510044312698 	 1.0
3	2	1	100	0.2 	 0.007972718153371383 	 0.023488715421452144 	 3 	 0.0003499826517873102 	 0.6007776802628967
3	2	1	1000	0.2 	 0.007952417779556588 	 0.023359746301322273 	 3 	 0.00032939399822007185 	 0.5929010777421962
3	2	1	10000	0.2 	 0.007950415380972275 	 0.02334647426587967 	 3 	 0.00032730857751875895 	 0.5921054326595832
3	3	1	100	0.0 	 0.02897218683880729 	 0.12393985935215589 	 3 	 0.00041099585794307497 	 1.0
3	3	1	1000	0.0 	 0.027916213885598798 	 0.11974799317627001 	 3 	 0.00039138567382295333 	 1.0
3	3	1	10000	0.0 	 0.027724807449714946 	 0.11932659915664501 	 3 	 0.00038942465541093026 	 1.0
3	4	1	100	0.5 	 0.004047761536209823 	 0.013444617646826197 	 3 	 0.00047606603378546616 	 0.14353390918631873
3	4	1	1000	0.5 	 0.004053847211798894 	 0.012957370203248612 	 3 	 0.0004488529122930921 	 0.13532915305636792
3	4	1	10000	0.5 	 0.00458476841748624 	 0.012908416119861035 	 3 	 0.0004461316001438554 	 0.13450867744337305
3	5	1	100	0.2 	 0.017869067130912002 	 0.020041888878813776 	 3 	 0.0011635510642118178 	 0.4992528880574789
3	5	1	1000	0.2 	 0.01663945490712469 	 0.019315111570097594 	 3 	 0.0011454723052570588 	 0.4938021422326192
3	5	1	10000	0.2 	 0.016626646189717813 	 0.019239057417264248 	 3 	 0.0011439904101242667 	 0.4933553508500823
3	6	1	100	0.2 	 0.02292563841480693 	 0.14455034203468314 	 3 	 0.001169453781802539 	 0.5410321370428126
3	6	1	1000	0.2 	 0.022956198019544186 	 0.12286365121843475 	 3 	 0.001084874224976877 	 0.5410321370428126
3	6	1	10000	0.2 	 0.021054001270321105 	 0.12290097336749768 	 3 	 0.0010852777035349579 	 0.5410321370428127
3	7	1	100	0.2 	 0.0073111362496259555 	 0.052607053965296614 	 3 	 0.0006648601951108092 	 0.6523845328084401
3	7	1	1000	0.2 	 0.0073111362496259555 	 0.05281075770052504 	 3 	 0.0006688798650567606 	 0.6528253666977466
3	7	1	10000	0.2 	 0.0073111362496259555 	 0.05283112745246175 	 3 	 0.0006692818320513554 	 0.6528694500866774
3	8	1	100	0.5 	 0.006193810223603996 	 0.03007124805367551 	 3 	 0.0017750070829092748 	 0.6189933143458348
3	8	1	1000	0.5 	 0.006193990387426642 	 0.030071248053675486 	 3 	 0.0017750070829092748 	 0.6189933143458349
3	8	1	10000	0.5 	 0.006194178183258109 	 0.030071248053675486 	 3 	 0.0017750070829092748 	 0.6189933143458349
3	9	1	100	0.0 	 0.008048621068715395 	 0.06400423901548696 	 3 	 0.0009310299243469944 	 1.0
3	9	1	1000	0.0 	 0.008083959184718315 	 0.06432832742366494 	 3 	 0.0009379647548521512 	 1.0
3	9	1	10000	0.0 	 0.008113370337966108 	 0.06436074674852156 	 3 	 0.0009386582379026659 	 1.0
3	10	1	100	0.2 	 0.011158773731770173 	 0.1053537358681955 	 3 	 0.0008664920137103473 	 0.5276749088766317
3	10	1	1000	0.2 	 0.01175203886652884 	 0.10695995075383716 	 3 	 0.0008732951680992959 	 0.5276749088766317
3	10	1	10000	0.2 	 0.01183558793575683 	 0.10712060948181544 	 3 	 0.0008739754835381912 	 0.5276749088766317
5	1	1	100	0.1111111111111111 	 0.018182668776033105 	 0.11139719281867497 	 5 	 0.001402020674941201 	 0.899009771844513
5	1	1	1000	0.1111111111111111 	 0.0181892731301521 	 0.11127529261938834 	 5 	 0.0014020144224425012 	 0.8990095827330695
5	1	1	10000	0.1111111111111111 	 0.01818915650177079 	 0.1112631468369654 	 5 	 0.0014020204048874664 	 0.899009763676553
5	2	1	100	0.25 	 0.017313421275419166 	 0.04189991630206768 	 5 	 0.0018973994720950104 	 0.8904805527975045
5	2	1	1000	0.25 	 0.017315066813653197 	 0.041642040252958853 	 5 	 0.0018740481433126492 	 0.8834868167016563
5	2	1	10000	0.25 	 0.017315203371051 	 0.04161625107935096 	 5 	 0.0018717124093825064 	 0.882787262309302
5	3	1	100	0.0 	 0.026021685497177476 	 0.17584355067049393 	 5 	 0.0006764339809396566 	 1.0
5	3	1	1000	0.1111111111111111 	 0.025967178793352554 	 0.17264090024290799 	 5 	 0.0005075260814749471 	 0.720646525725638
5	3	1	10000	0.1111111111111111 	 0.02595583944950655 	 0.17267689038060294 	 5 	 0.0005082114945628106 	 0.720646525724626
5	4	1	100	0.25 	 0.02579529468356461 	 0.10834918741524319 	 5 	 0.0016180258628650844 	 0.8054113856698232
5	4	1	1000	0.25 	 0.025800865716619163 	 0.10898740603948193 	 5 	 0.001633020015063808 	 0.809902134253341
5	4	1	10000	0.25 	 0.025792950638841322 	 0.10905126357703634 	 5 	 0.0016345194302022016 	 0.8103512090872897
5	5	1	100	0.1111111111111111 	 0.02693294518619944 	 0.05052929515574542 	 5 	 0.0009647061545325737 	 1.0
5	5	1	1000	0.1111111111111111 	 0.027954085884857812 	 0.050908110791898935 	 5 	 0.0007695654965261858 	 1.0
5	5	1	10000	0.1111111111111111 	 0.027771560429339488 	 0.050896901394373764 	 5 	 0.0007685038709202163 	 1.0
5	6	1	100	0.1111111111111111 	 0.029211320743566152 	 0.13220423922019142 	 5 	 0.0012945022673299807 	 0.6953604040631085
5	6	1	1000	0.1111111111111111 	 0.028919385600788224 	 0.1325615740046782 	 5 	 0.0012945022673299807 	 0.6953604040631084
5	6	1	10000	0.1111111111111111 	 0.02641845622527738 	 0.13259719641620438 	 5 	 0.0012945022673299805 	 0.6953604040631084
5	7	1	100	0.1111111111111111 	 0.02252888442141877 	 0.07753332269472835 	 5 	 0.0013945197708722225 	 0.7485285826018268
5	7	1	1000	0.1111111111111111 	 0.022326874721905976 	 0.07766804345809188 	 5 	 0.0014106058017943146 	 0.7485286104976666
5	7	1	10000	0.1111111111111111 	 0.022322564588944997 	 0.07767931566447314 	 5 	 0.0014122393637919582 	 0.7485286101192422
5	8	1	100	0.6666666666666666 	 0.002412458009920433 	 0.023706689023177015 	 5 	 0.0008973875655366001 	 0.3934951173265425
5	8	1	1000	0.25 	 0.00350696021398482 	 0.02039124356336984 	 5 	 0.001019237451648503 	 0.7057520774053886
5	8	1	10000	0.1111111111111111 	 0.002493250045856567 	 0.021137764123622532 	 5 	 0.001469722536683507 	 1.0
5	9	1	100	0.0 	 0.027292003415301885 	 0.058046095007200704 	 5 	 0.0019971337731553465 	 1.0
5	9	1	1000	0.0 	 0.027320883925257673 	 0.058046095007200704 	 5 	 0.0019971337731553465 	 1.0
5	9	1	10000	0.0 	 0.028215015755990263 	 0.058046095007200704 	 5 	 0.0019971337731553465 	 1.0
5	10	1	100	0.1111111111111111 	 0.04473166797018984 	 0.12047186870288012 	 5 	 0.0009690050031973981 	 0.5625702877468047
5	10	1	1000	0.1111111111111111 	 0.04458550196853481 	 0.1214108987667361 	 5 	 0.0009754258225054759 	 0.5625702877468047
5	10	1	10000	0.1111111111111111 	 0.0429160018207245 	 0.12150324207382707 	 5 	 0.0009760679044452816 	 0.5625702877468048
7	1	1	100	0.07692307692307693 	 0.02664194563266155 	 0.10175611846250115 	 7 	 0.0013027493191379508 	 0.9207785444345247
7	1	1	1000	0.07692307692307693 	 0.026589062178115498 	 0.10142991919586213 	 7 	 0.0013027505121068538 	 0.9207785729174001
7	1	1	10000	0.07692307692307693 	 0.026583706461419707 	 0.10139725754381111 	 7 	 0.0013027505961512816 	 0.9207785749228747
7	2	1	100	0.07692307692307693 	 0.02129998906702511 	 0.035834651152164027 	 7 	 0.0015699791714123821 	 1.0
7	2	1	1000	0.07692307692307693 	 0.02185462649427485 	 0.035447863914184856 	 7 	 0.0015204063135350557 	 1.0
7	2	1	10000	0.07692307692307693 	 0.020967441969731514 	 0.0354404622811986 	 7 	 0.001519344692613721 	 1.0
7	3	1	100	0.0 	 0.04408646536874208 	 0.17992342755485294 	 7 	 0.0016929641738390976 	 1.0
7	3	1	1000	0.0 	 0.04112720516018765 	 0.18074772996120758 	 7 	 0.0017000146974455886 	 1.0
7	3	1	10000	0.0 	 0.04232323420060851 	 0.1808302385693789 	 7 	 0.0017007198923856255 	 1.0
7	4	1	100	0.16666666666666666 	 0.03827342925944056 	 0.1109981642026173 	 7 	 0.0016119226014425989 	 1.0
7	4	1	1000	0.16666666666666666 	 0.03836509843658226 	 0.11058916437886564 	 7 	 0.0016119226014425989 	 1.0
7	4	1	10000	0.16666666666666666 	 0.03887260339782665 	 0.11054824369663357 	 7 	 0.0016119226014425989 	 1.0
7	5	1	100	0.16666666666666666 	 0.024678956069469512 	 0.025154915740711617 	 7 	 0.0006483781838693137 	 0.37478440316359374
7	5	1	1000	0.16666666666666666 	 0.02360695457760978 	 0.03660554345832222 	 7 	 0.000521150458048634 	 0.6130222883532876
7	5	1	10000	0.16666666666666666 	 0.024882267223261284 	 0.036611362056497246 	 7 	 0.0005211876727782402 	 0.6130333597353455
7	6	1	100	0.07692307692307693 	 0.0438905262140605 	 0.19353956652022017 	 7 	 0.0015585796535277955 	 0.7760063966479989
7	6	1	1000	0.07692307692307693 	 0.04423225100700437 	 0.19418827209186182 	 7 	 0.0015657322070052383 	 0.7760063966479989
7	6	1	10000	0.07692307692307693 	 0.0439983394936799 	 0.19422519255936888 	 7 	 0.0015665278256987646 	 0.7760063966479989
7	7	1	100	0.07692307692307693 	 0.04463877460208895 	 0.11675277865761316 	 7 	 0.0027193400221434566 	 1.0
7	7	1	1000	0.07692307692307693 	 0.044650434811782325 	 0.11675277865761317 	 7 	 0.0027193400221434566 	 1.0
7	7	1	10000	0.07692307692307693 	 0.044621350082930104 	 0.11675277865761317 	 7 	 0.0027193400221434566 	 1.0
7	8	1	100	0.16666666666666666 	 0.017795251848610763 	 0.029517335534872794 	 7 	 0.0016504114184969123 	 0.9309801124509383
7	8	1	1000	0.07692307692307693 	 0.019004450493749898 	 0.031128458074728336 	 7 	 0.0019334934975385415 	 0.9999962313890298
7	8	1	10000	0.16666666666666666 	 0.017330964513060598 	 0.018327202723344406 	 7 	 0.001598110207965348 	 0.9309801032483117
7	9	1	100	0.07692307692307693 	 0.032628950645291935 	 0.06130402608353903 	 7 	 0.0020766874864656054 	 0.8668676519545804
7	9	1	1000	0.0 	 0.0443980838956103 	 0.07651627976976413 	 7 	 0.002524191177374577 	 1.0
7	9	1	10000	0.07692307692307693 	 0.034193652384006415 	 0.0632153304508163 	 7 	 0.0021334275040569817 	 0.8837478071880149
7	10	1	100	0.16666666666666666 	 0.04389001305125965 	 0.12505779491138536 	 7 	 0.0017680407732531232 	 0.7573692737499365
7	10	1	1000	0.16666666666666666 	 0.044135229101120214 	 0.12579614433046132 	 7 	 0.0017680407732531232 	 0.7573692737499365
7	10	1	10000	0.16666666666666666 	 0.043959877522754244 	 0.12581491106212747 	 7 	 0.0017680407732531232 	 0.7573692737499365
10	1	1	100	0.05263157894736842 	 0.054228676639093205 	 0.13887134864841638 	 10 	 0.002037555575357929 	 1.0
10	1	1	1000	0.05263157894736842 	 0.05996585327906138 	 0.13376247922407178 	 10 	 0.0018067085018862678 	 1.0
10	1	1	10000	0.05263157894736842 	 0.05911885615289285 	 0.13370206765795797 	 10 	 0.001806708501886268 	 1.0
10	2	1	100	0.1111111111111111 	 0.038776216435365454 	 0.11269716468951754 	 10 	 0.0028263628114220864 	 0.9777986751508396
10	2	1	1000	0.1111111111111111 	 0.03851730919291353 	 0.11269716468951754 	 10 	 0.0028263628114220864 	 0.9777986751508396
10	2	1	10000	0.05263157894736842 	 0.038550499186949534 	 0.10993237410121261 	 10 	 0.0028263628114220873 	 1.0
10	3	1	100	0.0 	 0.05078290462842165 	 0.17333540184533763 	 10 	 0.0017774207005765074 	 1.0
10	3	1	1000	0.0 	 0.04942313205413805 	 0.1755541405002187 	 10 	 0.0018063805936038113 	 1.0
10	3	1	10000	0.0 	 0.04970023486197587 	 0.1758000856590358 	 10 	 0.0018076919433145482 	 1.0
10	4	1	100	0.17647058823529413 	 0.05391481050485879 	 0.10711340371368845 	 10 	 0.0021227037951423227 	 0.9212014673086544
10	4	1	1000	0.17647058823529413 	 0.05317969034388103 	 0.10775513936517236 	 10 	 0.002138120823030483 	 0.9232222051362399
10	4	1	10000	0.17647058823529413 	 0.05451224503756976 	 0.10790173952185976 	 10 	 0.0021416405269161546 	 0.9238755129062374
10	5	1	100	0.1111111111111111 	 0.050558627104715974 	 0.060826923059204605 	 10 	 0.001482676683478156 	 0.7607430762087487
10	5	1	1000	0.1111111111111111 	 0.0500728700905608 	 0.06063816981680043 	 10 	 0.001473094987241208 	 0.7579212666669675
10	5	1	10000	0.1111111111111111 	 0.050574566758453926 	 0.0606193401152003 	 10 	 0.001472138141263559 	 0.75763947552655
10	6	1	100	0.05263157894736842 	 0.08199781967425246 	 0.1751281952133842 	 10 	 0.00164058434239768 	 0.8583653109814556
10	6	1	1000	0.05263157894736842 	 0.08147921794558859 	 0.17619307329354486 	 10 	 0.001621410248382831 	 0.858365310915743
10	6	1	10000	0.05263157894736842 	 0.08181202706503943 	 0.1762638842653656 	 10 	 0.0016188924978894632 	 0.8583653537330873
10	7	1	100	0.1111111111111111 	 0.04250611275606845 	 0.07974741917891295 	 10 	 0.0018790977674238698 	 0.7182310367586843
10	7	1	1000	0.1111111111111111 	 0.039705766893573545 	 0.0945230824423486 	 10 	 0.002173084135964486 	 0.8537130880520738
10	7	1	10000	0.1111111111111111 	 0.04121149497636683 	 0.09476739284352804 	 10 	 0.0021755513395897586 	 0.8537130880520738
10	8	1	100	0.1111111111111111 	 0.03434717939824637 	 0.07601929185083119 	 10 	 0.002359141686121703 	 1.0
10	8	1	1000	0.1111111111111111 	 0.0356558257748195 	 0.07581648572419017 	 10 	 0.0023591416861217032 	 1.0
10	8	1	10000	0.05263157894736842 	 0.03606123813213806 	 0.07591475002618539 	 10 	 0.0023591416861217032 	 1.0
10	9	1	100	0.0 	 0.05936185497412236 	 0.13761746717212286 	 10 	 0.001833628843104511 	 1.0
10	9	1	1000	0.0 	 0.06725070987137237 	 0.15268072461348275 	 10 	 0.0025000373836548693 	 1.0
10	9	1	10000	0.0 	 0.06756167861063632 	 0.15344097301838516 	 10 	 0.002534230273123246 	 1.0
10	10	1	100	0.05263157894736842 	 0.05790819515227171 	 0.15134442893024064 	 10 	 0.002057215156985938 	 0.8480498668336847
10	10	1	1000	0.05263157894736842 	 0.060245274023911624 	 0.14321176188130555 	 10 	 0.001522579363235977 	 0.8480498668336847
10	10	1	10000	0.1111111111111111 	 0.06083627512226658 	 0.15273464750364169 	 10 	 0.002104619835663303 	 0.8480498668336847
2	1	2	100	1.0 	 3.6967115324195486e-05 	 0.0005805508816530317 	 2 	 3.4891092360585484e-06 	 0.0010554555439077073
2	1	2	1000	1.0 	 3.7006292492952044e-06 	 5.811261975757087e-05 	 2 	 3.489109236058457e-07 	 0.00010554555439076796
2	1	2	10000	1.0 	 3.7010221306727956e-07 	 5.811838355265984e-06 	 2 	 3.489109236031848e-08 	 1.0554555438996305e-05
2	2	2	100	0.0 	 0.002217428679119402 	 0.005686280389650246 	 2 	 0.00018554368959171116 	 1.0
2	2	2	1000	0.0 	 0.0022178827503631687 	 0.005686280389650246 	 2 	 0.00018554368959171116 	 1.0
2	2	2	10000	0.0 	 0.0022173715440945885 	 0.005686280389650246 	 2 	 0.00018554368959171116 	 1.0
2	3	2	100	0.0 	 0.0020741256360820694 	 0.44889530185217597 	 2 	 0.0014197663943867176 	 1.0
2	3	2	1000	0.0 	 0.0020741256360820694 	 0.4430684260943949 	 2 	 0.00140556914098549 	 1.0
2	3	2	10000	0.0 	 0.0020741256360820694 	 0.44248835312370466 	 2 	 0.001404149415645367 	 1.0
2	4	2	100	1.0 	 0.0013336306201089888 	 0.013162390210496328 	 2 	 0.00022348474231064094 	 0.06760413454896866
2	4	2	1000	1.0 	 0.0012760239362806115 	 0.013969821790508631 	 2 	 0.0002727142561563628 	 0.08249606248729946
2	4	2	10000	1.0 	 0.0012700347399786371 	 0.014049440078778853 	 2 	 0.00027765373655248555 	 0.08399025530712659
2	5	2	100	0.3333333333333333 	 0.005929486176782168 	 0.018270019121181955 	 2 	 0.0009664195442032771 	 0.5045026058219004
2	5	2	1000	0.3333333333333333 	 0.005929486176782168 	 0.018270019121181952 	 2 	 0.0009665721543737642 	 0.5044564412453281
2	5	2	10000	0.3333333333333333 	 0.005929486176782168 	 0.018270019121181952 	 2 	 0.0009664940731809325 	 0.5044800608061597
2	6	2	100	0.3333333333333333 	 0.0006959590597997071 	 0.0026664793349500384 	 2 	 3.3682105185868838e-06 	 0.2710393333228041
2	6	2	1000	0.3333333333333333 	 0.0036492991559800305 	 0.09627459706406698 	 2 	 0.0006781408036656252 	 0.2710393333228042
2	6	2	10000	0.3333333333333333 	 0.003653986655795162 	 0.09611517313541779 	 2 	 0.0006766327234627182 	 0.27103933332280405
2	7	2	100	0.0 	 0.01378493686129648 	 0.027377776801522858 	 2 	 0.0005862851828555594 	 1.0
2	7	2	1000	0.0 	 0.01378493686129648 	 0.02737198078870012 	 2 	 0.0005847190331303601 	 1.0
2	8	2	100	1.0 	 0.0005636482819132222 	 0.08734805743483984 	 2 	 0.0012252595229645664 	 0.42227662226011237
2	8	2	1000	1.0 	 0.0005580509742689595 	 0.08727579044919502 	 2 	 0.00122483349782415 	 0.4221477496551363
2	8	2	10000	1.0 	 0.0005574911549785326 	 0.08726856344666119 	 2 	 0.0012247908953101076 	 0.42213486239463854
2	9	2	100	0.3333333333333333 	 0.005514665422381393 	 0.007665703509245678 	 2 	 6.694935586388931e-05 	 1.0
2	9	2	1000	0.3333333333333333 	 0.006089626342730543 	 0.0059412932244339465 	 2 	 6.694935586388969e-05 	 0.020252180148826567
2	9	2	10000	0.3333333333333333 	 0.006080469005089535 	 0.0059412932244339465 	 2 	 6.694935586388969e-05 	 0.020252180148826567
2	10	2	100	0.3333333333333333 	 0.029974432395014974 	 0.021732103891970736 	 2 	 8.661009877664708e-05 	 0.026199554879935645
2	10	2	1000	0.3333333333333333 	 0.02949895030467376 	 0.01605325618863225 	 2 	 8.661009877664708e-05 	 0.026199554879935645
2	10	2	10000	0.3333333333333333 	 0.029551500735627297 	 0.015791358107463967 	 2 	 8.661009877664708e-05 	 0.026199554879935645
3	1	2	100	0.2 	 0.01382429212512744 	 0.11193613000915888 	 3 	 0.0014646784343405764 	 1.0
3	1	2	1000	0.2 	 0.013582511902573846 	 0.11193613000915881 	 3 	 0.0014646784343405766 	 1.0
3	1	2	10000	0.2 	 0.013673799844655572 	 0.11193613000915881 	 3 	 0.0014646784343405766 	 1.0
3	2	2	100	0.2 	 0.0037192013552965557 	 0.028423865860858433 	 3 	 0.0005374056156032874 	 0.45663168971842466
3	2	2	1000	0.2 	 0.004538619220309092 	 0.028092034613020758 	 3 	 0.0005284315544889799 	 0.4566316897184246
3	2	2	10000	0.2 	 0.004533078641900033 	 0.028057614075622284 	 3 	 0.0005275008061975713 	 0.45663168971842455
3	3	2	100	0.0 	 0.02369436866964432 	 0.12803786478084392 	 3 	 0.0006225492036349619 	 1.0
3	3	2	1000	0.0 	 0.02358198176845305 	 0.12634248309812987 	 3 	 0.0006225492036349617 	 1.0
3	3	2	10000	0.0 	 0.024563001585947337 	 0.12617354874997921 	 3 	 0.0006225492036349618 	 1.0
3	4	2	100	0.5 	 0.004350313191950239 	 0.017107638105679376 	 3 	 0.0007298236505742102 	 0.22004183064812544
3	4	2	1000	0.5 	 0.004568429224330112 	 0.016994880465045537 	 3 	 0.0007298236505742101 	 0.22004183064812538
3	4	2	10000	0.5 	 0.004877470639580689 	 0.01698347605279326 	 3 	 0.0007298236505742102 	 0.22004183064812544
3	5	2	100	0.2 	 0.01786291236528379 	 0.06240945694450547 	 3 	 0.001094243558162428 	 0.9999974243588268
3	5	2	1000	0.2 	 0.018409900686727904 	 0.058610688442160386 	 3 	 0.0010942608828898419 	 1.0
3	5	2	10000	0.2 	 0.018226769988399238 	 0.058610688442160386 	 3 	 0.0010942608828898419 	 1.0
3	6	2	100	0.2 	 0.024535218653263326 	 0.19764462827772644 	 3 	 0.0018693920321618748 	 0.5636216976968078
3	6	2	1000	0.2 	 0.024978840847277067 	 0.19764462827772644 	 3 	 0.0018693920321618748 	 0.5636216976968078
3	6	2	10000	0.2 	 0.02491207372912691 	 0.19764462827772644 	 3 	 0.0018693920321618748 	 0.5636216976968078
3	7	2	100	0.0 	 0.018320380821813934 	 0.042645273123918886 	 3 	 0.0006429603478186831 	 1.0
3	7	2	1000	0.0 	 0.018320380821813934 	 0.04242000005061541 	 3 	 0.0006474674409295226 	 1.0
3	7	2	10000	0.0 	 0.018320380821813934 	 0.0423974693915227 	 3 	 0.000647918150240607 	 1.0
3	8	2	100	0.2 	 0.0014202554817679158 	 0.05368337345777236 	 3 	 0.0009775274504116188 	 0.6427584438291191
3	8	2	1000	0.2 	 0.0018337616928324463 	 0.05468032796344582 	 3 	 0.001063344005264813 	 0.6427584438291192
3	8	2	10000	0.2 	 0.00185073437012049 	 0.054786284788495655 	 3 	 0.0010633440052648128 	 0.6427584438291192
3	9	2	100	0.0 	 0.007005960898630888 	 0.011690249583778815 	 3 	 7.682470245552293e-05 	 1.0
3	9	2	1000	0.0 	 0.00665756416928714 	 0.012341403408983286 	 3 	 8.774078001511662e-05 	 1.0
3	9	2	10000	0.0 	 0.006656969922386106 	 0.007955948297467813 	 3 	 3.4134641170858095e-05 	 1.0
3	10	2	100	0.5 	 0.015552931727728078 	 0.07188736155374659 	 3 	 0.000465026345576171 	 0.14020544319121617
3	10	2	1000	0.5 	 0.016029552574561824 	 0.07086593561433645 	 3 	 0.00044647242578586306 	 0.13461143637443831
3	10	2	10000	0.5 	 0.016389375088333824 	 0.07077572479963669 	 3 	 0.0004446243461872176 	 0.1340542403754467
5	1	2	100	0.1111111111111111 	 0.010065322571512637 	 0.05123432063313309 	 5 	 0.0021854688175507063 	 0.9407988682265701
5	1	2	1000	0.1111111111111111 	 0.010500060129621224 	 0.05123432063313309 	 5 	 0.0021854688175507063 	 0.9407988682265701
5	1	2	10000	0.1111111111111111 	 0.010412320168884909 	 0.05123432063313309 	 5 	 0.0021854688175507063 	 0.9407988682265701
5	2	2	100	0.25 	 0.008370993157637664 	 0.02448877672770982 	 5 	 0.0005459036184208935 	 0.5044334892429851
5	2	2	1000	0.25 	 0.008302581915077368 	 0.02501569828510435 	 5 	 0.000556590540694686 	 0.5098040828048691
5	2	2	10000	0.25 	 0.008295989180084817 	 0.025068458840796552 	 5 	 0.0005576592329220641 	 0.5103411421610574
5	3	2	100	0.1111111111111111 	 0.018598722104717715 	 0.16815005753867024 	 5 	 0.0010039225933445505 	 0.7542583261231486
5	3	2	1000	0.1111111111111111 	 0.016703155764523428 	 0.16887442338633304 	 5 	 0.0009981192309402773 	 0.7571175399181556
5	3	2	10000	0.1111111111111111 	 0.01790257337850337 	 0.1689469199972069 	 5 	 0.000997538894699852 	 0.7574034612976555
5	4	2	100	0.25 	 0.021824048589271946 	 0.11005731490388974 	 5 	 0.002193859504564687 	 1.0
5	4	2	1000	0.25 	 0.02148535124197671 	 0.11072202519986704 	 5 	 0.0022091887490467083 	 1.0
5	4	2	10000	0.25 	 0.021739866196604382 	 0.1107885348789999 	 5 	 0.0022107216734949075 	 1.0
5	5	2	100	0.1111111111111111 	 0.02356328998064257 	 0.08524203421393338 	 5 	 0.0011314316143575202 	 0.8195391860907669
5	5	2	1000	0.25 	 0.022211586167847127 	 0.08560597162814239 	 5 	 0.00113143161435752 	 0.8195391860907668
5	5	2	10000	0.25 	 0.022177494420042233 	 0.08564326641507068 	 5 	 0.0011314316143575197 	 0.8195391860907668
5	6	2	100	0.25 	 0.019403417797514862 	 0.09881790162420083 	 5 	 0.0004479964194013128 	 0.431638720451732
5	6	2	1000	0.25 	 0.01938522372390858 	 0.09747307311006587 	 5 	 0.0004452268211441378 	 0.4274628307447982
5	6	2	10000	0.25 	 0.01938288208404708 	 0.09733861022340241 	 5 	 0.0004449500189687058 	 0.42704505397274234
5	7	2	100	0.1111111111111111 	 0.02899436087169889 	 0.04773223789120794 	 5 	 0.00147950876851306 	 0.7695347075011176
5	7	2	1000	0.1111111111111111 	 0.029089715159787123 	 0.04791781918420312 	 5 	 0.0014915569367496913 	 0.7731431338879886
5	7	2	10000	0.1111111111111111 	 0.029332098414217606 	 0.04793638012609036 	 5 	 0.001492761753573346 	 0.7735039765266731
5	8	2	100	0.42857142857142855 	 0.002498217605395247 	 0.003515191017011504 	 5 	 0.00042349900506431873 	 0.4055748527963737
5	8	2	1000	0.42857142857142855 	 0.0023432156866076215 	 0.003114678491465913 	 5 	 0.0003972839335554318 	 0.397723438879462
5	8	2	10000	0.42857142857142855 	 0.0023282321990673715 	 0.003074552546056152 	 5 	 0.000394877445103743 	 0.39700269558818113
5	9	2	100	0.0 	 0.01141346223172058 	 0.026569292360684355 	 5 	 0.0005116712309999532 	 1.0
5	9	2	1000	0.0 	 0.011417168903629026 	 0.02595468823806214 	 5 	 0.0004907855474027158 	 1.0
5	9	2	10000	0.0 	 0.01156780644351261 	 0.02589717890760836 	 5 	 0.0004890840177355409 	 1.0
5	10	2	100	0.25 	 0.027513896069458973 	 0.08680708136551742 	 5 	 0.0002295528464484525 	 0.5739485587085729
5	10	2	1000	0.25 	 0.0291723470104494 	 0.1341329525859902 	 5 	 0.0010866824741945335 	 0.667029529818148
5	10	2	10000	0.25 	 0.029360591351046777 	 0.13416617429465882 	 5 	 0.001087110807772785 	 0.6671297277992086
7	1	2	100	0.16666666666666666 	 0.02922131251421805 	 0.12482034416102872 	 7 	 0.0025102644430446486 	 0.7468036718057857
7	1	2	1000	0.16666666666666666 	 0.029285550570489836 	 0.12455166784116667 	 7 	 0.0025102644430446486 	 0.7468036718057857
7	1	2	10000	0.16666666666666666 	 0.02929098900142681 	 0.12452477948900946 	 7 	 0.0025102644430446486 	 0.7468036718057857
7	2	2	100	0.2727272727272727 	 0.012784609952154838 	 0.029884084576581527 	 7 	 0.0008444711751575697 	 0.589975276069079
7	2	2	1000	0.2727272727272727 	 0.01135434288333609 	 0.0277501324660172 	 7 	 0.0008351285830875156 	 0.5899752760690788
7	2	2	10000	0.2727272727272727 	 0.012801129062447722 	 0.02983275981422984 	 7 	 0.0008389440833650143 	 0.589975276069079
7	3	2	100	0.0 	 0.03820073204081145 	 0.1586853012265056 	 7 	 0.0013143077325082533 	 1.0
7	3	2	1000	0.0 	 0.038198869098047206 	 0.1579867091503545 	 7 	 0.0012944813038897555 	 1.0
7	3	2	10000	0.0 	 0.03819888532565291 	 0.15797552697867084 	 7 	 0.0012934706446241235 	 1.0
7	4	2	100	0.16666666666666666 	 0.048940527942917054 	 0.12226364534604847 	 7 	 0.0027168653320524382 	 1.0
7	4	2	1000	0.16666666666666666 	 0.04891688159211691 	 0.12226364534604847 	 7 	 0.0027168653320524382 	 1.0
7	4	2	10000	0.16666666666666666 	 0.04893751754567661 	 0.12226364534604847 	 7 	 0.0027168653320524382 	 1.0
7	5	2	100	0.07692307692307693 	 0.030668840311498104 	 0.08645197105440769 	 7 	 0.002605301882210807 	 1.0
7	5	2	1000	0.07692307692307693 	 0.03086267214304149 	 0.08645197105440768 	 7 	 0.002605301882210807 	 1.0
7	5	2	10000	0.07692307692307693 	 0.030620718666624417 	 0.08645197105440769 	 7 	 0.002605301882210807 	 1.0
7	6	2	100	0.16666666666666666 	 0.023763999565583865 	 0.10830332015102118 	 7 	 0.0008188456972696422 	 0.7598531695229955
7	6	2	1000	0.07692307692307693 	 0.027201641845781496 	 0.11272603415702007 	 7 	 0.001023652531899081 	 0.7310898553410295
7	6	2	10000	0.07692307692307693 	 0.030997309219716683 	 0.11266261174180735 	 7 	 0.001023652531899081 	 0.7310898553410294
7	7	2	100	0.07692307692307693 	 0.044801186418814 	 0.10888192182560948 	 7 	 0.002546776128929366 	 1.0
7	7	2	1000	0.07692307692307693 	 0.04410871593680351 	 0.10888192182560948 	 7 	 0.002546776128929366 	 1.0
7	7	2	10000	0.07692307692307693 	 0.04458236684078736 	 0.10888192182560948 	 7 	 0.002546776128929366 	 1.0
7	8	2	100	0.16666666666666666 	 0.01672196968686579 	 0.0394868281827786 	 7 	 0.000855732192546576 	 0.7238056429569479
7	8	2	1000	0.16666666666666666 	 0.01675851880867868 	 0.03957509067896853 	 7 	 0.0008868276749166914 	 0.7330587372686145
7	8	2	10000	0.16666666666666666 	 0.016780281968239153 	 0.03958366160176437 	 7 	 0.0008896460381413452 	 0.7338961900308613
7	9	2	100	0.0 	 0.02978819663735743 	 0.05349892025909842 	 7 	 0.001102397892015233 	 1.0
7	9	2	1000	0.0 	 0.031187235024945876 	 0.07602444328431197 	 7 	 0.0009578682965977121 	 1.0
7	9	2	10000	0.0 	 0.029326414255178047 	 0.05368828731399966 	 7 	 0.0010944383610398778 	 1.0
7	10	2	100	0.4 	 0.029769025997221164 	 0.09641929821645465 	 7 	 0.0005433331442691333 	 0.3670947136863253
7	10	2	1000	0.4 	 0.027787759208863116 	 0.0965799548866481 	 7 	 0.0005331635610972621 	 0.36671837871222507
7	10	2	10000	0.4 	 0.027780886766938215 	 0.09659662670450574 	 7 	 0.0005321463018480759 	 0.36668075917263765
10	1	2	100	0.05263157894736842 	 0.05063859087957884 	 0.1055178512026726 	 10 	 0.0015893239727979573 	 1.0
10	1	2	1000	0.05263157894736842 	 0.04776994387689693 	 0.10404193450668511 	 10 	 0.0015891716101378575 	 1.000000038318751
10	1	2	10000	0.05263157894736842 	 0.04821911264766487 	 0.10402486731626093 	 10 	 0.0015891726454706017 	 1.0000001007787307
10	2	2	100	0.1111111111111111 	 0.03837139763002573 	 0.07684363026034846 	 10 	 0.002289342016524747 	 0.8786730329132657
10	2	2	1000	0.1111111111111111 	 0.033271651003925956 	 0.07610396801481911 	 10 	 0.002215271941276465 	 0.8786730329132657
10	2	2	10000	0.1111111111111111 	 0.037769372792386915 	 0.08004623609543586 	 10 	 0.0022893420165247475 	 0.8786730329132659
10	3	2	100	0.0 	 0.0519042250014635 	 0.17426224360456752 	 10 	 0.0014090982414632716 	 1.0
10	3	2	1000	0.0 	 0.05185474093081241 	 0.17459270711303237 	 10 	 0.001412771456877014 	 1.0
10	3	2	10000	0.0 	 0.053661696144371517 	 0.17465698999798435 	 10 	 0.0014126930477972983 	 1.0
10	4	2	100	0.1111111111111111 	 0.054099800430331135 	 0.09558058454798518 	 10 	 0.002251787326442427 	 1.0
10	4	2	1000	0.1111111111111111 	 0.052926213464753194 	 0.09549768204125796 	 10 	 0.002251787326442426 	 1.0
10	4	2	10000	0.1111111111111111 	 0.054371290306107975 	 0.09546089098088566 	 10 	 0.002251787326442427 	 1.0
10	5	2	100	0.1111111111111111 	 0.05075974870343587 	 0.08712258528624031 	 10 	 0.0026831716922341214 	 0.9707720866156009
10	5	2	1000	0.1111111111111111 	 0.05061617765721984 	 0.08642355068427422 	 10 	 0.0026604064754989732 	 0.9640677302870999
10	5	2	10000	0.1111111111111111 	 0.05195348247765113 	 0.09018117013480029 	 10 	 0.0027824175780894675 	 1.0
10	6	2	100	0.05263157894736842 	 0.07824012428745467 	 0.1670610259081995 	 10 	 0.001706262551832668 	 0.9999999573857111
10	6	2	1000	0.05263157894736842 	 0.07693421785269969 	 0.1676361203467914 	 10 	 0.0017062349708098124 	 0.9999999393526355
10	6	2	10000	0.05263157894736842 	 0.07694998596507512 	 0.1676397267097219 	 10 	 0.001706233967810471 	 0.9999999365584092
10	7	2	100	0.05263157894736842 	 0.05288252042988956 	 0.10851580012833073 	 10 	 0.0027145371764603033 	 1.0
10	7	2	1000	0.1111111111111111 	 0.053310062684354 	 0.10851580012833059 	 10 	 0.0027145371764603033 	 1.0
10	7	2	10000	0.05263157894736842 	 0.052971833857468786 	 0.10851580012833059 	 10 	 0.002714537176460303 	 1.0
10	8	2	100	0.17647058823529413 	 0.029725596406997 	 0.0773944678057829 	 10 	 0.0021977296429348766 	 1.0
10	8	2	1000	0.17647058823529413 	 0.03186096656351799 	 0.0745591474442416 	 10 	 0.002219922726368537 	 1.0
10	8	2	10000	0.1111111111111111 	 0.031976558920254874 	 0.07612000827058577 	 10 	 0.002219922726368537 	 1.0
10	9	2	100	0.05263157894736842 	 0.04686154365700084 	 0.10851297602233183 	 10 	 0.0012154799525589497 	 0.8670488680540126
10	9	2	1000	0.05263157894736842 	 0.046607837125657046 	 0.10775211264682133 	 10 	 0.0012292699942875217 	 0.8670488680540126
10	9	2	10000	0.05263157894736842 	 0.046401539031023224 	 0.10766538895282626 	 10 	 0.0012313696321092891 	 0.8670488680540125
10	10	2	100	0.17647058823529413 	 0.04804371934225009 	 0.1406209069830194 	 10 	 0.0015131355117293571 	 0.8125074062604568
10	10	2	1000	0.17647058823529413 	 0.048046044047226094 	 0.14091074792567473 	 10 	 0.0015131355117293573 	 0.8125074062604567
10	10	2	10000	0.17647058823529413 	 0.04844142992189493 	 0.14093750538652125 	 10 	 0.0015131355117293571 	 0.8125074062604568
