2	2	0	0	0.0 	 0.0022182836421715296 	 0.005686280389650246 	 2 	 0.00018554368959171116 	 1.0
2	3	0	0	0.0 	 0.00311297017943164 	 0.300254147643681 	 2 	 0.001446305012366245 	 1.0
2	4	0	0	1.0 	 1.0444017358055528e-18 	 1.4325485872907008e-17 	 2 	 3.670158759091439e-19 	 1.1102230246251565e-16
2	5	0	0	0.3333333333333333 	 0.005929486176782168 	 0.018270019121181952 	 2 	 0.0009664962542867133 	 0.504479401021661
2	6	0	0	0.3333333333333333 	 0.026670563178700854 	 0.13580067087871195 	 2 	 0.0007323734432224479 	 0.2710393333228042
2	7	0	0	0.0 	 0.013200184287490297 	 0.024844870201175033 	 2 	 0.00014002051810807064 	 1.0
2	8	0	0	0.3333333333333333 	 0.005983467141494926 	 0.08859121333938172 	 2 	 0.0015675461630667604 	 0.47418246651549834
2	9	0	0	0.3333333333333333 	 0.006083863077547575 	 0.0059412932244339465 	 2 	 6.694935586388969e-05 	 0.020252180148826567
2	10	0	0	0.3333333333333333 	 0.029642708393233606 	 0.01710634902026549 	 2 	 8.661009877664708e-05 	 0.026199554879935645
3	1	0	0	0.2 	 0.013248439353788872 	 0.07883636446063674 	 3 	 0.0014646970198227806 	 0.44160367694026076
3	2	0	0	0.0 	 0.009817065273975193 	 0.0650810773024148 	 3 	 0.001514457430412926 	 1.0
3	3	0	0	0.0 	 0.015222838156075238 	 0.29067772124359786 	 3 	 0.001801281447368621 	 1.0
3	4	0	0	0.2 	 0.007434449928340464 	 0.032467425138251994 	 3 	 0.0011308664907996857 	 0.7320721717628161
3	5	0	0	0.2 	 0.018677565255475974 	 0.058610688442160386 	 3 	 0.0010942608828898419 	 1.0
3	6	0	0	0.2 	 0.023190390662979576 	 0.09810275041437665 	 3 	 0.000757533613502515 	 0.5636216976968078
3	7	0	0	0.0 	 0.02604332073148073 	 0.07514924348060498 	 3 	 0.0013186630921355334 	 1.0
3	8	0	0	0.2 	 0.0062658949856042 	 0.061094369894710635 	 3 	 0.002131867804105788 	 0.6427584437755476
3	9	0	0	0.2 	 0.01377044264263575 	 0.10187068562990685 	 3 	 0.0016654043957631626 	 1.0
3	10	0	0	0.5 	 0.009740812181642276 	 0.008589947251545384 	 3 	 0.00014682977859847602 	 0.05882458696306353
5	1	0	0	0.1111111111111111 	 0.017643749471940636 	 0.05123437788830806 	 5 	 0.002185469039626367 	 0.940798948448318
5	2	0	0	0.0 	 0.020639533048491605 	 0.05434511227638885 	 5 	 0.0015764305466212827 	 1.0
5	3	0	0	0.0 	 0.03248773589221623 	 0.19814161990322865 	 5 	 0.0023294745156496274 	 1.0
5	4	0	0	0.1111111111111111 	 0.03891372298361005 	 0.12025506629219787 	 5 	 0.001678038391293686 	 0.8596657328387125
5	5	0	0	0.1111111111111111 	 0.027032522598307174 	 0.080103331021354 	 5 	 0.0017647097192784553 	 1.0
5	6	0	0	0.1111111111111111 	 0.02940615252463935 	 0.13876403129876036 	 5 	 0.0007729234906195642 	 0.6381823261055155
5	7	0	0	0.1111111111111111 	 0.03106307746149816 	 0.04492000192972309 	 5 	 0.0013798532603781766 	 0.6795373090381314
5	8	0	0	0.25 	 0.008508455390171745 	 0.08837327974731567 	 5 	 0.002408224037463715 	 1.0000000000000004
5	9	0	0	0.0 	 0.02958050933152769 	 0.09855082077961 	 5 	 0.0020337915474512988 	 1.0
5	10	0	0	0.1111111111111111 	 0.04677271521734474 	 0.1332981856359107 	 5 	 0.0006558877850287978 	 0.7114435130698525
7	1	0	0	0.07692307692307693 	 0.039618050045718806 	 0.09716237063933478 	 7 	 0.002510341016923718 	 0.9003639347533396
7	2	0	0	0.07692307692307693 	 0.026944116252965115 	 0.056727308870251604 	 7 	 0.0019821690681549238 	 0.8624898230780774
7	3	0	0	0.0 	 0.05117675117152825 	 0.19815968888960334 	 7 	 0.0026035160169537675 	 1.0
7	4	0	0	0.16666666666666666 	 0.047937510882036204 	 0.10644457702265633 	 7 	 0.002074756096579691 	 0.8925279243266643
7	5	0	0	0.0 	 0.0356513526430014 	 0.08060600906599073 	 7 	 0.0026053805967667766 	 1.0
7	6	0	0	0.0 	 0.05494434831149538 	 0.17814199083739235 	 7 	 0.001079711133323598 	 1.0
7	7	0	0	0.07692307692307693 	 0.04158827996031894 	 0.08215204743709444 	 7 	 0.0024531418012661774 	 0.9812529379185498
7	8	0	0	0.16666666666666666 	 0.016417272295659674 	 0.016070739238961768 	 7 	 0.0005885440814328064 	 0.5297085702370217
7	9	0	0	0.0 	 0.04292963234035059 	 0.09127080997932306 	 7 	 0.00225699719951973 	 1.0
7	10	0	0	0.0 	 0.06521644295934359 	 0.21093758299101628 	 7 	 0.0025238879748140618 	 1.0
10	1	0	0	0.05263157894736842 	 0.0608693155179651 	 0.13496187176662872 	 10 	 0.0026855370351547463 	 1.0
10	2	0	0	0.05263157894736842 	 0.040752072809065565 	 0.07644849391548955 	 10 	 0.002357121726451324 	 1.0
10	3	0	0	0.0 	 0.06622857321594118 	 0.1883522747314576 	 10 	 0.0020960161917461424 	 1.0
10	4	0	0	0.1111111111111111 	 0.06643070535536541 	 0.11087836825106556 	 10 	 0.0028228449313499413 	 1.0000064917414706
10	5	0	0	0.0 	 0.05959883555168833 	 0.08084140036964435 	 10 	 0.002782663530175727 	 1.0
10	6	0	0	0.0 	 0.08941521128234992 	 0.2254907583270525 	 10 	 0.002750117125023906 	 1.0
10	7	0	0	0.05263157894736842 	 0.053552918330409566 	 0.09095139377751503 	 10 	 0.0025876842622592953 	 0.9827781233508297
10	8	0	0	0.17647058823529413 	 0.049328636898388505 	 0.10953519247547126 	 10 	 0.0027774181205990852 	 1.0000011438819105
10	9	0	0	0.0 	 0.07156006661809623 	 0.13085255564096016 	 10 	 0.0027398096038287216 	 1.0
10	10	0	0	0.05263157894736842 	 0.07515028092093355 	 0.18334836835344884 	 10 	 0.002758938561156059 	 1.0
2	2	1	100	0.3333333333333333 	 0.004717170388258066 	 0.019267826158167065 	 2 	 0.0004958800420393724 	 0.46605326491611426
2	2	1	1000	0.3333333333333333 	 0.004698327803421186 	 0.019011508445831046 	 2 	 0.0004663020548452221 	 0.45710593503936126
2	2	1	10000	0.3333333333333333 	 0.004696463637998834 	 0.018985424231702484 	 2 	 0.0004633025782910383 	 0.456198594412224
2	3	1	100	0.0 	 0.03588152955052265 	 0.3330039120343017 	 2 	 0.0005359775983850203 	 1.0
2	3	1	1000	0.0 	 0.03589029730586104 	 0.3322157438426921 	 2 	 0.0005359775983850203 	 1.0
2	3	1	10000	0.0 	 0.03592343239915937 	 0.3321367275989397 	 2 	 0.0005359775983850203 	 1.0
2	4	1	100	0.3333333333333333 	 0.005087882173333737 	 0.013255979069361814 	 2 	 0.00034914996748629885 	 0.10561786516460508
2	4	1	1000	0.3333333333333333 	 0.00515218514983636 	 0.013304693773191214 	 2 	 0.00034914996748629885 	 0.10561786516460508
2	4	1	10000	0.3333333333333333 	 0.004994154612122997 	 0.013309565569058516 	 2 	 0.00034914996748629885 	 0.10561786516460508
2	5	1	100	0.3333333333333333 	 0.00590324587538934 	 0.014984152734045924 	 2 	 0.0011427513936348808 	 0.5021566614184131
2	5	1	1000	0.3333333333333333 	 0.0058643626482696035 	 0.014759886198083043 	 2 	 0.0011468812876655914 	 0.500907368474123
2	5	1	10000	0.3333333333333333 	 0.005860514207072434 	 0.014737464995193114 	 2 	 0.001147992423083087 	 0.5005712500103305
2	6	1	100	0.0 	 0.012466382892932346 	 0.1600939324527968 	 2 	 0.0005636988416028068 	 1.0
2	6	1	1000	0.0 	 0.012466382892932346 	 0.1600998689398852 	 2 	 0.0005643971624420235 	 1.0
2	6	1	10000	0.0 	 0.012466382892932346 	 0.16010046258872587 	 2 	 0.0005644669945259561 	 1.0
2	8	1	100	0.3333333333333333 	 0.005904594871428994 	 0.046073112624286754 	 2 	 0.000823293314356332 	 0.24904622759279038
2	8	1	1000	0.3333333333333333 	 0.005981793024953421 	 0.04607311268643702 	 2 	 0.000823293389543414 	 0.24904624467255185
2	8	1	10000	0.3333333333333333 	 0.005980006474849077 	 0.046073112697706954 	 2 	 0.0008232934126582505 	 0.24904624992339913
2	9	1	100	0.3333333333333333 	 0.005463508401896995 	 0.09468872005168849 	 2 	 0.0013421937480868147 	 1.0000000006389256
2	9	1	1000	0.3333333333333333 	 0.005713967827018401 	 0.09468872005093229 	 2 	 0.001342193744354886 	 0.9999999995127445
2	10	1	100	0.3333333333333333 	 0.01112655073637408 	 0.08653829128793071 	 2 	 0.00010585594140086118 	 0.5425879982346239
2	10	1	1000	0.3333333333333333 	 0.01112655073637408 	 0.08635296909659677 	 2 	 0.00010832671423939665 	 0.5418405894509669
2	10	1	10000	0.3333333333333333 	 0.01112655073637408 	 0.08633443653028314 	 2 	 0.00010857379152324975 	 0.5417658485726013
3	1	1	100	0.0 	 0.008039854910150022 	 0.1580289285957406 	 3 	 0.0016362540565996178 	 1.0
3	1	1	1000	0.0 	 0.008042445547741348 	 0.1580289285957406 	 3 	 0.0016362540565996178 	 1.0
3	1	1	10000	0.0 	 0.008039818371161753 	 0.1580289285957406 	 3 	 0.0016362540565996178 	 1.0
3	2	1	100	0.2 	 0.013073089973013267 	 0.03704487872316095 	 3 	 0.0005503607161413848 	 0.7588452162021575
3	2	1	1000	0.2 	 0.01309505670158611 	 0.03704491216172149 	 3 	 0.0005392286055148206 	 0.7626848023511353
3	2	1	10000	0.2 	 0.013097371087711395 	 0.03704562344809675 	 3 	 0.0005382153480906647 	 0.7630730718625822
3	3	1	100	0.2 	 0.01940466379148478 	 0.2341269704715372 	 3 	 0.00027615928698207027 	 0.5135407982510458
3	3	1	1000	0.2 	 0.01945957382813234 	 0.2341269704715372 	 3 	 0.00027615928698207027 	 0.5135407982510458
3	3	1	10000	0.2 	 0.01947525366104739 	 0.23412697047153727 	 3 	 0.0002761592869820704 	 0.5135407982510459
3	4	1	100	0.2 	 0.007359028155093878 	 0.02230600921592606 	 3 	 0.0005266026589058529 	 0.4846521312476133
3	4	1	1000	0.2 	 0.00731900307781596 	 0.02235384396142945 	 3 	 0.0005295886420361287 	 0.48555240516139153
3	4	1	10000	0.2 	 0.007375994951512533 	 0.022358627667555482 	 3 	 0.0005298872403491494 	 0.4856424325527673
3	5	1	100	0.2 	 0.019276690564393253 	 0.020671245861846706 	 3 	 0.0011513669271157275 	 0.5044206292769923
3	5	1	1000	0.2 	 0.019263516037849957 	 0.02067124586184667 	 3 	 0.0011519627526281875 	 0.5042409878849856
3	5	1	10000	0.2 	 0.019245901163315506 	 0.020671245861846706 	 3 	 0.0011505910149319646 	 0.5046545668003969
3	6	1	100	0.0 	 0.031127980835274894 	 0.18352785221389076 	 3 	 0.0017793902987313032 	 1.0
3	6	1	1000	0.0 	 0.03186822618832219 	 0.17409831366806724 	 3 	 0.0017793902987313036 	 1.0
3	6	1	10000	0.0 	 0.03209944376481752 	 0.17409831366806724 	 3 	 0.0017793902987313036 	 1.0
3	7	1	100	0.0 	 0.026306767241471046 	 0.11938752246594418 	 3 	 0.0019397103544465074 	 1.0
3	7	1	1000	0.0 	 0.026627317344213478 	 0.11938752246594418 	 3 	 0.0019397103544465074 	 1.0
3	7	1	10000	0.0 	 0.026685777822936303 	 0.11938752246594418 	 3 	 0.0019397103544465074 	 1.0
3	8	1	100	0.2 	 0.0061803933555644175 	 0.03020697289586937 	 3 	 0.0017750073992897917 	 0.5351646798372004
3	8	1	1000	0.2 	 0.006080932682124115 	 0.03020697123693986 	 3 	 0.0017750070829092852 	 0.5351646354971528
3	8	1	10000	0.2 	 0.006081082715217003 	 0.03020697123693986 	 3 	 0.0017750070829092852 	 0.5351646354971528
3	9	1	100	0.0 	 0.025278217416460746 	 0.11942447280403541 	 3 	 0.002060461674694155 	 1.0
3	9	1	1000	0.0 	 0.025258535656339533 	 0.11942447280403541 	 3 	 0.002060461674694155 	 1.0
3	9	1	10000	0.0 	 0.02523583461510427 	 0.11942447280403541 	 3 	 0.002060461674694155 	 1.0
3	10	1	100	0.0 	 0.026241164394507483 	 0.17025398336690167 	 3 	 0.0017501655352458682 	 1.0
3	10	1	1000	0.0 	 0.0279666362907046 	 0.17025398336690167 	 3 	 0.0017501655352458682 	 1.0
3	10	1	10000	0.0 	 0.026344760125117883 	 0.17025398336690167 	 3 	 0.0017501655352458682 	 1.0
5	1	1	100	0.1111111111111111 	 0.01730284391545902 	 0.09418676801962692 	 5 	 0.002304533270328603 	 0.8990067945173325
5	1	1	1000	0.1111111111111111 	 0.017184707300874645 	 0.09418675104350768 	 5 	 0.002304542043628393 	 0.899006794490033
5	1	1	10000	0.1111111111111111 	 0.017165169285894864 	 0.09418674933991178 	 5 	 0.002304542923789386 	 0.8990067944873029
5	2	1	100	0.1111111111111111 	 0.01722129336877414 	 0.03851296826189924 	 5 	 0.0011257550617329878 	 0.9999999156382341
5	2	1	1000	0.1111111111111111 	 0.017221293424441366 	 0.03847638093684516 	 5 	 0.0011170985778014607 	 0.9999999323826473
5	2	1	10000	0.1111111111111111 	 0.01722129343053319 	 0.03847272201528213 	 5 	 0.001116232924014634 	 0.9999999344194408
5	3	1	100	0.0 	 0.032768443889722366 	 0.20311934759386369 	 5 	 0.0019736853185879457 	 1.0
5	3	1	1000	0.0 	 0.032227394142523284 	 0.20311934759386369 	 5 	 0.0019736853185879457 	 1.0
5	3	1	10000	0.0 	 0.03237152825398503 	 0.20311934759386369 	 5 	 0.0019736853185879457 	 1.0
5	4	1	100	0.1111111111111111 	 0.038111846938691914 	 0.13415680855804976 	 5 	 0.0022677374299107473 	 1.0
5	4	1	1000	0.1111111111111111 	 0.03670466619301947 	 0.13415680855804976 	 5 	 0.0022677374299107473 	 1.0
5	4	1	10000	0.1111111111111111 	 0.03931551261311457 	 0.13415680855804976 	 5 	 0.0022677374299107473 	 1.0
5	5	1	100	0.1111111111111111 	 0.02854105104941232 	 0.05175853680731744 	 5 	 0.0007498672332810267 	 1.0
5	5	1	1000	0.1111111111111111 	 0.03020439751873058 	 0.051731816390031514 	 5 	 0.0007467896054226488 	 0.9999999985892587
5	5	1	10000	0.1111111111111111 	 0.02989139279233244 	 0.051729144510037066 	 5 	 0.0007464818391382524 	 0.9999999980231654
5	6	1	100	0.0 	 0.036792110635635686 	 0.1305099254822759 	 5 	 0.002311662854765341 	 1.0
5	6	1	1000	0.0 	 0.037375696665530166 	 0.1305099254822759 	 5 	 0.002311662854765341 	 1.0
5	6	1	10000	0.0 	 0.03823342604252608 	 0.1305099254822759 	 5 	 0.002311662854765341 	 1.0
5	7	1	100	0.1111111111111111 	 0.029730818524210712 	 0.08709382083709377 	 5 	 0.002372370564347693 	 0.9619964014214559
5	7	1	1000	0.1111111111111111 	 0.030725340563712563 	 0.08709009657995492 	 5 	 0.0023721329240276546 	 0.9619252281456044
5	7	1	10000	0.1111111111111111 	 0.0306758561058278 	 0.08708972415534254 	 5 	 0.002372109159995706 	 0.9619181108180359
5	8	1	100	0.25 	 0.002101520894013265 	 0.004211411358429474 	 5 	 0.00028300564465155443 	 0.6835797396057297
5	8	1	1000	0.25 	 0.0021204063447891443 	 0.004424826544159443 	 5 	 0.0003586075537254655 	 0.6831977535639309
5	8	1	10000	0.25 	 0.0021285363527130596 	 0.004458330054291184 	 5 	 0.0003670702661910541 	 0.6831559596241686
5	9	1	100	0.0 	 0.030952605136515723 	 0.055331726113680015 	 5 	 0.0019971337731553465 	 1.0
5	9	1	1000	0.0 	 0.03054685024539462 	 0.055331726113680015 	 5 	 0.0019971337731553465 	 1.0
5	9	1	10000	0.0 	 0.02874039680709131 	 0.055331726113680015 	 5 	 0.0019971337731553465 	 1.0
5	10	1	100	0.1111111111111111 	 0.04199533614034566 	 0.07191089971962093 	 5 	 0.0007971112033652931 	 0.5625702877464657
5	10	1	1000	0.1111111111111111 	 0.041950692909186696 	 0.07165229225956234 	 5 	 0.000797111143317906 	 0.5625702877460139
5	10	1	10000	0.1111111111111111 	 0.04194615544506392 	 0.07162642358032391 	 5 	 0.0007971111387657956 	 0.5625702877459848
7	1	1	100	0.07692307692307693 	 0.03955297819769621 	 0.14447649036596952 	 7 	 0.0025445659194671764 	 1.0
7	1	1	1000	0.07692307692307693 	 0.03948426872450415 	 0.14447649036596952 	 7 	 0.0025445659194671764 	 1.0
7	1	1	10000	0.07692307692307693 	 0.03945082319237872 	 0.14447649036596952 	 7 	 0.0025445659194671764 	 1.0
7	2	1	100	0.07692307692307693 	 0.024816575304632597 	 0.03758502390690304 	 7 	 0.001420521373874726 	 0.9999999716199637
7	2	1	1000	0.07692307692307693 	 0.024774376780211414 	 0.0375152411523117 	 7 	 0.0014278804571664578 	 0.999999832510812
7	2	1	10000	0.07692307692307693 	 0.024048459260216468 	 0.03750758428289902 	 7 	 0.0014285868551444222 	 0.9999998832591954
7	3	1	100	0.0 	 0.047690983311061926 	 0.2295073824852497 	 7 	 0.0017706149827563065 	 1.0
7	3	1	1000	0.0 	 0.04813121305817019 	 0.2295073824852497 	 7 	 0.0017706149827563065 	 1.0
7	3	1	10000	0.0 	 0.04787361983505296 	 0.2295073824852497 	 7 	 0.0017706149827563069 	 1.0
7	4	1	100	0.0 	 0.05452495951963973 	 0.12838217182714157 	 7 	 0.0023893520245708627 	 1.0
7	4	1	1000	0.0 	 0.053896129062967105 	 0.12838217182714157 	 7 	 0.0023893520245708627 	 1.0
7	4	1	10000	0.0 	 0.053439364879500455 	 0.12838217182714157 	 7 	 0.0023893520245708627 	 1.0
7	5	1	100	0.07692307692307693 	 0.03020788532306495 	 0.04343088115084839 	 7 	 0.0006245622122999479 	 0.783463824127296
7	5	1	1000	0.07692307692307693 	 0.029834209167949575 	 0.04337356821371978 	 7 	 0.0006219375975395079 	 0.7826739313768951
7	5	1	10000	0.07692307692307693 	 0.02983832037017534 	 0.04336783663196694 	 7 	 0.0006216732193147209 	 0.7825954697496198
7	6	1	100	0.0 	 0.04865418665936729 	 0.18395459235616485 	 7 	 0.002600967381473149 	 1.0
7	6	1	1000	0.0 	 0.04870498939595522 	 0.18395459235616485 	 7 	 0.002600967381473149 	 1.0
7	6	1	10000	0.0 	 0.0486332467344874 	 0.18395459235616485 	 7 	 0.002600967381473149 	 1.0
7	7	1	100	0.0 	 0.04710660861380461 	 0.09603562098521998 	 7 	 0.002719340022143456 	 1.0
7	7	1	1000	0.0 	 0.047695577658069616 	 0.09603835186999814 	 7 	 0.002719586559238968 	 1.0
7	7	1	10000	0.0 	 0.04769566202789119 	 0.09603835334327272 	 7 	 0.002719586692945337 	 1.0
7	8	1	100	0.16666666666666666 	 0.031914390710626524 	 0.09309823690782346 	 7 	 0.002632761777035925 	 0.9999929874442857
7	8	1	1000	0.16666666666666666 	 0.03191830155219912 	 0.09309823649953049 	 7 	 0.0026327618602651525 	 0.9999930038730189
7	8	1	10000	0.16666666666666666 	 0.031918691612544105 	 0.09309823645863341 	 7 	 0.0026327618686191427 	 0.999993005517503
7	9	1	100	0.0 	 0.04526764029633582 	 0.06393375612933587 	 7 	 0.0018399762928643694 	 1.0
7	9	1	1000	0.0 	 0.04386558065969026 	 0.0639830090040018 	 7 	 0.0018507592076661096 	 1.0
7	9	1	10000	0.0 	 0.04410674933119277 	 0.06398793431845834 	 7 	 0.0018524443162810933 	 1.0
7	10	1	100	0.07692307692307693 	 0.05566342295704076 	 0.13274296777587188 	 7 	 0.0025457790714283487 	 1.0
7	10	1	1000	0.07692307692307693 	 0.054737652680170744 	 0.13274296777587188 	 7 	 0.0025457790714283487 	 1.0
7	10	1	10000	0.07692307692307693 	 0.056175098107150885 	 0.13344624149296033 	 7 	 0.002545779071428349 	 1.0
10	1	1	100	0.05263157894736842 	 0.06280170049076916 	 0.12936249698460625 	 10 	 0.002802666016259315 	 1.0
10	1	1	1000	0.05263157894736842 	 0.06280766306969848 	 0.12936249698460625 	 10 	 0.002802666016259315 	 1.0
10	1	1	10000	0.05263157894736842 	 0.06205898641143078 	 0.12936249698460625 	 10 	 0.002802666016259315 	 1.0
10	2	1	100	0.1111111111111111 	 0.038564668896455954 	 0.0877143188365598 	 10 	 0.002260438444325495 	 1.0
10	2	1	1000	0.1111111111111111 	 0.036980160175543605 	 0.08772339236831744 	 10 	 0.002260438444325495 	 1.0
10	2	1	10000	0.1111111111111111 	 0.03921580140232579 	 0.08772429972240706 	 10 	 0.002260438444325495 	 1.0
10	3	1	100	0.0 	 0.06243279035906376 	 0.17024672127970714 	 10 	 0.0028421935690789084 	 1.0
10	3	1	1000	0.0 	 0.06367440228680377 	 0.1702467212797071 	 10 	 0.002842193569078908 	 1.0
10	3	1	10000	0.0 	 0.06339724849358333 	 0.1702467212797071 	 10 	 0.002842193569078908 	 1.0
10	4	1	100	0.05263157894736842 	 0.07032905181868987 	 0.1307423194761739 	 10 	 0.002071408800408468 	 0.9744133198508315
10	4	1	1000	0.05263157894736842 	 0.07184841118545245 	 0.13074231947617396 	 10 	 0.0020714088004084685 	 0.9744133198508313
10	4	1	10000	0.05263157894736842 	 0.0704883116879289 	 0.1307423194761739 	 10 	 0.002071408800408468 	 0.9744133198508315
10	5	1	100	0.05263157894736842 	 0.053428704090254714 	 0.05534533796856421 	 10 	 0.0016732485027929312 	 0.8528020892692955
10	5	1	1000	0.05263157894736842 	 0.05371884524196248 	 0.05527655266776486 	 10 	 0.001677718549748117 	 0.8507321583729416
10	5	1	10000	0.05263157894736842 	 0.05379845371527554 	 0.055269675583563695 	 10 	 0.0016781655072354098 	 0.8505252790555493
10	6	1	100	0.0 	 0.08650143931034941 	 0.17416641917039688 	 10 	 0.002878349824429705 	 1.0
10	6	1	1000	0.0 	 0.08707140268668202 	 0.17416641917039688 	 10 	 0.002878349824429705 	 1.0
10	6	1	10000	0.0 	 0.08689228521933325 	 0.17416641917039688 	 10 	 0.002878349824429705 	 1.0
10	7	1	100	0.05263157894736842 	 0.04978932683768603 	 0.09189470703511737 	 10 	 0.0026158000128995024 	 1.0
10	7	1	1000	0.05263157894736842 	 0.049395851357673104 	 0.09189710642136963 	 10 	 0.002615927553190048 	 1.0
10	7	1	10000	0.05263157894736842 	 0.04966878098156704 	 0.09189734636043788 	 10 	 0.0026159403072191214 	 1.0
10	8	1	100	0.17647058823529413 	 0.04703325484629986 	 0.09489133055587581 	 10 	 0.0023591445519548708 	 1.0000001701049044
10	8	1	1000	0.17647058823529413 	 0.04705508536736523 	 0.09489133695636123 	 10 	 0.0023591452489396736 	 1.0000002263673156
10	8	1	10000	0.17647058823529413 	 0.047057373439438534 	 0.0948913374935186 	 10 	 0.0023591453089334582 	 1.0000002313075047
10	9	1	100	0.0 	 0.07076942733204043 	 0.11114172109462521 	 10 	 0.0028009572860197935 	 1.0
10	9	1	1000	0.0 	 0.07144026271230318 	 0.11113951744581331 	 10 	 0.0028007015926517676 	 1.0
10	9	1	10000	0.0 	 0.07144031834503006 	 0.11113952783448668 	 10 	 0.0028007025354828212 	 1.0
10	10	1	100	0.05263157894736842 	 0.07421505182661005 	 0.15339960008808906 	 10 	 0.0028590349526542566 	 1.0
10	10	1	1000	0.05263157894736842 	 0.07425315450015545 	 0.15339960008808934 	 10 	 0.0028590349526542583 	 1.0
10	10	1	10000	0.05263157894736842 	 0.07423700867371268 	 0.15339960008808934 	 10 	 0.0028590349526542583 	 1.0
2	2	2	100	0.0 	 0.002217320321093169 	 0.005686280389650246 	 2 	 0.00018554368959171116 	 1.0
2	2	2	1000	0.0 	 0.0022173089824916547 	 0.005686280389650246 	 2 	 0.00018554368959171116 	 1.0
2	2	2	10000	0.0 	 0.002219521409881343 	 0.005686280389650246 	 2 	 0.00018554368959171116 	 1.0
2	3	2	100	0.0 	 0.003035309025713854 	 0.300254147643681 	 2 	 0.001446305012366245 	 1.0
2	3	2	1000	0.0 	 0.003135183470756662 	 0.300254147643681 	 2 	 0.001446305012366245 	 1.0
2	3	2	10000	0.0 	 0.003214619808516748 	 0.300254147643681 	 2 	 0.001446305012366245 	 1.0
2	4	2	100	1.0 	 6.585883386467575e-05 	 0.0005990027253077705 	 2 	 1.3720778878139335e-05 	 0.004150535610637135
2	4	2	1000	1.0 	 6.529899090180824e-06 	 5.9972074553954774e-05 	 2 	 1.372077887815154e-06 	 0.00041505356106408264
2	4	2	10000	1.0 	 6.524372144692323e-07 	 5.997929264046004e-06 	 2 	 1.3720778878100156e-07 	 4.150535610625283e-05
2	5	2	100	0.3333333333333333 	 0.005929486176782168 	 0.018270019121181952 	 2 	 0.0009659881720625149 	 0.504633095894481
2	5	2	1000	0.3333333333333333 	 0.005929486176782167 	 0.01827001912118195 	 2 	 0.0009659100407172124 	 0.504656730626435
2	5	2	10000	0.3333333333333333 	 0.005929486176782168 	 0.018270019121181952 	 2 	 0.0009666916581497852 	 0.5044202913530818
2	6	2	100	0.3333333333333333 	 0.02666552444287075 	 0.1357865491547574 	 2 	 0.0007378640368617411 	 0.27103933332280417
2	6	2	1000	0.3333333333333333 	 0.026670058512837116 	 0.13579924351370898 	 2 	 0.0007329225025863539 	 0.27103933332280417
2	6	2	10000	0.3333333333333333 	 0.02667051270417802 	 0.13580052799001055 	 2 	 0.0007324283491587581 	 0.2710393333228042
2	7	2	100	0.0 	 0.013200184287490297 	 0.02484624099975525 	 2 	 0.0001404650323344515 	 1.0
2	7	2	1000	0.0 	 0.013200184287490297 	 0.02484500728109415 	 2 	 0.00014006496953070807 	 1.0
2	7	2	10000	0.0 	 0.013200184287490297 	 0.02484488390916744 	 2 	 0.0001400249632503326 	 1.0
2	8	2	100	0.3333333333333333 	 0.005984111947478116 	 0.08859121328627934 	 2 	 0.0015675460184799653 	 0.4741824435175621
2	8	2	1000	0.3333333333333333 	 0.0059835300970388925 	 0.08859121333375018 	 2 	 0.0015675461477742602 	 0.4741824640830775
2	8	2	10000	0.3333333333333333 	 0.005983473422303216 	 0.08859121333881356 	 2 	 0.0015675461615262292 	 0.4741824662704619
2	9	2	100	0.3333333333333333 	 0.006082564418093293 	 0.0059412932244339465 	 2 	 6.694935586388969e-05 	 0.020252180148826567
2	9	2	1000	0.3333333333333333 	 0.006090452276716385 	 0.0059412932244339465 	 2 	 6.694935586388969e-05 	 0.020252180148826567
2	9	2	10000	0.3333333333333333 	 0.006083389750651278 	 0.0059412932244339465 	 2 	 6.694935586388969e-05 	 0.020252180148826567
2	10	2	100	0.3333333333333333 	 0.029639304972848994 	 0.01705468852630263 	 2 	 8.661009877664708e-05 	 0.026199554879935645
2	10	2	1000	0.3333333333333333 	 0.02960101373737623 	 0.017101182721877467 	 2 	 8.661009877664708e-05 	 0.026199554879935645
2	10	2	10000	0.3333333333333333 	 0.029637874530586358 	 0.017105832387936417 	 2 	 8.661009877664561e-05 	 0.026199554879935215
3	1	2	100	0.2 	 0.013248742260158602 	 0.07883636508310926 	 3 	 0.0014646971751106858 	 0.4416037030838399
3	1	2	1000	0.2 	 0.013248469715101662 	 0.07883636452266805 	 3 	 0.0014646970352992427 	 0.441603679545809
3	1	2	10000	0.2 	 0.013248442784922598 	 0.07883636446690996 	 3 	 0.0014646970213893701 	 0.4416036772040048
3	2	2	100	0.0 	 0.009808910333132265 	 0.065081067444344 	 3 	 0.0015145380081597883 	 1.0
3	2	2	1000	0.0 	 0.009817130619290492 	 0.06508107615773007 	 3 	 0.0015144653859639418 	 1.0
3	2	2	10000	0.0 	 0.009816473577029694 	 0.06508107108582342 	 3 	 0.0015145749369526334 	 1.0
3	3	2	100	0.0 	 0.015182478557817002 	 0.29067772124359786 	 3 	 0.001801281447368621 	 1.0
3	3	2	1000	0.0 	 0.015346152938388398 	 0.29067772124359786 	 3 	 0.001801281447368621 	 1.0
3	3	2	10000	0.0 	 0.014763459594184385 	 0.29067772124359786 	 3 	 0.001801281447368621 	 1.0
3	4	2	100	0.2 	 0.007385412880381392 	 0.032667492702532754 	 3 	 0.0011430050655390081 	 0.7357319520467219
3	4	2	1000	0.2 	 0.007379510801265618 	 0.03248742861149845 	 3 	 0.0011320803482736193 	 0.732438149791207
3	4	2	10000	0.2 	 0.007349171912765356 	 0.032469425452750646 	 3 	 0.0011309878765470784 	 0.732108769565655
3	5	2	100	0.2 	 0.017862912382009672 	 0.06240945694451785 	 3 	 0.0010942435581645321 	 0.9999974243608751
3	5	2	1000	0.2 	 0.018049233926408868 	 0.058610688442160386 	 3 	 0.0010942608828898419 	 1.0
3	5	2	10000	0.2 	 0.01932250828908085 	 0.06246521173038782 	 3 	 0.00109426060881673 	 0.9999999568703546
3	6	2	100	0.2 	 0.023194072941360982 	 0.09851929818517671 	 3 	 0.0007629759730919801 	 0.5636216978536487
3	6	2	1000	0.2 	 0.023190390662979576 	 0.09813720358496761 	 3 	 0.0007580853305543116 	 0.5636216976968077
3	6	2	10000	0.2 	 0.023190390662979576 	 0.0981061956623386 	 3 	 0.0007575887852077165 	 0.5636216976968078
3	7	2	100	0.0 	 0.02645472646817329 	 0.07514924348060498 	 3 	 0.0013186630921355334 	 1.0
3	7	2	1000	0.0 	 0.026435041744101034 	 0.07514924348060498 	 3 	 0.0013186630921355334 	 1.0
3	7	2	10000	0.0 	 0.026552067468060367 	 0.07514924348060498 	 3 	 0.0013186630921355334 	 1.0
3	8	2	100	0.2 	 0.0062658188056412874 	 0.061094369887605 	 3 	 0.0021318678133616237 	 0.6427584437752837
3	8	2	1000	0.2 	 0.006265888802408322 	 0.06109436989496909 	 3 	 0.0021318678039061604 	 0.6427584437754745
3	8	2	10000	0.2 	 0.006265894437628205 	 0.061094369894727094 	 3 	 0.0021318678040953493 	 0.6427584437755414
3	9	2	100	0.2 	 0.013744381276681263 	 0.10187069358076395 	 3 	 0.0016653954194703789 	 0.9999986471810536
3	9	2	1000	0.2 	 0.013770437808582765 	 0.10187068562990685 	 3 	 0.0016654043957631626 	 1.0
3	9	2	10000	0.2 	 0.013770440195938219 	 0.10187068562990685 	 3 	 0.0016654043957631626 	 1.0
3	10	2	100	0.5 	 0.009474760341805867 	 0.0057590718957245685 	 3 	 9.389278327617007e-05 	 0.0428640828733882
3	10	2	1000	0.5 	 0.009731342674665789 	 0.008435576040685355 	 3 	 0.00014376408807011828 	 0.05790028126876365
3	10	2	10000	0.5 	 0.00974019874179213 	 0.008576919659522977 	 3 	 0.0001465649456786287 	 0.05874473983772954
5	1	2	100	0.1111111111111111 	 0.017697434011118344 	 0.051234367771711004 	 5 	 0.0021854663563107735 	 0.9407989153301423
5	1	2	1000	0.1111111111111111 	 0.01764675740511513 	 0.051234376776737554 	 5 	 0.0021854687274979532 	 0.9407989446878785
5	1	2	10000	0.1111111111111111 	 0.017644030644218173 	 0.051234377775966164 	 5 	 0.002185469007898822 	 0.9407989480669915
5	2	2	100	0.0 	 0.020822624098254923 	 0.054339592968952195 	 5 	 0.0015764305466212825 	 1.0
5	2	2	1000	0.0 	 0.020560247983676474 	 0.05434456034854438 	 5 	 0.0015764305466212827 	 1.0
5	2	2	10000	0.0 	 0.0206499104998827 	 0.05434505708363338 	 5 	 0.0015764305466212827 	 1.0
5	3	2	100	0.0 	 0.0324016309330655 	 0.19817299520089357 	 5 	 0.0023294745156496274 	 1.0
5	3	2	1000	0.0 	 0.030351480479973294 	 0.19801999270212542 	 5 	 0.0023294745156496274 	 1.0
5	3	2	10000	0.0 	 0.03246262437769874 	 0.1981419337056298 	 5 	 0.0023294745156496274 	 1.0
5	4	2	100	0.1111111111111111 	 0.03911227440374324 	 0.12025506629219791 	 5 	 0.0016780383912936858 	 0.8596657328387125
5	4	2	1000	0.1111111111111111 	 0.0390216924116417 	 0.12025506629219787 	 5 	 0.0016780383912936862 	 0.8596657328387124
5	4	2	10000	0.1111111111111111 	 0.03903626366200234 	 0.12025506629219787 	 5 	 0.0016780383912936864 	 0.8596657328387125
5	5	2	100	0.1111111111111111 	 0.026989518419799855 	 0.07998538603117646 	 5 	 0.0017528742092335812 	 1.0
5	5	2	1000	0.1111111111111111 	 0.027027781741577758 	 0.08009153459892454 	 5 	 0.0017635261682739677 	 1.0
5	5	2	10000	0.1111111111111111 	 0.02771392848256881 	 0.08010215135987346 	 5 	 0.0017645913641780057 	 1.0
5	6	2	100	0.1111111111111111 	 0.03041030475306884 	 0.13852508844417874 	 5 	 0.0007625109120157699 	 0.6350637588136792
5	6	2	1000	0.1111111111111111 	 0.029816416533413163 	 0.1387401420908842 	 5 	 0.0007718822327591834 	 0.6378704693763315
5	6	2	10000	0.1111111111111111 	 0.0297267821798752 	 0.1387616424287377 	 5 	 0.0007728193648335331 	 0.6381511404325992
5	7	2	100	0.1111111111111111 	 0.030819984324678102 	 0.04489267846077377 	 5 	 0.0013798532603781766 	 0.6780429731640369
5	7	2	1000	0.1111111111111111 	 0.030253998291335692 	 0.04491726957391833 	 5 	 0.0013798532603781764 	 0.6793878754507241
5	7	2	10000	0.1111111111111111 	 0.03039876385233018 	 0.04491972869405401 	 5 	 0.0013798532603781768 	 0.6795223656793905
5	8	2	100	0.25 	 0.008508411500413308 	 0.08837327974731567 	 5 	 0.002408224037463715 	 1.0000000000000004
5	8	2	1000	0.25 	 0.008508490020865744 	 0.08837327974731561 	 5 	 0.0024082240374637153 	 1.0000000000000004
5	8	2	10000	0.25 	 0.008508519801147883 	 0.08837327974731567 	 5 	 0.002408224037463715 	 1.0000000000000004
5	9	2	100	0.0 	 0.03012710601719494 	 0.09855082077961 	 5 	 0.0020337915474512988 	 1.0
5	9	2	1000	0.0 	 0.03008461548161624 	 0.09855082077961 	 5 	 0.0020337915474512988 	 1.0
5	9	2	10000	0.0 	 0.03060237896923772 	 0.09855082077961 	 5 	 0.0020337915474512988 	 1.0
5	10	2	100	0.1111111111111111 	 0.04476644889813097 	 0.13293927811980108 	 5 	 0.0006438756700155285 	 0.7114435130698524
5	10	2	1000	0.1111111111111111 	 0.04711512997779268 	 0.13326264243457797 	 5 	 0.0006546865735274643 	 0.7114435130698525
5	10	2	10000	0.1111111111111111 	 0.0459813769301315 	 0.1332946347604914 	 5 	 0.0006557676638786628 	 0.7114435130698524
7	1	2	100	0.07692307692307693 	 0.03965119267195505 	 0.09716229706700402 	 7 	 0.0025103355273493294 	 0.9003637076729936
7	1	2	1000	0.07692307692307693 	 0.03962116890177027 	 0.09716236468871273 	 7 	 0.002510340602820178 	 0.9003639166596201
7	1	2	10000	0.07692307692307693 	 0.03961835784498946 	 0.09716237005698745 	 7 	 0.0025103409767175734 	 0.9003639329857911
7	2	2	100	0.07692307692307693 	 0.0255544700801843 	 0.056739259514750805 	 7 	 0.001982169153008916 	 0.8624898236540917
7	2	2	1000	0.07692307692307693 	 0.026763622630259137 	 0.056728503923231435 	 7 	 0.0019821690757329943 	 0.8624898230788264
7	2	2	10000	0.07692307692307693 	 0.026935107559731983 	 0.056727428375832646 	 7 	 0.0019821690688904712 	 0.8624898230781503
7	3	2	100	0.0 	 0.049940033607007196 	 0.19815968888960334 	 7 	 0.0026035160169537675 	 1.0
7	3	2	1000	0.0 	 0.04895885647392564 	 0.19815968888960334 	 7 	 0.0026035160169537675 	 1.0
7	3	2	10000	0.0 	 0.04823768466058242 	 0.19815968888960334 	 7 	 0.0026035160169537675 	 1.0
7	4	2	100	0.16666666666666666 	 0.047524862918307376 	 0.10644457702265633 	 7 	 0.002074756096579691 	 0.8925279243266644
7	4	2	1000	0.16666666666666666 	 0.04802999051639397 	 0.10644457702265644 	 7 	 0.0020747560965796914 	 0.8925279243266644
7	4	2	10000	0.16666666666666666 	 0.0476911899169355 	 0.10644457702265633 	 7 	 0.0020747560965796914 	 0.8925279243266644
7	5	2	100	0.0 	 0.03565327859243349 	 0.08060600264644292 	 7 	 0.0026053799071837475 	 1.0
7	5	2	1000	0.0 	 0.03378496374531216 	 0.08060527153604727 	 7 	 0.0026053018906716614 	 1.0
7	5	2	10000	0.0 	 0.035651409491135426 	 0.0806060089341921 	 7 	 0.002605380582590205 	 1.0
7	6	2	100	0.0 	 0.05397879578397448 	 0.17827152069754673 	 7 	 0.0010852977013163234 	 1.0
7	6	2	1000	0.0 	 0.05494616396752615 	 0.17815485567539852 	 7 	 0.0010802700801398608 	 1.0
7	6	2	10000	0.0 	 0.054944364249409 	 0.1781432773015364 	 7 	 0.0010797670280063426 	 1.0
7	7	2	100	0.07692307692307693 	 0.04132667490980206 	 0.08204281259230917 	 7 	 0.0024436773136439676 	 0.9802667880666134
7	7	2	1000	0.07692307692307693 	 0.042060526187080116 	 0.08214112320623361 	 7 	 0.0024521953525039743 	 0.9811543229333762
7	7	2	10000	0.07692307692307693 	 0.04186189517562591 	 0.08215095500654473 	 7 	 0.0024530471563900137 	 0.9812430764200434
7	8	2	100	0.16666666666666666 	 0.015935108499046467 	 0.0160579531023747 	 7 	 0.0005770712899406777 	 0.5297276404155892
7	8	2	1000	0.16666666666666666 	 0.016418630088464017 	 0.01606822751764043 	 7 	 0.0005807253721114326 	 0.5297082709854533
7	8	2	10000	0.16666666666666666 	 0.016417395614760952 	 0.016070488881458546 	 7 	 0.0005877609606931302 	 0.5297085415244424
7	9	2	100	0.0 	 0.043447377869530714 	 0.0912786264460743 	 7 	 0.0022597030977021095 	 1.0
7	9	2	1000	0.0 	 0.04443370655943017 	 0.09127159162544331 	 7 	 0.0022572677893378896 	 1.0
7	9	2	10000	0.0 	 0.04286263645882948 	 0.09127088814392954 	 7 	 0.0022570242585015464 	 1.0
7	10	2	100	0.0 	 0.06532127163786744 	 0.21093758299101628 	 7 	 0.0025238879748140618 	 1.0
7	10	2	1000	0.0 	 0.06533028237579071 	 0.21093758299101628 	 7 	 0.0025238879748140618 	 1.0
7	10	2	10000	0.0 	 0.06525874305137251 	 0.21093758299101628 	 7 	 0.0025238879748140618 	 1.0
10	1	2	100	0.05263157894736842 	 0.059851489469159434 	 0.13496187176662872 	 10 	 0.0026855370351547463 	 1.0
10	1	2	1000	0.05263157894736842 	 0.06008633289651508 	 0.13496187176662872 	 10 	 0.0026855370351547463 	 1.0
10	1	2	10000	0.05263157894736842 	 0.06094053772156116 	 0.13496187176662872 	 10 	 0.0026855370351547463 	 1.0
10	2	2	100	0.05263157894736842 	 0.03923338131354553 	 0.07646897716023107 	 10 	 0.0023624643923430937 	 1.0
10	2	2	1000	0.05263157894736842 	 0.037555484444062835 	 0.07645054225491568 	 10 	 0.0023576559930405423 	 1.0
10	2	2	10000	0.05263157894736842 	 0.0408100380565004 	 0.07644869874958174 	 10 	 0.0023571751531102584 	 1.0
10	3	2	100	0.0 	 0.06736994227316077 	 0.1883522747314576 	 10 	 0.0020960161917461424 	 1.0
10	3	2	1000	0.0 	 0.06823146591163749 	 0.1883522747314576 	 10 	 0.0020960161917461424 	 1.0
10	3	2	10000	0.0 	 0.0666355922374996 	 0.1883522747314576 	 10 	 0.002096016191746143 	 1.0
10	4	2	100	0.1111111111111111 	 0.06643063242007659 	 0.11087834885054801 	 10 	 0.002822843229640254 	 1.0000064387387813
10	4	2	1000	0.1111111111111111 	 0.06643068270928808 	 0.11087836631701087 	 10 	 0.002822844761727573 	 1.0000064864517286
10	4	2	10000	0.1111111111111111 	 0.06643069828879394 	 0.1108783680577002 	 10 	 0.002822844914389435 	 1.0000064912084763
10	5	2	100	0.0 	 0.05959687113368011 	 0.08084142102691519 	 10 	 0.0027826657451451796 	 1.0
10	5	2	1000	0.0 	 0.05959861897519411 	 0.08084140260149064 	 10 	 0.0027826637694945023 	 1.0
10	5	2	10000	0.0 	 0.059598825984798647 	 0.08084140059331593 	 10 	 0.0027826635541381033 	 1.0
10	6	2	100	0.0 	 0.08940963952605725 	 0.2254907583270525 	 10 	 0.002750117125023906 	 1.0
10	6	2	1000	0.0 	 0.08943423172956456 	 0.2254907583270525 	 10 	 0.002750117125023906 	 1.0
10	6	2	10000	0.0 	 0.08940037626803769 	 0.2254907583270525 	 10 	 0.002750117125023906 	 1.0
10	7	2	100	0.05263157894736842 	 0.05361216207212107 	 0.09091950831063897 	 10 	 0.0025852359909552137 	 0.9805152905161029
10	7	2	1000	0.05263157894736842 	 0.053558504596235214 	 0.09094820510085037 	 10 	 0.0025874394297609703 	 0.9825518401380584
10	7	2	10000	0.05263157894736842 	 0.05355344978820266 	 0.09095107490683486 	 10 	 0.0025876597787996124 	 0.9827554950372326
10	8	2	100	0.17647058823529413 	 0.049329769973210306 	 0.10953519297980097 	 10 	 0.00277741817633815 	 1.000001147788096
10	8	2	1000	0.17647058823529413 	 0.04590656657205539 	 0.10953504378187433 	 10 	 0.002777402807700498 	 1.000000249784456
10	8	2	10000	0.17647058823529413 	 0.049328561911778084 	 0.10953519248058413 	 10 	 0.0027774181211594824 	 1.000001143927783
10	9	2	100	0.0 	 0.07165195880311508 	 0.13085255564096016 	 10 	 0.0027398096038287216 	 1.0
10	9	2	1000	0.0 	 0.07174595545426028 	 0.13085255564096016 	 10 	 0.0027398096038287216 	 1.0
10	9	2	10000	0.0 	 0.0717731670212854 	 0.13085255564096016 	 10 	 0.0027398096038287216 	 1.0
10	10	2	100	0.05263157894736842 	 0.07425585042181797 	 0.18334836835344884 	 10 	 0.002758938561156059 	 1.0
10	10	2	1000	0.05263157894736842 	 0.07408248447506255 	 0.18334836835344884 	 10 	 0.002758938561156059 	 1.0
10	10	2	10000	0.05263157894736842 	 0.07257458452593342 	 0.18334836835344884 	 10 	 0.002758938561156059 	 1.0
