2	1	0	0	0.0 	 0.12590767707510378 	 0.5918853513099475 	 2 	 0.0008883795743571244 	 1.0
2	2	0	0	0.3333333333333333 	 0.043814991053552736 	 0.032891460440982005 	 2 	 0.0003754312113812212 	 0.056126966101492606
2	3	0	0	0.3333333333333333 	 0.12603552948599253 	 0.6496143390660231 	 2 	 0.0004173897287765259 	 0.5000929693071218
2	4	0	0	0.3333333333333333 	 0.00813167111586044 	 0.13776884474811682 	 2 	 0.0009258003950237774 	 0.5002074153667606
2	5	0	0	0.0 	 0.09809765965905855 	 0.29524658409345195 	 2 	 0.0013588995455291585 	 1.0
2	6	0	0	0.3333333333333333 	 0.08779847842744887 	 0.41450730184790274 	 2 	 0.0015251325922168374 	 0.4990466558592215
2	7	0	0	0.3333333333333333 	 0.02417097305698998 	 0.04005707078340643 	 2 	 0.0005961308060144857 	 0.08912155549916567
2	8	0	0	0.3333333333333333 	 0.10556980601696661 	 0.5279478003663113 	 2 	 0.00317175859229908 	 0.9999956407582467
2	9	0	0	0.0 	 0.04514262809895023 	 0.0329682977437426 	 2 	 0.0032034119784751305 	 1.0
2	10	0	0	0.3333333333333333 	 0.07241386697250739 	 0.05589426701338598 	 2 	 0.0031600476385656405 	 0.498626676845499
3	1	0	0	0.2 	 0.06253396861885697 	 0.2838758740052957 	 3 	 0.0029737410636611708 	 0.44160054795368586
3	2	0	0	0.2 	 0.02982641247366785 	 0.16734824473533103 	 3 	 0.003074961142569667 	 0.9999999924535533
3	3	0	0	0.2 	 0.12896841501954434 	 0.5946741471277446 	 3 	 0.0012639635346528007 	 0.5430863563816415
3	4	0	0	0.2 	 0.07761720892784423 	 0.24700795609899978 	 3 	 0.0041002294627157446 	 0.6088840752132907
3	5	0	0	0.0 	 0.1339619547695543 	 0.39317310255181065 	 3 	 0.002205009938417102 	 1.0
3	6	0	0	0.2 	 0.10264049004132204 	 0.34391256112636964 	 3 	 0.0010926093681432958 	 0.5636216976968078
3	7	0	0	0.2 	 0.039036844081350885 	 0.2163023718882636 	 3 	 0.0026772856719115383 	 0.3975769222788652
3	8	0	0	0.5 	 0.10943443686329107 	 0.4179872306583989 	 3 	 0.004328339689084958 	 0.6427584438291192
3	9	0	0	0.0 	 0.11448730424669845 	 0.431208885056099 	 3 	 0.00194195742165393 	 1.0
3	10	0	0	0.2 	 0.09415883495268987 	 0.21382217539417706 	 3 	 0.00036523685436441955 	 0.4986782833214314
5	1	0	0	0.1111111111111111 	 0.08952138403761987 	 0.26895146229407385 	 5 	 0.0033316201891208184 	 1.0
5	2	0	0	0.0 	 0.13895873669216405 	 0.3618521813275904 	 5 	 0.004816612300008913 	 1.0
5	3	0	0	0.1111111111111111 	 0.1852049724344099 	 0.6765961255933067 	 5 	 0.0031257482921328203 	 1.0
5	4	0	0	0.0 	 0.16579197959537562 	 0.4564679853323461 	 5 	 0.005123284750417434 	 1.0
5	5	0	0	0.0 	 0.18868771708081014 	 0.5949215903494212 	 5 	 0.0023130632662121467 	 1.0
5	6	0	0	0.1111111111111111 	 0.1761725608496591 	 0.4079736969567962 	 5 	 0.0014965458434069573 	 0.5933082593350449
5	7	0	0	0.0 	 0.1478243548699099 	 0.31055920951774973 	 5 	 0.004597803199102723 	 1.0
5	8	0	0	0.25 	 0.17279861273807898 	 0.5489587641519497 	 5 	 0.004923296498287792 	 0.9999999168491773
5	9	0	0	0.0 	 0.21815394135624758 	 0.4267714598641943 	 5 	 0.004157819579943123 	 1.0
5	10	0	0	0.1111111111111111 	 0.11648914582158057 	 0.4533703068486334 	 5 	 0.0029441003752103496 	 0.7114435130698525
7	1	0	0	0.0 	 0.193614626804201 	 0.5792561361408803 	 7 	 0.005168191500386092 	 1.0
7	2	0	0	0.07692307692307693 	 0.15244660330222395 	 0.33084128759782055 	 7 	 0.005336949273415832 	 1.0
7	3	0	0	0.0 	 0.209185087049809 	 0.7132736131733927 	 7 	 0.005360054572728357 	 1.0
7	4	0	0	0.07692307692307693 	 0.16068516604481914 	 0.2802569325529641 	 7 	 0.002957252209475089 	 0.8082674362856033
7	5	0	0	0.0 	 0.20173790837039854 	 0.453456007770177 	 7 	 0.005363856816316423 	 1.0
7	6	0	0	0.07692307692307693 	 0.21776945836681036 	 0.6712645803248568 	 7 	 0.0033475395424836327 	 0.7310898541708687
7	7	0	0	0.0 	 0.21063836011068693 	 0.3765049632321028 	 7 	 0.005243362618384039 	 1.0
7	8	0	0	0.16666666666666666 	 0.22789743045402522 	 0.5644508707841578 	 7 	 0.003665769663801867 	 1.0
7	9	0	0	0.07692307692307693 	 0.24860386203865842 	 0.47987567224025407 	 7 	 0.0033264373190641577 	 0.7821438044584306
7	10	0	0	0.07692307692307693 	 0.2014831596224907 	 0.5219495482205424 	 7 	 0.0035222057819360706 	 0.7508566702756868
10	1	0	0	0.0 	 0.2635753148713183 	 0.55152422358491 	 10 	 0.0033081756388924697 	 1.0
10	2	0	0	0.05263157894736842 	 0.22028931039028105 	 0.3838894371570563 	 10 	 0.005821340331733184 	 1.000001248498464
10	3	0	0	0.05263157894736842 	 0.25103704588216835 	 0.6936879821851965 	 10 	 0.004362379989181894 	 0.8485252864244688
10	4	0	0	0.05263157894736842 	 0.2039966106651005 	 0.3491270208565137 	 10 	 0.004216501984980297 	 0.8826744663447237
10	5	0	0	0.0 	 0.2221795614125887 	 0.46367806468293904 	 10 	 0.005791202408433375 	 1.0
10	6	0	0	0.05263157894736842 	 0.2767649238530626 	 0.6573122072988447 	 10 	 0.004488036073084563 	 0.8099094967361143
10	7	0	0	0.0 	 0.22605842618059616 	 0.38719500529361806 	 10 	 0.005648466264977468 	 1.0
10	8	0	0	0.05263157894736842 	 0.27413448025863085 	 0.4663836257663925 	 10 	 0.004861814060694709 	 0.8701473461366869
10	9	0	0	0.05263157894736842 	 0.300201942684793 	 0.5764206007356498 	 10 	 0.0043540331731574105 	 0.8389541089961929
10	10	0	0	0.05263157894736842 	 0.27785238539523444 	 0.5204703369935552 	 10 	 0.004436223985547802 	 0.8125239164139341
2	1	1	100	0.3333333333333333 	 0.04126885887689159 	 0.13257579686721135 	 2 	 0.0011426399485382768 	 0.1708246723064725
2	1	1	1000	0.3333333333333333 	 0.041267598178058564 	 0.13257579686721135 	 2 	 0.0011426399485382768 	 0.1708246723064725
2	1	1	10000	0.3333333333333333 	 0.04126398081944784 	 0.13257579686721135 	 2 	 0.0011426399485382768 	 0.1708246723064725
2	2	1	100	0.3333333333333333 	 0.04501166041045529 	 0.1706695232735273 	 2 	 0.0026944043116249898 	 0.4028134445879362
2	2	1	1000	0.3333333333333333 	 0.045015202150333486 	 0.1706695232735273 	 2 	 0.0026944043116249898 	 0.4028134445879362
2	2	1	10000	0.3333333333333333 	 0.045012757022525544 	 0.1706695232735273 	 2 	 0.0026944043116249898 	 0.4028134445879362
2	3	1	100	0.3333333333333333 	 0.03472400549447475 	 0.24795587167153174 	 2 	 0.0010719301479070761 	 0.5003165422770024
2	3	1	1000	0.3333333333333333 	 0.03472400549447475 	 0.24795587167153174 	 2 	 0.0010733849255922581 	 0.5000990530130678
2	3	1	10000	0.3333333333333333 	 0.03472400549447475 	 0.2479558716715317 	 2 	 0.0010729969462132303 	 0.5001570559302325
2	4	1	100	0.3333333333333333 	 0.00813167111586044 	 0.16019926677230656 	 2 	 0.0005694815944149779 	 0.5004534506856441
2	4	1	1000	0.3333333333333333 	 0.00813167111586044 	 0.16019926677230656 	 2 	 0.0005688030176743175 	 0.5005548979083727
2	4	1	10000	0.3333333333333333 	 0.00813167111586044 	 0.16019926677230656 	 2 	 0.000569578728638887 	 0.5004389291191697
2	5	1	100	0.0 	 0.09809719131666088 	 0.5058747530232892 	 2 	 0.0031867324927868064 	 1.0
2	5	1	1000	0.0 	 0.09809746313449104 	 0.5058747530232892 	 2 	 0.0031867324927868064 	 1.0
2	5	1	10000	0.0 	 0.09809729254574587 	 0.5058747530232892 	 2 	 0.0031867324927868064 	 1.0
2	6	1	100	0.3333333333333333 	 0.08779847842744887 	 0.6455206822474412 	 2 	 4.584723062247038e-05 	 0.4991182235316257
2	6	1	1000	0.3333333333333333 	 0.08779847842744887 	 0.6455206822474412 	 2 	 4.312444935631106e-05 	 0.4987111677323349
2	6	1	10000	0.3333333333333333 	 0.08779847842744887 	 0.6455206822474412 	 2 	 4.4874757185314995e-05 	 0.498972838752771
2	7	1	100	0.3333333333333333 	 0.07862746149350089 	 0.2016636934055099 	 2 	 0.001279355450916009 	 0.5003574795283202
2	7	1	1000	0.3333333333333333 	 0.07862746149350089 	 0.2016636934055099 	 2 	 0.0012792581522182624 	 0.5003720256836333
2	7	1	10000	0.3333333333333333 	 0.07862746149350089 	 0.2016636934055099 	 2 	 0.001279744444690614 	 0.5002993249590169
2	8	1	100	0.3333333333333333 	 0.0008018032066690528 	 0.0031071247490107178 	 2 	 5.40903428955621e-06 	 0.49487746985276726
2	8	1	1000	1.0 	 1.1392926747262434e-05 	 7.662695968170416e-05 	 2 	 3.6198771059299176e-07 	 5.41171627336523e-05
2	8	1	10000	1.0 	 1.139225322578903e-06 	 7.662770904168057e-06 	 2 	 3.619877105868651e-08 	 5.411716273273637e-06
2	9	1	100	0.3333333333333333 	 0.034579720205727055 	 0.40332566538045145 	 2 	 0.00046166258162740574 	 0.5000606740937952
2	9	1	1000	0.3333333333333333 	 0.034579720205727055 	 0.40332566538045145 	 2 	 0.0004619867028562579 	 0.49998778202991834
2	9	1	10000	0.3333333333333333 	 0.034579720205727055 	 0.40332566538045156 	 2 	 0.0004602972509092966 	 0.5002647910361525
2	10	1	100	0.0 	 0.032990745684285505 	 0.15208162106033418 	 2 	 0.002030064904648776 	 1.0
2	10	1	1000	0.0 	 0.032990745684285505 	 0.15208162106033418 	 2 	 0.0020287988355021324 	 1.0
2	10	1	10000	0.0 	 0.032990745684285505 	 0.15208162106033418 	 2 	 0.002029090988902692 	 1.0
3	1	1	100	0.2 	 0.06253400305522296 	 0.18377096288277084 	 3 	 0.0021100043439970786 	 0.3133356450835676
3	1	1	1000	0.2 	 0.06253397894252312 	 0.18377096288277084 	 3 	 0.0021100043439970786 	 0.3133356450835676
3	1	1	10000	0.2 	 0.0625340730132227 	 0.18377096288277084 	 3 	 0.0021100043439970786 	 0.3133356450835676
3	2	1	100	0.5 	 0.023932039873035795 	 0.14668287774648636 	 3 	 0.00421228196966858 	 1.0000000597611778
3	2	1	1000	0.5 	 0.021538939768734187 	 0.14668288079122924 	 3 	 0.004212282432846659 	 1.0000001292253724
3	2	1	10000	0.5 	 0.023074053147595648 	 0.14668378561801135 	 3 	 0.0042124973507977155 	 1.0000320260809596
3	3	1	100	0.2 	 0.04199346461512411 	 0.32781835321391395 	 3 	 0.0028089379780220376 	 1.0
3	3	1	1000	0.2 	 0.04199348667452335 	 0.3278183532139139 	 3 	 0.0028089379780220367 	 1.0
3	3	1	10000	0.2 	 0.04199430284534682 	 0.3278183532139139 	 3 	 0.0028089379780220367 	 1.0
3	4	1	100	0.0 	 0.10301526532578381 	 0.32617102267760684 	 3 	 0.004072894309591889 	 1.0
3	4	1	1000	0.0 	 0.10301640734729238 	 0.32617102267760684 	 3 	 0.004072894309591889 	 1.0
3	4	1	10000	0.0 	 0.10302110283685748 	 0.32617102267760684 	 3 	 0.004072894309591889 	 1.0
3	5	1	100	0.0 	 0.13745121154923198 	 0.6391005421848667 	 3 	 0.004417751823345247 	 1.0
3	5	1	1000	0.0 	 0.13744395583642174 	 0.6391005421848667 	 3 	 0.004417751823345247 	 1.0
3	5	1	10000	0.0 	 0.13745001382579766 	 0.6391005421848667 	 3 	 0.004417751823345247 	 1.0
3	6	1	100	0.2 	 0.10264082890919991 	 0.5656766050028514 	 3 	 0.001539132988693432 	 0.608312822487612
3	6	1	1000	0.2 	 0.10276082614276873 	 0.5656766050028514 	 3 	 0.0015391329886934324 	 0.6083128224876121
3	6	1	10000	0.2 	 0.10263988322915829 	 0.5656766050028514 	 3 	 0.0015391329886934322 	 0.6083128224876121
3	7	1	100	0.0 	 0.11780566715072999 	 0.3654177603581279 	 3 	 0.0037445289366041055 	 1.0
3	7	1	1000	0.0 	 0.11779787645795023 	 0.3654177603581279 	 3 	 0.0037445289366041055 	 1.0
3	7	1	10000	0.0 	 0.11784891786348967 	 0.3654177603581279 	 3 	 0.0037445289366041055 	 1.0
3	8	1	100	0.5 	 0.10923288989260142 	 0.4890287573686055 	 3 	 0.003847253987288666 	 0.5713172171123695
3	8	1	1000	0.5 	 0.10933959859770566 	 0.4890287573686055 	 3 	 0.003847253987288666 	 0.5713172171123695
3	8	1	10000	0.5 	 0.1093511577396069 	 0.4890287573686055 	 3 	 0.003847253987288666 	 0.5713172171123695
3	9	1	100	0.0 	 0.1154615962753847 	 0.6577858868994629 	 3 	 0.004158404649250713 	 1.0
3	9	1	1000	0.0 	 0.11545054342814445 	 0.6577858868994629 	 3 	 0.004158404649250713 	 1.0
3	9	1	10000	0.0 	 0.11546176695947126 	 0.6577858868994629 	 3 	 0.004158404649250713 	 1.0
3	10	1	100	0.0 	 0.08325607812280676 	 0.3852915995084082 	 3 	 0.00245842890101574 	 1.0
3	10	1	1000	0.0 	 0.083268263434847 	 0.3852915995084082 	 3 	 0.00245842890101574 	 1.0
3	10	1	10000	0.0 	 0.08326569350817509 	 0.3852915995084082 	 3 	 0.00245842890101574 	 1.0
5	1	1	100	0.25 	 0.08323614803499237 	 0.13212572395292138 	 5 	 0.0040725928768431535 	 0.5966348564575199
5	1	1	1000	0.25 	 0.08322994325076337 	 0.13212572395292138 	 5 	 0.0040725928768431535 	 0.5966348564575199
5	1	1	10000	0.25 	 0.08305472256657778 	 0.1321257398974588 	 5 	 0.004072598185442025 	 0.5966352854265223
5	2	1	100	0.0 	 0.15658473856019478 	 0.4582142938857608 	 5 	 0.002268464508489194 	 1.0
5	2	1	1000	0.0 	 0.15657623811924126 	 0.4582142938857608 	 5 	 0.002268464508489194 	 1.0
5	2	1	10000	0.0 	 0.15657346738801453 	 0.4582142938857608 	 5 	 0.002268464508489194 	 1.0
5	3	1	100	0.0 	 0.09979312127031847 	 0.2938606669967205 	 5 	 0.004035646299254371 	 1.0
5	3	1	1000	0.0 	 0.09981536185791312 	 0.2938606669967205 	 5 	 0.004035646299254371 	 1.0
5	3	1	10000	0.0 	 0.09984805871815376 	 0.2938606669967205 	 5 	 0.004035646299254371 	 1.0
5	4	1	100	0.0 	 0.1655554777733853 	 0.47856817577558414 	 5 	 0.00489120689955082 	 1.0
5	4	1	1000	0.0 	 0.16569212035089861 	 0.47856817577558414 	 5 	 0.00489120689955082 	 1.0
5	4	1	10000	0.0 	 0.16589229319559448 	 0.47856817577558414 	 5 	 0.00489120689955082 	 1.0
5	5	1	100	0.0 	 0.18871517654672618 	 0.676503806825435 	 5 	 0.0032163076394610473 	 1.0
5	5	1	1000	0.0 	 0.18868826007913872 	 0.676503806825435 	 5 	 0.0032163076394610473 	 1.0
5	5	1	10000	0.0 	 0.18820777724301976 	 0.676503806825435 	 5 	 0.0032163076394610478 	 1.0
5	6	1	100	0.1111111111111111 	 0.17625100565150145 	 0.6705930484267493 	 5 	 0.0024954040807127816 	 0.6778804899320209
5	6	1	1000	0.1111111111111111 	 0.17624698048105636 	 0.6705930484267493 	 5 	 0.0024954040807127816 	 0.6778804899320209
5	6	1	10000	0.1111111111111111 	 0.1761663229931155 	 0.6705930484267493 	 5 	 0.002495404080712781 	 0.6778804899320209
5	7	1	100	0.0 	 0.14123393085169494 	 0.22449243184192585 	 5 	 0.0028507207098731942 	 1.0
5	7	1	1000	0.0 	 0.14138054345732035 	 0.22474352217298982 	 5 	 0.0028508064636742856 	 1.0
5	7	1	10000	0.0 	 0.14148014657164265 	 0.22476877005838017 	 5 	 0.0028508549801333207 	 1.0
5	8	1	100	0.0 	 0.08080880293557885 	 0.2704231032198134 	 5 	 0.0028981159219729443 	 1.0
5	9	1	100	0.0 	 0.2181482042701629 	 0.5404547045963819 	 5 	 0.005123297215031557 	 1.0
5	9	1	1000	0.0 	 0.21817803808859978 	 0.5404547045963819 	 5 	 0.005123297215031557 	 1.0
5	9	1	10000	0.0 	 0.21831421141157953 	 0.5404547045963819 	 5 	 0.005123297215031557 	 1.0
5	10	1	100	0.0 	 0.04062203097201356 	 0.07357132447554542 	 5 	 0.0010742717988950596 	 1.0
5	10	1	1000	0.0 	 0.040749645422633256 	 0.07318981313832887 	 5 	 0.0010493135826124729 	 1.0
5	10	1	10000	0.0 	 0.04076567671741125 	 0.0731578946604507 	 5 	 0.0010466490495370402 	 1.0
7	1	1	100	0.16666666666666666 	 0.11314827572574815 	 0.24134598069339144 	 7 	 0.004612357689259764 	 0.6664855132814693
7	1	1	1000	0.16666666666666666 	 0.11314692932899964 	 0.24134597530849564 	 7 	 0.004612356197452158 	 0.6664854174809544
7	1	1	10000	0.16666666666666666 	 0.11275709829304689 	 0.2413459829035806 	 7 	 0.00461235867016407 	 0.6664855669005852
7	2	1	100	0.07692307692307693 	 0.1524849381765418 	 0.3848108933611226 	 7 	 0.004529353110886459 	 1.0
7	2	1	1000	0.07692307692307693 	 0.15246463530262744 	 0.3848108933611226 	 7 	 0.004529353110886459 	 1.0
7	2	1	10000	0.07692307692307693 	 0.15256166168192972 	 0.3848108933611226 	 7 	 0.004529353110886459 	 1.0
7	3	1	100	0.0 	 0.16283160753248946 	 0.48318744806937675 	 7 	 0.0032662650170001187 	 1.0
7	3	1	1000	0.0 	 0.16340755582678698 	 0.4829187137587904 	 7 	 0.003266265017000119 	 1.0
7	3	1	10000	0.0 	 0.16338084600718303 	 0.48289183729950347 	 7 	 0.003266265017000119 	 1.0
7	4	1	100	0.0 	 0.20233978729114405 	 0.460989823211772 	 7 	 0.00541541466548421 	 1.0
7	4	1	1000	0.0 	 0.20230395556231073 	 0.460989823211772 	 7 	 0.00541541466548421 	 1.0
7	4	1	10000	0.0 	 0.20233313203703765 	 0.460989823211772 	 7 	 0.00541541466548421 	 1.0
7	5	1	100	0.0 	 0.20182797332579877 	 0.46903455119126203 	 7 	 0.0024916407215507305 	 1.0
7	5	1	1000	0.0 	 0.20183538276072294 	 0.46940026763401427 	 7 	 0.0024916407215507305 	 1.0
7	5	1	10000	0.0 	 0.20181904931211833 	 0.4694368460983616 	 7 	 0.00249164072155073 	 1.0
7	6	1	100	0.07692307692307693 	 0.19023924734652903 	 0.4809716726325165 	 7 	 0.005060860126209751 	 1.0
7	6	1	1000	0.07692307692307693 	 0.19008483331658887 	 0.4809716726325165 	 7 	 0.005060860126209751 	 1.0
7	6	1	10000	0.07692307692307693 	 0.19007028848943608 	 0.4809716726325165 	 7 	 0.005060860126209751 	 1.0
7	7	1	100	0.0 	 0.2106185335233879 	 0.33494565730401155 	 7 	 0.005272577221227101 	 1.0
7	7	1	1000	0.0 	 0.21070925561847004 	 0.33494565730401155 	 7 	 0.005272577221227101 	 1.0
7	7	1	10000	0.0 	 0.21030790107616687 	 0.33494565730401155 	 7 	 0.005272577221227101 	 1.0
7	8	1	100	0.0 	 0.2187977145413669 	 0.4474154914991815 	 7 	 0.005404527394720678 	 1.0
7	8	1	1000	0.0 	 0.21882836350408544 	 0.4474154914991815 	 7 	 0.005404527394720678 	 1.0
7	8	1	10000	0.0 	 0.21892419245071248 	 0.4474154914991815 	 7 	 0.005404527394720678 	 1.0
7	9	1	100	0.0 	 0.2365989727702563 	 0.49434224737217836 	 7 	 0.005449442149179828 	 1.0
7	9	1	1000	0.0 	 0.2368320087262517 	 0.49434224737217836 	 7 	 0.005449442149179828 	 1.0
7	9	1	10000	0.0 	 0.23688126987872135 	 0.49434224737217836 	 7 	 0.005449442149179828 	 1.0
7	10	1	100	0.0 	 0.17470826087035798 	 0.5584941092868975 	 7 	 0.005084351364920917 	 1.0
7	10	1	1000	0.0 	 0.17418215783758162 	 0.5584941092868975 	 7 	 0.005084351364920917 	 1.0
7	10	1	10000	0.0 	 0.17469359865499814 	 0.5584941092868975 	 7 	 0.005084351364920917 	 1.0
10	1	1	100	0.1111111111111111 	 0.1932974867827006 	 0.34518639193263473 	 10 	 0.0035986945337742405 	 1.0
10	1	1	1000	0.1111111111111111 	 0.19330089336224665 	 0.34518523419425085 	 10 	 0.0036278807175803033 	 1.0
10	1	1	10000	0.1111111111111111 	 0.1932982714331446 	 0.34518511842018706 	 10 	 0.0036307993359701797 	 1.0
10	2	1	100	0.05263157894736842 	 0.2209554341604007 	 0.4655239757090067 	 10 	 0.005363334073353984 	 0.9999939947857052
10	2	1	1000	0.05263157894736842 	 0.22096813324884562 	 0.46552181673659004 	 10 	 0.005363158328258483 	 0.9999916470617658
10	2	1	10000	0.05263157894736842 	 0.2209683166095104 	 0.46552179188654685 	 10 	 0.005363174067998685 	 0.9999920254414085
10	3	1	100	0.0 	 0.22925562693973692 	 0.5562648868816986 	 10 	 0.005734913930397663 	 1.0
10	3	1	1000	0.0 	 0.22935177352752914 	 0.5562648868816986 	 10 	 0.005734913930397663 	 1.0
10	3	1	10000	0.0 	 0.22935103972020734 	 0.5562648868816986 	 10 	 0.005734913930397663 	 1.0
10	4	1	100	0.0 	 0.22989593941135708 	 0.416164183336963 	 10 	 0.006007626435341407 	 1.0
10	4	1	1000	0.0 	 0.22989881714679888 	 0.4161641906703872 	 10 	 0.0060076215545460864 	 1.0
10	4	1	10000	0.0 	 0.2298991092928407 	 0.41616419136323224 	 10 	 0.006007621058252852 	 1.0
10	5	1	100	0.0 	 0.22084250395026578 	 0.4377127118960026 	 10 	 0.004977829322309699 	 1.0
10	5	1	1000	0.0 	 0.21522022622877482 	 0.43756206158584665 	 10 	 0.004977829322309699 	 1.0
10	5	1	10000	0.0 	 0.2156305119175783 	 0.4375469921147989 	 10 	 0.0049778293223096985 	 1.0
10	6	1	100	0.0 	 0.23660008508556618 	 0.5563552626118371 	 10 	 0.003531896576671271 	 1.0
10	6	1	1000	0.0 	 0.23652235768809654 	 0.555514519813131 	 10 	 0.003531896576671271 	 1.0
10	6	1	10000	0.0 	 0.23684901516807663 	 0.5554304801726195 	 10 	 0.0035318965766712716 	 1.0
10	7	1	100	0.0 	 0.22605790981821938 	 0.44466721399857234 	 10 	 0.005739934661889481 	 1.0
10	7	1	1000	0.0 	 0.2260583280669479 	 0.44466735780710215 	 10 	 0.00574013498314057 	 1.0
10	7	1	10000	0.0 	 0.22611013928550516 	 0.4446718705405677 	 10 	 0.005741389794523864 	 1.0
10	8	1	100	0.0 	 0.2381354378789963 	 0.32254006117971173 	 10 	 0.004719677042533628 	 1.0
10	8	1	1000	0.0 	 0.2381389192297781 	 0.3225196475361495 	 10 	 0.004719670703514165 	 1.0
10	8	1	10000	0.0 	 0.2381391637853594 	 0.32251760608645613 	 10 	 0.004719670178970326 	 1.0
10	9	1	100	0.0 	 0.27199447002491245 	 0.5479724235283024 	 10 	 0.006011345141413285 	 1.0
10	9	1	1000	0.0 	 0.2719951131065629 	 0.5479724440302628 	 10 	 0.0060113452918582 	 1.0
10	9	1	10000	0.0 	 0.27199517316744737 	 0.5479724459786388 	 10 	 0.006011345302289444 	 1.0
10	10	1	100	0.0 	 0.24629922578209038 	 0.5498701331418382 	 10 	 0.005857246363724338 	 1.0
10	10	1	1000	0.0 	 0.24629853304683005 	 0.5498672559995569 	 10 	 0.005855949852789527 	 1.0
10	10	1	10000	0.0 	 0.2462991824429925 	 0.5498701535424438 	 10 	 0.005857248611564427 	 1.0
2	1	2	100	0.0 	 0.12590767707510378 	 0.5918853513099475 	 2 	 0.0008891576547489889 	 1.0
2	1	2	1000	0.0 	 0.12590767707510378 	 0.5918853513099475 	 2 	 0.0008883795960921876 	 1.0
2	1	2	10000	0.0 	 0.12590767707510378 	 0.5918853513099475 	 2 	 0.0008890602206600283 	 1.0
2	2	2	100	0.3333333333333333 	 0.04376104287836033 	 0.0325337551397769 	 2 	 0.0003754312113812212 	 0.056126966101492606
2	2	2	1000	0.3333333333333333 	 0.04380957974034194 	 0.032855677398004456 	 2 	 0.0003754312113812212 	 0.056126966101492606
2	2	2	10000	0.3333333333333333 	 0.043814449928448435 	 0.03288788201150755 	 2 	 0.0003754312113812212 	 0.056126966101492606
2	3	2	100	0.3333333333333333 	 0.12603552948599253 	 0.6496143390660231 	 2 	 0.00041621998881402177 	 0.5002678454315161
2	3	2	1000	0.3333333333333333 	 0.12603552948599253 	 0.6496143390660231 	 2 	 0.00041631734388913514 	 0.5002532908477867
2	3	2	10000	0.3333333333333333 	 0.12603552948599253 	 0.6496143390660231 	 2 	 0.0004168047755645509 	 0.500180419812312
2	4	2	100	0.3333333333333333 	 0.00813167111586044 	 0.13776884474811682 	 2 	 0.0009231821269378051 	 0.5005988464456135
2	4	2	1000	0.3333333333333333 	 0.00813167111586044 	 0.13776884474811682 	 2 	 0.0009237640962884732 	 0.5005118420276886
2	4	2	10000	0.3333333333333333 	 0.00813167111586044 	 0.1377688447481168 	 2 	 0.0009239580648608085 	 0.5004828437261245
2	5	2	100	0.0 	 0.09809656219812012 	 0.29524658409345195 	 2 	 0.0013588995455291585 	 1.0
2	5	2	1000	0.0 	 0.09809727587468331 	 0.29524658409345195 	 2 	 0.0013588995455291585 	 1.0
2	5	2	10000	0.0 	 0.09809717488254009 	 0.29524658409345195 	 2 	 0.0013588995455291585 	 1.0
2	6	2	100	0.3333333333333333 	 0.08779847842744887 	 0.41450730184790274 	 2 	 0.001524062875422204 	 0.49888673319842375
2	6	2	1000	0.3333333333333333 	 0.08779847842744887 	 0.41450730184790274 	 2 	 0.0015240629635329991 	 0.4988867463709877
2	6	2	10000	0.3333333333333333 	 0.08779847842744887 	 0.41450730184790274 	 2 	 0.0015237712478091458 	 0.4988431348702716
2	7	2	100	0.3333333333333333 	 0.024155846805468617 	 0.04005707078340643 	 2 	 0.0005961308060144857 	 0.08912155549916567
2	7	2	1000	0.3333333333333333 	 0.024175269300774765 	 0.04005707078340643 	 2 	 0.0005961308060144857 	 0.08912155549916567
2	7	2	10000	0.3333333333333333 	 0.024171471090265167 	 0.04005707078340643 	 2 	 0.0005961308060144857 	 0.08912155549916567
2	8	2	100	0.3333333333333333 	 0.1056431687726178 	 0.5279478080169956 	 2 	 0.0031717592706886847 	 0.9999957420596213
2	8	2	1000	0.3333333333333333 	 0.1055769837866165 	 0.5279478011308442 	 2 	 0.0031717586600936726 	 0.9999956508817649
2	8	2	10000	0.3333333333333333 	 0.10557052355437736 	 0.5279478004429229 	 2 	 0.0031717585990889943 	 0.9999956417721645
2	9	2	100	0.3333333333333333 	 0.04518278645782539 	 0.0366976635011895 	 2 	 0.002119676463821889 	 0.33714381149019923
2	9	2	1000	0.3333333333333333 	 0.04514668586755429 	 0.03758920222071983 	 2 	 0.0020963978684478387 	 0.33366366148177873
2	9	2	10000	0.0 	 0.04514262809895023 	 0.03296829774374266 	 2 	 0.0032035094111497685 	 1.0
2	10	2	100	0.3333333333333333 	 0.07241386697250739 	 0.05589426701338598 	 2 	 0.003160630897670032 	 0.4987138740816055
2	10	2	1000	0.3333333333333333 	 0.07241386697250739 	 0.05589426701338598 	 2 	 0.003162477971674742 	 0.49899001164530965
2	10	2	10000	0.3333333333333333 	 0.07241386697250739 	 0.05589426701338598 	 2 	 0.003163061253396576 	 0.49907721226272383
3	1	2	100	0.2 	 0.06253413416503201 	 0.2838758740052957 	 3 	 0.0029737410636611708 	 0.44160054795368586
3	1	2	1000	0.2 	 0.06253415229953627 	 0.2838758740052957 	 3 	 0.0029737410636611708 	 0.44160054795368586
3	1	2	10000	0.2 	 0.06253396907167966 	 0.2838758740052957 	 3 	 0.0029737410636611708 	 0.44160054795368586
3	2	2	100	0.2 	 0.028609583239870787 	 0.16734824279269792 	 3 	 0.0030749608735247303 	 1.0
3	2	2	1000	0.2 	 0.029519026924425585 	 0.16734824458539452 	 3 	 0.0030749611103060128 	 0.9999999882178573
3	2	2	10000	0.2 	 0.029794508993632004 	 0.16734824471771037 	 3 	 0.003074961138787299 	 0.9999999919788313
3	3	2	100	0.2 	 0.12897716410745527 	 0.5946741471277446 	 3 	 0.001263963534652801 	 0.5430863563816416
3	3	2	1000	0.2 	 0.12901711092651447 	 0.5946741471277446 	 3 	 0.001263963534652801 	 0.5430863563816416
3	3	2	10000	0.2 	 0.129027525464999 	 0.5946741471277446 	 3 	 0.0012639635346528007 	 0.5430863563816415
3	4	2	100	0.2 	 0.07775486436394921 	 0.24700795609899978 	 3 	 0.0041002294627157446 	 0.6088840752132907
3	4	2	1000	0.2 	 0.07808602820649406 	 0.24700795609899978 	 3 	 0.0041002294627157446 	 0.6088840752132907
3	4	2	10000	0.2 	 0.07779191492205709 	 0.24700795609899978 	 3 	 0.0041002294627157446 	 0.6088840752132907
3	5	2	100	0.0 	 0.13396183932369754 	 0.39317310255181065 	 3 	 0.0022079534478195864 	 1.0
3	5	2	1000	0.0 	 0.133961752209733 	 0.39317310255181065 	 3 	 0.0022069724150643446 	 1.0
3	5	2	10000	0.0 	 0.1339618055727368 	 0.39317310255181065 	 3 	 0.002207463024143362 	 1.0
3	6	2	100	0.2 	 0.10266334666455741 	 0.34391256112636964 	 3 	 0.0010926093681432963 	 0.5636216976968077
3	6	2	1000	0.2 	 0.10263565330683903 	 0.34391256112636964 	 3 	 0.001092609368143296 	 0.5636216976968078
3	6	2	10000	0.2 	 0.10262863014685522 	 0.34391256112636964 	 3 	 0.001092609368143296 	 0.5636216976968078
3	7	2	100	0.2 	 0.03903739545627752 	 0.2163023718882636 	 3 	 0.0026772856719115383 	 0.3975769222788652
3	7	2	1000	0.2 	 0.03903735831830642 	 0.2163023718882636 	 3 	 0.0026772856719115383 	 0.3975769222788652
3	7	2	10000	0.2 	 0.039036761302672175 	 0.2163023718882636 	 3 	 0.0026772856719115383 	 0.3975769222788652
3	8	2	100	0.5 	 0.10935842921590395 	 0.4179872306583989 	 3 	 0.004328339689084958 	 0.6427584438291192
3	8	2	1000	0.5 	 0.10906974712186579 	 0.4179872306583989 	 3 	 0.004328339689084958 	 0.6427584438291192
3	8	2	10000	0.5 	 0.109243331013339 	 0.4179872306583989 	 3 	 0.004328339689084958 	 0.6427584438291192
3	9	2	100	0.0 	 0.11448730424669845 	 0.43121293863953586 	 3 	 0.0019595736183221826 	 1.0
3	9	2	1000	0.0 	 0.11448730424669845 	 0.43120929041704226 	 3 	 0.0019434345844434354 	 1.0
3	9	2	10000	0.0 	 0.11448730424669845 	 0.43120892559221846 	 3 	 0.0019431939306807388 	 1.0
3	10	2	100	0.2 	 0.09418657331880217 	 0.21382217539417706 	 3 	 0.0003681728704683097 	 0.4991142817128591
3	10	2	1000	0.2 	 0.09428221178068323 	 0.21382217539417706 	 3 	 0.00036778119218237025 	 0.49905611748739703
3	10	2	10000	0.2 	 0.09417368733454518 	 0.21382217539417706 	 3 	 0.00036866189027020917 	 0.49918690115344105
5	1	2	100	0.1111111111111111 	 0.0895210860871805 	 0.2689515799253512 	 5 	 0.003328953432532383 	 1.0
5	1	2	1000	0.1111111111111111 	 0.08952163786588141 	 0.2689514740572035 	 5 	 0.0033313535134572615 	 1.0
5	1	2	10000	0.1111111111111111 	 0.08952144774624447 	 0.268951463470387 	 5 	 0.0033315935215499862 	 1.0
5	2	2	100	0.0 	 0.1388371604398942 	 0.3618521813275904 	 5 	 0.004816612300008913 	 1.0
5	2	2	1000	0.0 	 0.13893666022234882 	 0.3618521813275904 	 5 	 0.004816612300008913 	 1.0
5	2	2	10000	0.0 	 0.13899056798293294 	 0.3618521813275904 	 5 	 0.004816612300008913 	 1.0
5	3	2	100	0.1111111111111111 	 0.1836871268039962 	 0.6765961255933067 	 5 	 0.0031257482921328203 	 1.0
5	3	2	1000	0.1111111111111111 	 0.1866569340778712 	 0.6765961255933067 	 5 	 0.0031257482921328203 	 1.0
5	3	2	10000	0.1111111111111111 	 0.18491443267617796 	 0.6765961255933067 	 5 	 0.0031257482921328203 	 1.0
5	4	2	100	0.0 	 0.16582469707508876 	 0.4564679853323461 	 5 	 0.005123284750417434 	 1.0
5	4	2	1000	0.0 	 0.16602481863633428 	 0.4564679853323461 	 5 	 0.005123284750417434 	 1.0
5	4	2	10000	0.0 	 0.16581396002419427 	 0.4564679853323461 	 5 	 0.005123284750417434 	 1.0
5	5	2	100	0.0 	 0.18870727413313942 	 0.5949215903494212 	 5 	 0.0023130632662121467 	 1.0
5	5	2	1000	0.0 	 0.18871543484754638 	 0.5949215903494212 	 5 	 0.0023130632662121463 	 1.0
5	5	2	10000	0.0 	 0.1886984006497887 	 0.5949215903494212 	 5 	 0.0023130632662121463 	 1.0
5	6	2	100	0.1111111111111111 	 0.17623089280117127 	 0.4079736969567962 	 5 	 0.0014965458434069573 	 0.5933082593350449
5	6	2	1000	0.1111111111111111 	 0.17617044647513186 	 0.4079736969567962 	 5 	 0.0014965458434069575 	 0.593308259335045
5	6	2	10000	0.1111111111111111 	 0.17613577164312244 	 0.4079736969567962 	 5 	 0.0014965458434069577 	 0.5933082593350448
5	7	2	100	0.0 	 0.14781858370988696 	 0.31055920951774973 	 5 	 0.004597803199102723 	 1.0
5	7	2	1000	0.0 	 0.14792885565590158 	 0.31055920951774973 	 5 	 0.004597803199102723 	 1.0
5	7	2	10000	0.0 	 0.14780208661893296 	 0.31055920951774973 	 5 	 0.004597803199102723 	 1.0
5	8	2	100	0.25 	 0.17292717176236144 	 0.5489640016620672 	 5 	 0.004923684795599608 	 1.0000295367503447
5	8	2	1000	0.25 	 0.17280835806929296 	 0.548958765578337 	 5 	 0.004923296634643442 	 0.9999999269894677
5	8	2	10000	0.25 	 0.17279958096263112 	 0.5489587642995345 	 5 	 0.004923296512485235 	 0.9999999178973429
5	9	2	100	0.0 	 0.21818095542454072 	 0.4267714598641943 	 5 	 0.004157819579943123 	 1.0
5	9	2	1000	0.0 	 0.2182347467682195 	 0.4267714598641943 	 5 	 0.004157819579943123 	 1.0
5	9	2	10000	0.0 	 0.2180298915703105 	 0.4267714598641943 	 5 	 0.004157819579943123 	 1.0
5	10	2	100	0.1111111111111111 	 0.11659962986103727 	 0.4533703068486334 	 5 	 0.002944100375210349 	 0.7114435130698525
5	10	2	1000	0.1111111111111111 	 0.11645322981824151 	 0.4533703068486334 	 5 	 0.002944100375210349 	 0.7114435130698525
5	10	2	10000	0.1111111111111111 	 0.11656389142084615 	 0.4533703068486334 	 5 	 0.002944100375210349 	 0.7114435130698525
7	1	2	100	0.0 	 0.1939281953987293 	 0.5792561361408803 	 7 	 0.005168191500386092 	 1.0
7	1	2	1000	0.0 	 0.19387651261832506 	 0.5792561361408803 	 7 	 0.005168191500386092 	 1.0
7	1	2	10000	0.0 	 0.19381036478143993 	 0.5792561361408803 	 7 	 0.005168191500386092 	 1.0
7	2	2	100	0.07692307692307693 	 0.15282168205054197 	 0.33084128759782055 	 7 	 0.005336949273415832 	 1.0
7	2	2	1000	0.07692307692307693 	 0.15241340145108934 	 0.33084128759782055 	 7 	 0.005336949273415832 	 1.0
7	2	2	10000	0.07692307692307693 	 0.152736059997776 	 0.33084128759782055 	 7 	 0.005336949273415832 	 1.0
7	3	2	100	0.0 	 0.20921439919648385 	 0.7132759618005389 	 7 	 0.005360615582872961 	 1.0
7	3	2	1000	0.0 	 0.20915620462928675 	 0.7132737882326298 	 7 	 0.005359674123382853 	 1.0
7	3	2	10000	0.0 	 0.20915354539555156 	 0.7132737325067221 	 7 	 0.005359794633780357 	 1.0
7	4	2	100	0.16666666666666666 	 0.16046777803728826 	 0.2812585616404959 	 7 	 0.004271556669428803 	 0.808972502446857
7	4	2	1000	0.07692307692307693 	 0.16073380801470313 	 0.28025423792369536 	 7 	 0.002957252209475089 	 0.8082674362856033
7	4	2	10000	0.07692307692307693 	 0.16066309329659118 	 0.28025666308165104 	 7 	 0.002957252209475089 	 0.8082674362856033
7	5	2	100	0.0 	 0.20180330068055236 	 0.453456007770177 	 7 	 0.005363856816316423 	 1.0
7	5	2	1000	0.0 	 0.20176990289800067 	 0.453456007770177 	 7 	 0.005363856816316423 	 1.0
7	5	2	10000	0.0 	 0.20155652795003093 	 0.453456007770177 	 7 	 0.005363856816316423 	 1.0
7	6	2	100	0.07692307692307693 	 0.21776943929288775 	 0.6712645802658359 	 7 	 0.0033475397368163753 	 0.7310898541711166
7	6	2	1000	0.07692307692307693 	 0.2177694564372497 	 0.6712645803190659 	 7 	 0.0033475395616604665 	 0.7310898541708912
7	6	2	10000	0.07692307692307693 	 0.21776945817339896 	 0.671264580324273 	 7 	 0.0033475395443949554 	 0.7310898541708708
7	7	2	100	0.0 	 0.2106478528218148 	 0.3765049632321028 	 7 	 0.005243362618384039 	 1.0
7	7	2	1000	0.0 	 0.21072219315647947 	 0.3765049632321028 	 7 	 0.005243362618384039 	 1.0
7	7	2	10000	0.0 	 0.21064032656543544 	 0.3765049632321028 	 7 	 0.005243362618384039 	 1.0
7	8	2	100	0.16666666666666666 	 0.22713802630232252 	 0.5644508707841578 	 7 	 0.003665769663801867 	 1.0
7	8	2	1000	0.16666666666666666 	 0.22828254235110346 	 0.5644508707841578 	 7 	 0.0036657696638018665 	 1.0
7	8	2	10000	0.16666666666666666 	 0.22837601787714856 	 0.5644508707841578 	 7 	 0.0036657696638018665 	 1.0
7	9	2	100	0.07692307692307693 	 0.24829970851293975 	 0.47987567224025407 	 7 	 0.003326437319064158 	 0.7821438044584306
7	9	2	1000	0.07692307692307693 	 0.2478438358608423 	 0.47987567224025407 	 7 	 0.003326437319064158 	 0.7821438044584306
7	9	2	10000	0.07692307692307693 	 0.24856993442030056 	 0.47987567224025407 	 7 	 0.0033264373190641577 	 0.7821438044584306
7	10	2	100	0.07692307692307693 	 0.20148306357687232 	 0.5219495479054739 	 7 	 0.0035222061735210365 	 0.7508566702781819
7	10	2	1000	0.07692307692307693 	 0.20148314999291933 	 0.5219495481890465 	 7 	 0.003522205821076856 	 0.7508566702759351
7	10	2	10000	0.07692307692307693 	 0.20148315856039584 	 0.5219495482173411 	 7 	 0.0035222057858789206 	 0.750856670275712
10	1	2	100	0.0 	 0.2635742705629072 	 0.5526425936211627 	 10 	 0.0033082502833924328 	 1.0
10	1	2	1000	0.0 	 0.2635736426105888 	 0.5516364713389537 	 10 	 0.003308269913301125 	 1.0
10	1	2	10000	0.0 	 0.26357530882924807 	 0.5515353969960605 	 10 	 0.003308175955908979 	 1.0
10	2	2	100	0.05263157894736842 	 0.22094680694794436 	 0.3840299040725426 	 10 	 0.005830220961129749 	 1.0000035673823287
10	2	2	1000	0.05263157894736842 	 0.2198720911283854 	 0.38390330011396967 	 10 	 0.005822175255495927 	 0.9999999967118132
10	2	2	10000	0.05263157894736842 	 0.2202501088906646 	 0.3838908225222188 	 10 	 0.005821423805606922 	 1.0000011230115793
10	3	2	100	0.05263157894736842 	 0.25140728119087946 	 0.6936879821851965 	 10 	 0.004362379989181894 	 0.8485252864244687
10	3	2	1000	0.05263157894736842 	 0.2510069618318866 	 0.6936879821851965 	 10 	 0.004362379989181894 	 0.8485252864244687
10	3	2	10000	0.05263157894736842 	 0.2512556324489776 	 0.6936879821851965 	 10 	 0.004362379989181894 	 0.8485252864244688
10	4	2	100	0.05263157894736842 	 0.2041415073457655 	 0.34928434921555596 	 10 	 0.004219531888878879 	 0.8828813449252392
10	4	2	1000	0.05263157894736842 	 0.20402321846905763 	 0.3491427519669535 	 10 	 0.004216804903323878 	 0.8826951532505842
10	4	2	10000	0.05263157894736842 	 0.20399953532039525 	 0.3491285939504335 	 10 	 0.004216532276112043 	 0.8826765349211423
10	5	2	100	0.0 	 0.2220094889417364 	 0.46367802965428456 	 10 	 0.0057911939249904254 	 1.0
10	5	2	1000	0.0 	 0.22225637152432426 	 0.46367805953195546 	 10 	 0.005791201161496433 	 1.0
10	5	2	10000	0.0 	 0.22218644960562636 	 0.4636780641681576 	 10 	 0.005791202283756407 	 1.0
10	6	2	100	0.05263157894736842 	 0.27671383562179036 	 0.6573122096521775 	 10 	 0.00448803345179766 	 0.8099094967564647
10	6	2	1000	0.05263157894736842 	 0.2767596642252962 	 0.6573122075342518 	 10 	 0.00448803581099207 	 0.8099094967381594
10	6	2	10000	0.05263157894736842 	 0.2767643948672333 	 0.6573122073224013 	 10 	 0.004488036046866994 	 0.8099094967363184
10	7	2	100	0.0 	 0.2260973165371031 	 0.38720302397209105 	 10 	 0.0056507878216343396 	 1.0
10	7	2	1000	0.0 	 0.2260676525302799 	 0.3871965676007023 	 10 	 0.0056486920076160045 	 1.0
10	7	2	10000	0.0 	 0.22606353629467968 	 0.38719573699498877 	 10 	 0.0056494036283821596 	 1.0
10	8	2	100	0.05263157894736842 	 0.2739767676919624 	 0.46719881540308594 	 10 	 0.004884336250189613 	 0.8732320652166308
10	8	2	1000	0.05263157894736842 	 0.2741338484600326 	 0.46646530388570273 	 10 	 0.004863997963514173 	 0.8704559211673424
10	8	2	10000	0.05263157894736842 	 0.2741344191335494 	 0.4663917939751482 	 10 	 0.004862032395102306 	 0.8701782034474042
10	9	2	100	0.05263157894736842 	 0.3004337320555878 	 0.5764206007356498 	 10 	 0.0043540331731574105 	 0.8389541089961929
10	9	2	1000	0.05263157894736842 	 0.29999024259531754 	 0.5764206007356498 	 10 	 0.00435403317315741 	 0.8389541089961929
10	9	2	10000	0.05263157894736842 	 0.2988587181360273 	 0.5764206007356498 	 10 	 0.0043540331731574105 	 0.8389541089961929
10	10	2	100	0.05263157894736842 	 0.2786214874055072 	 0.5204687571217982 	 10 	 0.004435998029805361 	 0.8125179226265229
10	10	2	1000	0.05263157894736842 	 0.2779054394923478 	 0.5204701775086682 	 10 	 0.004436201105357636 	 0.8125233095028022
10	10	2	10000	0.05263157894736842 	 0.2778575277508795 	 0.5204703210623209 	 10 	 0.004436221699377422 	 0.8125238557720339
