2	1	0	0	1.0 	 1.2306021867972927e-14 	 6.137669479169638e-14 	 2 	 1.8565602418480866e-17 	 2.7755575615628914e-15
2	2	0	0	0.3333333333333333 	 0.04266943711273882 	 0.025457101059675413 	 2 	 0.0003754312113812212 	 0.056126966101492606
2	3	0	0	0.3333333333333333 	 0.0008270797396390968 	 0.002512412121302294 	 2 	 3.829116473352857e-07 	 0.43756423068089023
2	4	0	0	0.3333333333333333 	 0.0004426848453608901 	 0.0009168867467499748 	 2 	 7.357387366227267e-07 	 0.36138588471732874
2	5	0	0	0.0 	 0.09940845702711401 	 0.311270216912559 	 2 	 0.0013588995455291585 	 1.0
2	6	0	0	0.3333333333333333 	 0.0028766160464591692 	 0.008512914269752496 	 2 	 1.1919864884600159e-06 	 0.2712172617738454
2	7	0	0	0.3333333333333333 	 0.024286026734501562 	 0.04005707078340643 	 2 	 0.0005961308060144857 	 0.08912155549916567
2	8	0	0	0.0 	 0.0048136484927100666 	 0.17114406341598112 	 2 	 0.0012356670095381753 	 1.0
2	9	0	0	0.0 	 0.04514262809895023 	 0.03296829774374266 	 2 	 0.0032040471492751 	 1.0
2	10	0	0	0.3333333333333333 	 0.07241386697250739 	 0.05589426701338598 	 2 	 0.0031616006374730336 	 0.49885885018215426
3	1	0	0	0.2 	 0.03357457118581526 	 0.1081294453130561 	 3 	 0.00114846258520704 	 0.44160054795368586
3	2	0	0	0.5 	 0.00605579708639645 	 0.10765311787919414 	 3 	 0.0010200602634551422 	 0.26384492105593355
3	3	0	0	0.0 	 0.009309635279327044 	 0.13062575776214502 	 3 	 0.00011155246230471867 	 1.0
3	4	0	0	0.2 	 0.00716364952765388 	 0.1223350481878506 	 3 	 0.0011177927359331489 	 0.9187875068906411
3	5	0	0	0.0 	 0.1377966079014638 	 0.40682604596656874 	 3 	 0.0022216811864733143 	 1.0
3	6	0	0	0.5 	 0.0965507806437695 	 0.3444394549500385 	 3 	 0.003795432307722594 	 0.5986307934724726
3	7	0	0	0.2 	 0.024594350543519636 	 0.1416860075041944 	 3 	 0.0007077138188883172 	 0.5562694487928581
3	8	0	0	0.2 	 0.011437203469697175 	 0.1796898804922711 	 3 	 0.002158910556143711 	 0.6427584438291191
3	9	0	0	0.2 	 0.05952787251334621 	 0.11750923681430847 	 3 	 0.0007997496990205241 	 0.6166434049819476
3	10	0	0	0.2 	 0.07313921874447903 	 0.13121448430407484 	 3 	 0.001794282587107765 	 0.4589960191639376
5	1	0	0	0.25 	 0.05079069738122988 	 0.3153087121256737 	 5 	 0.0032496854825970626 	 0.7192491880671472
5	2	0	0	0.25 	 0.03940482283281948 	 0.2367537077226888 	 5 	 0.003460559129058453 	 0.8013382104557573
5	3	0	0	0.25 	 0.0780247261661443 	 0.3009593202470783 	 5 	 0.003125748292132822 	 0.7602445073603923
5	4	0	0	0.0 	 0.07030950300405059 	 0.33280312263925715 	 5 	 0.003430528997900784 	 1.0
5	5	0	0	0.25 	 0.0952274251020706 	 0.2912542028731999 	 5 	 0.0019348601674446418 	 0.48012584766699307
5	6	0	0	0.25 	 0.11975843632086179 	 0.38131667083476517 	 5 	 0.0014965458434069575 	 0.625935706724074
5	7	0	0	0.1111111111111111 	 0.0512115842697884 	 0.1508177156750562 	 5 	 0.002820928679066677 	 0.73968788281472
5	8	0	0	0.1111111111111111 	 0.07275623520662673 	 0.17820672412016475 	 5 	 0.0015000157334240786 	 1.0
5	10	0	0	0.25 	 0.019216025190038014 	 0.21088471806533954 	 5 	 0.001351400271162522 	 0.7198671918984648
7	1	0	0	0.16666666666666666 	 0.07508876135971598 	 0.17876259844009187 	 7 	 0.002482289074994266 	 0.9003610409844208
7	2	0	0	0.16666666666666666 	 0.05261495697666275 	 0.1918698595861526 	 7 	 0.0038316329348460805 	 0.8250113304650011
7	3	0	0	0.16666666666666666 	 0.09051570662513182 	 0.31005073773431463 	 7 	 0.0025730510874601127 	 0.8218721637836919
7	4	0	0	0.16666666666666666 	 0.10352610426975946 	 0.35685800285952024 	 7 	 0.00427155666942881 	 0.8100830055366879
7	5	0	0	0.16666666666666666 	 0.10720145083781943 	 0.33282147666034106 	 7 	 0.0038884272507563895 	 1.0
7	6	0	0	0.16666666666666666 	 0.1468385884127915 	 0.47021102053250063 	 7 	 0.0037355510494116147 	 0.8354853197600929
7	7	0	0	0.0 	 0.10529774221348522 	 0.33816504115935536 	 7 	 0.0038578544863815487 	 1.0
7	8	0	0	0.0 	 0.13301550247417684 	 0.14524438449150628 	 7 	 0.002129957434894316 	 1.0
7	9	0	0	0.07692307692307693 	 0.18398557124364798 	 0.3458587056934387 	 7 	 0.003151547664150343 	 1.0
7	10	0	0	0.16666666666666666 	 0.13380399336950657 	 0.419970900704217 	 7 	 0.0024394215026163043 	 0.7906152540942857
10	1	0	0	0.05263157894736842 	 0.15703894745994482 	 0.23111567265163777 	 10 	 0.0024512317783089064 	 1.0
10	2	0	0	0.25 	 0.09132044090880616 	 0.21706604731542498 	 10 	 0.004298272160798918 	 0.7788148514708008
10	3	0	0	0.17647058823529413 	 0.12020712008248935 	 0.36406513713233674 	 10 	 0.004362379989181893 	 0.9057095952630445
10	4	0	0	0.1111111111111111 	 0.10125797714490697 	 0.2707470758453171 	 10 	 0.003397427813896467 	 0.8328634690187425
10	5	0	0	0.05263157894736842 	 0.13699709012486114 	 0.2940612936938898 	 10 	 0.004581313061883419 	 1.0
10	6	0	0	0.17647058823529413 	 0.18551327587111954 	 0.42571727658073294 	 10 	 0.003685817438136383 	 0.7535129436098713
10	7	0	0	0.0 	 0.1340301540578776 	 0.40317884618258776 	 10 	 0.004519316533452026 	 1.0
10	8	0	0	0.05263157894736842 	 0.17119388846025857 	 0.1741892888491841 	 10 	 0.003465463286204089 	 0.9243705293095995
10	9	0	0	0.05263157894736842 	 0.20515005457058402 	 0.35423407986937255 	 10 	 0.0032158996678301544 	 1.0
10	10	0	0	0.17647058823529413 	 0.16546517476775968 	 0.38660203573816665 	 10 	 0.0025398202019110447 	 0.7964613500938845
2	1	1	100	0.3333333333333333 	 0.041307714524964366 	 0.13257579686721135 	 2 	 0.0011426399485382768 	 0.1708246723064725
2	1	1	1000	0.3333333333333333 	 0.041307862720748295 	 0.13257579686721135 	 2 	 0.0011426399485382768 	 0.1708246723064725
2	1	1	10000	0.3333333333333333 	 0.04130779373676862 	 0.13257579686721135 	 2 	 0.0011426399485382768 	 0.1708246723064725
2	2	1	100	0.3333333333333333 	 0.0031462093538728877 	 0.013156111604407526 	 2 	 2.9202519767558037e-05 	 0.5971865554120637
2	2	1	1000	0.3333333333333333 	 0.0026465221687093227 	 0.010737319799821366 	 2 	 9.43420133898571e-06 	 0.5985969685122421
2	2	1	10000	0.3333333333333333 	 0.0027143297474222536 	 0.011129931887676702 	 2 	 1.3297873449640365e-05 	 0.5991745874927851
2	3	1	100	0.0 	 0.0012265982944976485 	 0.023589961054875933 	 2 	 0.00015879125819567378 	 1.0
2	3	1	1000	0.0 	 0.0012265982944976485 	 0.023312213574768925 	 2 	 0.0001566362795943203 	 1.0
2	3	1	10000	1.0 	 1.530215375470855e-06 	 5.2905136932447705e-06 	 2 	 6.499312905958312e-09 	 9.716472794407682e-07
2	4	1	100	0.3333333333333333 	 0.0004895664336804144 	 0.001577449798851642 	 2 	 7.1471542891151e-06 	 0.4144094089141033
2	4	1	1000	0.3333333333333333 	 0.0004474195090739956 	 0.0011044795420875391 	 2 	 1.4414039830322919e-06 	 0.4144095292710408
2	4	1	10000	0.3333333333333333 	 0.0004432078575224431 	 0.0010571482725208153 	 2 	 8.708254502145817e-07 	 0.4144095413239828
2	5	1	100	0.0 	 0.003199443437040803 	 0.2109182769918255 	 2 	 0.0019082347778736617 	 1.0
2	5	1	1000	0.0 	 0.003199443437040803 	 0.20743428854499008 	 2 	 0.001862183715812414 	 1.0
2	5	1	10000	0.0 	 0.003199443437040803 	 0.20708462836908192 	 2 	 0.0018575786096062898 	 1.0
2	6	1	100	0.3333333333333333 	 0.0039590322497612485 	 0.4007803028721906 	 2 	 0.003025509566327784 	 0.9600496176124378
2	6	1	1000	0.3333333333333333 	 0.0039590322497612485 	 0.4030866213877856 	 2 	 0.0030485611104425214 	 0.963495823457591
2	6	1	10000	0.3333333333333333 	 0.0039590322497612485 	 0.4033169090219627 	 2 	 0.003050866264853993 	 0.9638404440421059
2	7	1	100	1.0 	 0.0005548408193910749 	 0.002312650001145216 	 2 	 1.1946503945931565e-05 	 0.0017860023399167702
2	7	1	1000	1.0 	 5.529965308217576e-05 	 0.0002314418934897779 	 2 	 1.1946503947837139e-06 	 0.00017860023402016537
2	7	1	10000	1.0 	 5.528134412394576e-06 	 2.314596449305947e-05 	 2 	 1.1946503966900298e-07 	 1.786002343051596e-05
2	8	1	100	0.3333333333333333 	 0.0008018032066690528 	 0.0031071247490107178 	 2 	 5.40903428955621e-06 	 0.49487746985276726
2	8	1	1000	1.0 	 1.1392926747262434e-05 	 7.662695968170416e-05 	 2 	 3.6198771059299176e-07 	 5.41171627336523e-05
2	8	1	10000	1.0 	 1.139225322578903e-06 	 7.662770904168057e-06 	 2 	 3.619877105868651e-08 	 5.411716273273637e-06
2	9	1	100	0.0 	 0.0009911893910102068 	 0.31669937064578807 	 2 	 0.0011104143714936682 	 1.0
2	9	1	1000	0.3333333333333333 	 0.0009911893910102068 	 0.31369541188049443 	 2 	 0.0010914312236924907 	 0.7322481979891199
2	9	1	10000	0.0 	 0.0009911893910102068 	 0.3133951269694202 	 2 	 0.001089532908912374 	 1.0
2	10	1	100	0.0 	 0.032990745684285505 	 0.15208162106033418 	 2 	 0.002029959988362341 	 1.0
2	10	1	1000	0.0 	 0.032990745684285505 	 0.15208162106033418 	 2 	 0.0020307391059222386 	 1.0
2	10	1	10000	0.0 	 0.032990745684285505 	 0.15208162106033418 	 2 	 0.002030057455002836 	 1.0
3	1	1	100	0.2 	 0.05330495750729373 	 0.3513720936180796 	 3 	 0.0009526149016654121 	 0.823038188921414
3	1	1	1000	0.2 	 0.053305341309032014 	 0.35461851677339373 	 3 	 0.0009530599365289629 	 0.828195481508543
3	1	1	10000	0.2 	 0.05330539584172941 	 0.3549437993668013 	 3 	 0.0009565326366368016 	 0.8287111852021622
3	2	1	100	0.2 	 0.009967451611911106 	 0.023652806574998908 	 3 	 0.0017820580515674404 	 0.6391137571381376
3	2	1	1000	0.2 	 0.008756100116023275 	 0.061300750695470856 	 3 	 0.0016967636497007 	 0.6264455884983345
3	2	1	10000	0.5 	 0.008773516887359225 	 0.05966206325025902 	 3 	 0.0016967636497006995 	 0.251969401980555
3	3	1	100	0.0 	 0.015122186774877346 	 0.2792303169949457 	 3 	 0.00079206543267542 	 1.0
3	3	1	1000	0.0 	 0.01577697537472713 	 0.28042498606463934 	 3 	 0.0007920654326754196 	 1.0
3	3	1	10000	0.0 	 0.015842465323111152 	 0.28054426651941333 	 3 	 0.0007920654326754191 	 1.0
3	4	1	100	0.2 	 0.007136919492102933 	 0.07796341688763601 	 3 	 0.001013336585199763 	 0.7274817828842941
3	4	1	1000	0.2 	 0.007136919492102933 	 0.07838349478958598 	 3 	 0.0010158911194034243 	 0.7370056015622077
3	4	1	10000	0.2 	 0.007136919492102933 	 0.07842556516618614 	 3 	 0.001016146572823791 	 0.7379579834299999
3	5	1	100	0.0 	 0.004977416509696472 	 0.15848819757298746 	 3 	 0.0009185300340288872 	 1.0
3	5	1	1000	0.0 	 0.008122897143446191 	 0.16831927435904084 	 3 	 0.001136803558360074 	 1.0
3	5	1	10000	0.0 	 0.008122897143446191 	 0.16812062770628722 	 3 	 0.0011345424116499495 	 1.0
3	6	1	100	0.5 	 0.003286043591774948 	 0.012241625986266717 	 3 	 1.501895184813776e-05 	 0.38102483926952385
3	6	1	1000	0.5 	 0.0045131800306887045 	 0.18770575232568554 	 3 	 0.0011380285563284778 	 0.7118747429728284
3	6	1	10000	0.5 	 0.0045131800306887045 	 0.18803191246737413 	 3 	 0.0011408137269544238 	 0.7122883408107814
3	7	1	100	0.0 	 0.10014460572085199 	 0.27224402526313807 	 3 	 0.0024958757011698824 	 1.0
3	7	1	1000	0.0 	 0.10019809914851695 	 0.2724944278680272 	 3 	 0.002496966031161231 	 1.0
3	7	1	10000	0.0 	 0.08395899821230533 	 0.3106132720944328 	 3 	 0.0037445289366041055 	 1.0
3	8	1	100	0.2 	 0.01143483562525913 	 0.1612121199852692 	 3 	 0.0012090351380766562 	 0.6082245008920147
3	8	1	1000	0.5 	 0.01006828870973997 	 0.16151383106156775 	 3 	 0.0012123211528859731 	 0.6087124740911983
3	8	1	10000	0.2 	 0.011435098596768093 	 0.16155062960629726 	 3 	 0.0012127220585340472 	 0.6087720085799374
3	9	1	100	0.2 	 0.015305275454269318 	 0.2116450546900378 	 3 	 0.001950309157063281 	 0.6720978194101648
3	9	1	1000	0.2 	 0.015326427620756458 	 0.21179850442600245 	 3 	 0.001950309157063281 	 0.6720978194101648
3	9	1	10000	0.2 	 0.015332059434011112 	 0.2118138774424776 	 3 	 0.001950309157063281 	 0.6720978194101648
3	10	1	100	0.0 	 0.011306274047902083 	 0.21286379960260024 	 3 	 0.0013729401561217666 	 1.0
3	10	1	1000	0.0 	 0.010989986802346837 	 0.0354331584460645 	 3 	 0.0015791547048241332 	 1.0
3	10	1	10000	0.0 	 0.010995324647195392 	 0.03546165582639253 	 3 	 0.0015810191369988926 	 1.0
5	1	1	100	0.25 	 0.08878507818909863 	 0.2026887410044812 	 5 	 0.0040725928768431535 	 1.0
5	1	1	1000	0.25 	 0.08692975804198172 	 0.2026887410044812 	 5 	 0.0040725928768431535 	 1.0
5	1	1	10000	0.25 	 0.0874498065629025 	 0.2026887410044812 	 5 	 0.0040725928768431535 	 1.0
5	2	1	100	0.0 	 0.08952104927864304 	 0.16979928541204503 	 5 	 0.0016271730701937822 	 1.0
5	2	1	1000	0.1111111111111111 	 0.07543322394503738 	 0.16516800358883232 	 5 	 0.0015779298130063997 	 1.0
5	2	1	10000	0.1111111111111111 	 0.07542510489123391 	 0.16479202977002652 	 5 	 0.0015032163481989895 	 1.0
5	3	1	100	0.1111111111111111 	 0.038546936373477086 	 0.24152896180366057 	 5 	 0.001144033022893864 	 0.9175425396739523
5	3	1	1000	0.1111111111111111 	 0.038455799944413754 	 0.24245691060081875 	 5 	 0.001155968183192663 	 0.9192910406577264
5	3	1	10000	0.0 	 0.04005108583888027 	 0.24317474935671127 	 5 	 0.0011575379805448753 	 1.0
5	4	1	100	0.0 	 0.09153171136635282 	 0.32176496010579675 	 5 	 0.003474106592258769 	 1.0
5	4	1	1000	0.0 	 0.09043106400525452 	 0.32157407584193715 	 5 	 0.003474106592258769 	 1.0
5	4	1	10000	0.0 	 0.09154960128820054 	 0.32155500430672507 	 5 	 0.003474106592258769 	 1.0
5	5	1	100	0.0 	 0.08388321590360469 	 0.3073338104354807 	 5 	 0.003216307639461057 	 1.0
5	5	1	1000	0.0 	 0.0839781750644492 	 0.30739828182031914 	 5 	 0.003216307639461057 	 1.0
5	5	1	10000	0.0 	 0.08409848954180128 	 0.3074047320888416 	 5 	 0.0032163076394610564 	 1.0
5	6	1	100	0.1111111111111111 	 0.09609982350243587 	 0.13864393487487425 	 5 	 0.0012690547281172884 	 0.6778804845075319
5	6	1	1000	0.25 	 0.08339128439430255 	 0.15278138635342237 	 5 	 0.00133446634970199 	 0.5176189593680948
5	6	1	10000	0.25 	 0.08338904802319287 	 0.15287634723223542 	 5 	 0.0013350483868925806 	 0.5177042026304849
5	7	1	100	0.1111111111111111 	 0.11490602974170065 	 0.25970451255374205 	 5 	 0.0028509335688406794 	 0.8145842986075823
5	7	1	1000	0.1111111111111111 	 0.10925227867373832 	 0.2529645170964543 	 5 	 0.0028509335688406694 	 1.0
5	7	1	10000	0.1111111111111111 	 0.11490556365740427 	 0.259117583319297 	 5 	 0.0028509335688406785 	 0.8145842986075823
5	8	1	100	0.25 	 0.04152813934501898 	 0.061706680800897834 	 5 	 0.0016844732423656463 	 0.5324105824179188
5	8	1	1000	0.25 	 0.0415387334543604 	 0.06259457281101706 	 5 	 0.0016811543116414477 	 0.5324105824179189
5	8	1	10000	0.0 	 0.07330162851066527 	 0.12896013090209293 	 5 	 0.0017764952126420304 	 1.0
5	9	1	100	0.1111111111111111 	 0.13354406787487313 	 0.4051018314754711 	 5 	 0.003663601746015643 	 0.7917456881467038
5	9	1	1000	0.1111111111111111 	 0.13339074594077185 	 0.406541766180972 	 5 	 0.0036636017460156436 	 0.7917456881467039
5	9	1	10000	0.1111111111111111 	 0.1332804585523522 	 0.4066859848506831 	 5 	 0.0036636017460156436 	 0.7917456881467039
5	10	1	100	0.0 	 0.02915393078130594 	 0.09428095416903655 	 5 	 0.0020836559875940046 	 1.0
5	10	1	1000	0.0 	 0.029222473765548186 	 0.09518393092350551 	 5 	 0.0020837057266972774 	 1.0
5	10	1	10000	0.0 	 0.028945841202040565 	 0.09527607844788073 	 5 	 0.002083613800401513 	 1.0
7	1	1	100	0.16666666666666666 	 0.09061308682360233 	 0.22703842013859032 	 7 	 0.0020342337389122433 	 0.5793647037715031
7	1	1	1000	0.16666666666666666 	 0.0868840364978561 	 0.23348624002642268 	 7 	 0.0026768274237380803 	 0.6664853750435479
7	1	1	10000	0.16666666666666666 	 0.09057889932060392 	 0.22975129590991686 	 7 	 0.0020937832506192737 	 0.5830484970931097
7	2	1	100	0.07692307692307693 	 0.06084613307858041 	 0.12154197880206825 	 7 	 0.0015338004790599092 	 1.0000001297505565
7	2	1	1000	0.07692307692307693 	 0.0517936178507841 	 0.12468353171889493 	 7 	 0.001996309975715993 	 1.0000000330582393
7	2	1	10000	0.07692307692307693 	 0.04672690280403577 	 0.12497125297524098 	 7 	 0.001996293087904138 	 0.9999999583297904
7	3	1	100	0.07692307692307693 	 0.06563987977052649 	 0.10278739793249173 	 7 	 0.0011480857856291512 	 0.8855911565446111
7	3	1	1000	0.07692307692307693 	 0.06570275101428498 	 0.10269726607731278 	 7 	 0.000908538508136683 	 0.885591156544611
7	3	1	10000	0.0 	 0.06370517020685597 	 0.10532939524119664 	 7 	 0.0018575608989129225 	 1.0
7	4	1	100	0.0 	 0.10979310127047033 	 0.2963241883422039 	 7 	 0.003297774218690884 	 1.0
7	4	1	1000	0.07692307692307693 	 0.10724776490796939 	 0.2966136259446675 	 7 	 0.003297774218690884 	 1.0
7	4	1	10000	0.07692307692307693 	 0.11011770514412071 	 0.29657345704185745 	 7 	 0.003297774218690884 	 1.0
7	5	1	100	0.07692307692307693 	 0.1540725066467831 	 0.3370013013318919 	 7 	 0.003863107895053471 	 1.0
7	5	1	1000	0.07692307692307693 	 0.15423469925003944 	 0.33829768740255456 	 7 	 0.003871532237551798 	 1.0
7	5	1	10000	0.07692307692307693 	 0.15441379144876688 	 0.33838045958242224 	 7 	 0.0038723620754508017 	 1.0
7	6	1	100	0.07692307692307693 	 0.12357642815985005 	 0.2532939988908818 	 7 	 0.0018757961822543664 	 0.7719594186012473
7	6	1	1000	0.07692307692307693 	 0.12046359748343938 	 0.23835627619055672 	 7 	 0.0020985288754521068 	 0.7719593622154011
7	6	1	10000	0.07692307692307693 	 0.12124066916986351 	 0.23817988227506212 	 7 	 0.0020794388702676005 	 0.7719593531529936
7	7	1	100	0.07692307692307693 	 0.16455679973438134 	 0.368887438839148 	 7 	 0.0037866706964051447 	 0.8558282828683311
7	7	1	1000	0.07692307692307693 	 0.18477650095539835 	 0.37656554836775313 	 7 	 0.0037868196906239455 	 1.0
7	7	1	10000	0.07692307692307693 	 0.18361885953310844 	 0.3728745303696457 	 7 	 0.0037868196906239463 	 1.0
7	8	1	100	0.07692307692307693 	 0.10466430038626494 	 0.1497290230689255 	 7 	 0.0022879946250911423 	 0.8503352642757727
7	8	1	1000	0.0 	 0.12609658873721502 	 0.15224332006622282 	 7 	 0.002617351141924743 	 1.0
7	8	1	10000	0.0 	 0.12614351806636848 	 0.15238267844878922 	 7 	 0.0026159075380143035 	 1.0
7	9	1	100	0.2727272727272727 	 0.13904147038999903 	 0.3661111749186703 	 7 	 0.0041883587555606614 	 0.8182783548984591
7	9	1	1000	0.16666666666666666 	 0.13861070936970843 	 0.3676626841450584 	 7 	 0.004188358755560662 	 0.8182783548984592
7	9	1	10000	0.16666666666666666 	 0.13775990118972728 	 0.3678050579281488 	 7 	 0.004188358755560662 	 0.8182783548984592
7	10	1	100	0.07692307692307693 	 0.05533833588029357 	 0.1713051410135522 	 7 	 0.001457141595166933 	 0.9701037455970094
7	10	1	1000	0.07692307692307693 	 0.0553382621318758 	 0.16914477166111297 	 7 	 0.0014199653792881697 	 0.9701037455970094
7	10	1	10000	0.0 	 0.05702798033865875 	 0.1695945777105421 	 7 	 0.0014289292208268557 	 1.0
10	1	1	100	0.25 	 0.15422314380605345 	 0.2541953111416678 	 10 	 0.0042489901628417655 	 0.7794203085760123
10	1	1	1000	0.25 	 0.15393676326109 	 0.2550607144566789 	 10 	 0.004176364178941188 	 0.7794070397082242
10	1	1	10000	0.17647058823529413 	 0.15797091237554248 	 0.2514197693325662 	 10 	 0.0036273891655895273 	 0.7794042592021402
10	2	1	100	0.05263157894736842 	 0.10810834541165028 	 0.2361508411620788 	 10 	 0.0023610105887591874 	 0.8577217551750151
10	2	1	1000	0.05263157894736842 	 0.10432126577021684 	 0.25963026545414747 	 10 	 0.0026170024072095922 	 0.8264713573168367
10	2	1	10000	0.05263157894736842 	 0.10430654244639558 	 0.2588648707826822 	 10 	 0.002610553277105924 	 0.8264713573168367
10	3	1	100	0.17647058823529413 	 0.07565005692109268 	 0.20138144599276983 	 10 	 0.0034877214547933536 	 0.9103696485967695
10	3	1	1000	0.05263157894736842 	 0.12890200864539347 	 0.24770383228869677 	 10 	 0.002827383122515217 	 1.0
10	3	1	10000	0.1111111111111111 	 0.07715515581216242 	 0.20476691329296173 	 10 	 0.0035221570680100873 	 0.873405515881043
10	4	1	100	0.17647058823529413 	 0.1428401655583175 	 0.38249255260607956 	 10 	 0.005032841075447452 	 1.0
10	4	1	1000	0.05263157894736842 	 0.13448785778381048 	 0.36652188973352917 	 10 	 0.005032841075447452 	 1.0
10	4	1	10000	0.1111111111111111 	 0.12179253665344537 	 0.33100902709264146 	 10 	 0.0041595059314364375 	 0.890149505578805
10	5	1	100	0.0 	 0.10876648891453597 	 0.26829030737967136 	 10 	 0.0029681059598579973 	 1.0
10	5	1	1000	0.0 	 0.10824964776172949 	 0.2485400811555652 	 10 	 0.0039551173603597535 	 1.0
10	5	1	10000	0.05263157894736842 	 0.09751381855244949 	 0.2921696060197518 	 10 	 0.0032909089383581416 	 1.0000004795068906
10	6	1	100	0.17647058823529413 	 0.19223081327036082 	 0.2570983457915905 	 10 	 0.0025853028284709635 	 0.7912587470586802
10	6	1	1000	0.17647058823529413 	 0.19214171630074722 	 0.2610810699664953 	 10 	 0.002638052125597104 	 0.7961518683416299
10	6	1	10000	0.17647058823529413 	 0.19563087278119864 	 0.28256556498406465 	 10 	 0.003728591231841249 	 0.7788152883138674
10	7	1	100	0.0 	 0.18356587922820544 	 0.23648636621035737 	 10 	 0.002652608029941267 	 1.0
10	7	1	1000	0.0 	 0.17713088812775962 	 0.2532334582523232 	 10 	 0.0028036530249407722 	 1.0
10	7	1	10000	0.0 	 0.17720202101839774 	 0.25337500137741864 	 10 	 0.002810029924763835 	 1.0
10	8	1	100	0.1111111111111111 	 0.1567080666703501 	 0.20486505749332892 	 10 	 0.002981590262774461 	 0.9172088037894727
10	8	1	1000	0.1111111111111111 	 0.15014698330435267 	 0.19113748996893437 	 10 	 0.0026327619129014844 	 0.8853703283137684
10	8	1	10000	0.1111111111111111 	 0.1502409577076142 	 0.19167160655595908 	 10 	 0.002661359225813433 	 0.8853703283137684
10	9	1	100	0.05263157894736842 	 0.15761952339797622 	 0.3406279162175512 	 10 	 0.004131587045660571 	 1.0
10	9	1	1000	0.1111111111111111 	 0.13240638516994666 	 0.30281113149430183 	 10 	 0.00319647638963847 	 0.8506173264927348
10	9	1	10000	0.1111111111111111 	 0.1324936551449748 	 0.31040120662643483 	 10 	 0.0032450341210529003 	 0.8506173264927348
10	10	1	100	0.17647058823529413 	 0.11232461071367117 	 0.22511068702838152 	 10 	 0.003140463796720119 	 0.9211448848770205
10	10	1	1000	0.17647058823529413 	 0.10709223305895647 	 0.2230600597250401 	 10 	 0.003120102007824165 	 0.9213602852516279
10	10	1	10000	0.1111111111111111 	 0.10404156059662957 	 0.21260647116426729 	 10 	 0.002929453396960083 	 0.9487849946707283
2	1	2	100	1.0 	 8.810619753692996e-05 	 0.0015169825474048914 	 2 	 7.103823828811498e-06 	 0.0010620216624073198
2	1	2	1000	1.0 	 8.789697207633042e-06 	 0.00015163065047040593 	 2 	 7.103823828641438e-07 	 0.00010620216623818957
2	1	2	10000	1.0 	 8.787611393921505e-07 	 1.5162389382013667e-05 	 2 	 7.103823826933402e-08 	 1.0620216621265444e-05
2	2	2	100	0.3333333333333333 	 0.04249822161721691 	 0.024334171664801132 	 2 	 0.0003754312113812212 	 0.056126966101492606
2	2	2	1000	0.3333333333333333 	 0.04265552426979662 	 0.02534457889825228 	 2 	 0.0003754312113812212 	 0.056126966101492606
2	2	2	10000	0.3333333333333333 	 0.04267167685539029 	 0.025445847265362014 	 2 	 0.0003754312113812212 	 0.056126966101492606
2	3	2	100	0.3333333333333333 	 0.0007283364216494531 	 0.0037087295595266243 	 2 	 9.469513942643697e-06 	 0.4389229585752127
2	3	2	1000	0.3333333333333333 	 0.0008331390597065146 	 0.0026772508882659386 	 2 	 1.2795782435324665e-06 	 0.43769828391035887
2	3	2	10000	0.3333333333333333 	 0.0008276856613209474 	 0.0025288975319008957 	 2 	 4.7257830691755697e-07 	 0.4375776360037841
2	4	2	100	0.3333333333333333 	 0.0004287960434094135 	 0.0015818027382816756 	 2 	 1.2223398839438968e-05 	 0.3613858325628738
2	4	2	1000	0.3333333333333333 	 0.0004412844492196161 	 0.0009833796047681595 	 2 	 1.8845036543288782e-06 	 0.3613858794996705
2	4	2	10000	0.3333333333333333 	 0.0004425446906395409 	 0.0009235360440234957 	 2 	 8.506152173193314e-07 	 0.3613858841955441
2	5	2	100	0.0 	 0.099435858653164 	 0.311270216912559 	 2 	 0.0013588995455291585 	 1.0
2	5	2	1000	0.0 	 0.09948234158111055 	 0.311270216912559 	 2 	 0.0013588995455291585 	 1.0
2	5	2	10000	0.0 	 0.09940985720119908 	 0.311270216912559 	 2 	 0.0013588995455291585 	 1.0
2	6	2	1000	0.3333333333333333 	 0.002879020039057802 	 0.008552969080289748 	 2 	 1.2415997693429086e-06 	 0.2712246751704045
2	6	2	10000	0.3333333333333333 	 0.0028768564378629275 	 0.00851691988085462 	 2 	 1.1969478112583525e-06 	 0.2712180031127349
2	7	2	100	0.3333333333333333 	 0.024285918639605976 	 0.04005707078340643 	 2 	 0.0005961308060144857 	 0.08912155549916567
2	7	2	1000	0.3333333333333333 	 0.02428626863125955 	 0.04005707078340643 	 2 	 0.0005961308060144857 	 0.08912155549916567
2	7	2	10000	0.3333333333333333 	 0.02428644508134676 	 0.04005707078340643 	 2 	 0.0005961308060144857 	 0.08912155549916567
2	8	2	100	0.0 	 0.0048136484927100666 	 0.17593190259396393 	 2 	 0.0012919693488222066 	 1.0
2	8	2	1000	0.0 	 0.0048136484927100666 	 0.1716248049624375 	 2 	 0.0012412972434678465 	 1.0
2	8	2	10000	0.0 	 0.0048136484927100666 	 0.1711921572349687 	 2 	 0.0012362300329308328 	 1.0
2	9	2	100	0.3333333333333333 	 0.04539276040720571 	 0.041008873119483445 	 2 	 0.0029078280979181782 	 0.454972478614603
2	9	2	1000	0.3333333333333333 	 0.04539514065935675 	 0.04208673272095209 	 2 	 0.0028653842208907375 	 0.4486271185039273
2	9	2	10000	0.3333333333333333 	 0.04539538294708209 	 0.04219476983631591 	 2 	 0.0028611404646169637 	 0.4479926768921412
2	10	2	100	0.3333333333333333 	 0.07241386697250739 	 0.05589426701338598 	 2 	 0.0031636420788409923 	 0.49916404566666406
2	10	2	1000	0.3333333333333333 	 0.07241386697250739 	 0.05589426701338598 	 2 	 0.0031629616218666755 	 0.49906231734900375
2	10	2	10000	0.3333333333333333 	 0.07241386697250739 	 0.05589426701338598 	 2 	 0.0031617950595448923 	 0.4988879162818971
3	1	2	100	0.2 	 0.03357457912757885 	 0.10824951349625857 	 3 	 0.0011484625852070402 	 0.4416005479536859
3	1	2	1000	0.2 	 0.03357457295262589 	 0.10814144680742353 	 3 	 0.0011484625852070402 	 0.4416005479536859
3	1	2	10000	0.2 	 0.03357458421077887 	 0.10813064540929127 	 3 	 0.0011484625852070402 	 0.4416005479536859
3	2	2	100	0.5 	 0.005842080634193615 	 0.10315056907149077 	 3 	 0.0009627228464650023 	 0.2553303146328977
3	2	2	1000	0.5 	 0.006058957499434237 	 0.10721251765345498 	 3 	 0.0010142959956465825 	 0.2629889272863624
3	2	2	10000	0.5 	 0.006078793470453478 	 0.1076161541588537 	 3 	 0.0010194612349027344 	 0.26375596531590095
3	3	2	100	0.0 	 0.009309635279327044 	 0.1261223440267611 	 3 	 0.00010558636740692399 	 1.0
3	3	2	1000	0.0 	 0.009309635279327044 	 0.1301139920111282 	 3 	 9.463650865630096e-05 	 1.0
3	3	2	10000	0.0 	 0.009309635279327044 	 0.13057458752147744 	 3 	 0.00010986086690696525 	 1.0
3	4	2	100	0.2 	 0.00716364952765388 	 0.1219218958526075 	 3 	 0.0011319386546817683 	 0.9158664148142114
3	4	2	1000	0.2 	 0.00716364952765388 	 0.12229368917158824 	 3 	 0.0011192073278080104 	 0.9184953976829988
3	4	2	10000	0.2 	 0.00716364952765388 	 0.12233091184788662 	 3 	 0.0011179341951206357 	 0.9187582959698772
3	5	2	100	0.0 	 0.13774912336587697 	 0.40682604596656874 	 3 	 0.0022216811864733143 	 1.0
3	5	2	1000	0.0 	 0.13776136886661702 	 0.40682604596656874 	 3 	 0.0022216811864733143 	 1.0
3	5	2	10000	0.0 	 0.13774702008996295 	 0.40682604596656874 	 3 	 0.0022216811864733143 	 1.0
3	6	2	100	0.5 	 0.0965317460045046 	 0.3444394549500385 	 3 	 0.003795432307722594 	 0.5986307934724726
3	6	2	1000	0.5 	 0.0965905228000614 	 0.3444394549500385 	 3 	 0.003795432307722594 	 0.5986307934724726
3	6	2	10000	0.5 	 0.09654221330759337 	 0.3444394549500385 	 3 	 0.003795432307722594 	 0.5986307934724726
3	7	2	100	0.2 	 0.02459441581765908 	 0.14980895559209184 	 3 	 0.0006391522962090788 	 0.5664508349107251
3	7	2	1000	0.2 	 0.024594447636657277 	 0.14249432948787905 	 3 	 0.0007008572400945721 	 0.5572876507437292
3	7	2	10000	0.2 	 0.02459464167726434 	 0.14176640732418452 	 3 	 0.0007070314906722894 	 0.5563707745329383
3	8	2	100	0.2 	 0.01143545942537659 	 0.17970870447702314 	 3 	 0.002158910556143711 	 0.6427584438291191
3	8	2	1000	0.2 	 0.011435862285041964 	 0.17959289633127648 	 3 	 0.0021589105561437105 	 0.6427584438291191
3	8	2	10000	0.2 	 0.011435360630955854 	 0.17961894540797818 	 3 	 0.0021589105561437105 	 0.6427584438291191
3	9	2	100	0.2 	 0.058286478727127645 	 0.10928799014991543 	 3 	 0.000749797998303585 	 0.609225577425482
3	9	2	1000	0.2 	 0.05952778339690066 	 0.11672408553669517 	 3 	 0.0007926573438861856 	 0.6155901902444982
3	9	2	10000	0.2 	 0.05952795802688264 	 0.11743036179676468 	 3 	 0.0007990375020728308 	 0.616537643735215
3	10	2	100	0.2 	 0.07313921874447903 	 0.1179130195419305 	 3 	 0.0015783892313067781 	 0.4589960191639375
3	10	2	1000	0.2 	 0.0735095749545551 	 0.1298786821721571 	 3 	 0.0017726932515276703 	 0.4589960191639377
3	10	2	10000	0.2 	 0.07362718317328511 	 0.13108084726969285 	 3 	 0.0017921236535497508 	 0.4589960191639376
5	1	2	100	0.25 	 0.05079083006660047 	 0.3131470102431132 	 5 	 0.003224195813351565 	 0.7192491880671471
5	1	2	1000	0.25 	 0.05079210020238225 	 0.31509198205886996 	 5 	 0.0032471346121811006 	 0.7192491880671471
5	1	2	10000	0.25 	 0.0507908035231964 	 0.31528703338692815 	 5 	 0.0032494303754699635 	 0.7192491880671472
5	2	2	100	0.25 	 0.0420159347938855 	 0.23635377134652888 	 5 	 0.0034558408018605727 	 0.8006469755212676
5	2	2	1000	0.25 	 0.04189939769235791 	 0.23670045038233803 	 5 	 0.003459930968550829 	 0.8012461849413901
5	2	2	10000	0.25 	 0.03966302757002065 	 0.2367483668578057 	 5 	 0.0034604961366667556 	 0.8013289820703734
5	3	2	100	0.25 	 0.07755665680244017 	 0.30056670886757964 	 5 	 0.0031257482921328216 	 0.7602445073603923
5	3	2	1000	0.25 	 0.07767866669831922 	 0.30092014633248343 	 5 	 0.003125748292132822 	 0.7602445073603923
5	3	2	10000	0.25 	 0.07735633569631548 	 0.300955403725707 	 5 	 0.003125748292132822 	 0.7602445073603922
5	4	2	100	0.0 	 0.06981195476930079 	 0.33223058879603534 	 5 	 0.003430528997900784 	 1.0
5	4	2	1000	0.0 	 0.07040894354738374 	 0.332745756750348 	 5 	 0.003430528997900784 	 1.0
5	4	2	10000	0.0 	 0.06920683066616477 	 0.3327967985676522 	 5 	 0.003430528997900784 	 1.0
5	5	2	100	0.25 	 0.0955761294361734 	 0.29270134859379104 	 5 	 0.0019648466357986036 	 0.48012584766699307
5	5	2	1000	0.25 	 0.09526363032032799 	 0.29139958064407295 	 5 	 0.001937858814280038 	 0.48012584766699307
5	5	2	10000	0.25 	 0.09523212871734044 	 0.2912687473544504 	 5 	 0.0019351600321281764 	 0.48012584766699307
5	6	2	100	0.25 	 0.1193992792648101 	 0.3762426269208495 	 5 	 0.0014965458434069577 	 0.6259357067240738
5	6	2	1000	0.25 	 0.11927034161248412 	 0.3807300159311203 	 5 	 0.0014965458434069573 	 0.625935706724074
5	6	2	10000	0.25 	 0.1197200973439657 	 0.3812849159399657 	 5 	 0.0014965458434069575 	 0.625935706724074
5	7	2	100	0.1111111111111111 	 0.039982065537867074 	 0.1399374596312877 	 5 	 0.0019046032277573299 	 0.7396878828147201
5	7	2	1000	0.25 	 0.05083622927445833 	 0.15042832220600327 	 5 	 0.0028209286790666773 	 0.7396878828147202
5	7	2	10000	0.1111111111111111 	 0.056514451624420835 	 0.15040968531009852 	 5 	 0.0028209286790666773 	 0.7396878828147202
5	8	2	100	0.1111111111111111 	 0.07275665247045919 	 0.1759965067236985 	 5 	 0.0015000157334240781 	 1.0
5	8	2	1000	0.1111111111111111 	 0.07275709940631876 	 0.17798610488008748 	 5 	 0.0015000157334240781 	 1.0
5	8	2	10000	0.1111111111111111 	 0.07275326212227144 	 0.17818466612215558 	 5 	 0.0015000157334240781 	 1.0
5	9	2	100	0.1111111111111111 	 0.17172280013585026 	 0.301723909817019 	 5 	 0.0016828593545350724 	 0.613872497186049
5	10	2	100	0.25 	 0.020101241431948434 	 0.21607909806940293 	 5 	 0.0013322840201269468 	 0.7198671918984652
5	10	2	1000	0.25 	 0.019216023642432037 	 0.2113780814913408 	 5 	 0.0013535559412763797 	 0.7198671918984649
5	10	2	10000	0.25 	 0.019216024976079438 	 0.21093478230628493 	 5 	 0.001351447493276551 	 0.7198671918984648
7	1	2	100	0.16666666666666666 	 0.07504909241727016 	 0.17904432404941475 	 7 	 0.0024923114002601706 	 0.9003610409844207
7	1	2	1000	0.16666666666666666 	 0.07508044487889166 	 0.17879078304031426 	 7 	 0.0024832904533129176 	 0.9003610409844208
7	1	2	10000	0.16666666666666666 	 0.07509120571943038 	 0.17876541645518226 	 7 	 0.0024823892519625123 	 0.9003610409844208
7	2	2	100	0.16666666666666666 	 0.05805418979417247 	 0.22418143478144636 	 7 	 0.003797875174664843 	 1.0
7	2	2	1000	0.16666666666666666 	 0.052507778967859735 	 0.1921447672361378 	 7 	 0.0038344079074142576 	 0.8250113304650011
7	2	2	10000	0.2727272727272727 	 0.05099416781123839 	 0.19181838877601323 	 7 	 0.0038301333193937934 	 0.8250113304650011
7	3	2	100	0.16666666666666666 	 0.09067343405916294 	 0.30957007536326975 	 7 	 0.0025730510874601123 	 0.821872163783692
7	3	2	1000	0.16666666666666666 	 0.0911155371234591 	 0.3100027915144523 	 7 	 0.0025730510874601127 	 0.8218721637836919
7	3	2	10000	0.16666666666666666 	 0.09052303865631937 	 0.31004594437883387 	 7 	 0.0025730510874601123 	 0.8218721637836919
7	4	2	100	0.16666666666666666 	 0.09801441783222625 	 0.3566739944994103 	 7 	 0.00427155666942881 	 0.8100830055366879
7	4	2	1000	0.16666666666666666 	 0.0981365624099633 	 0.35682878514664607 	 7 	 0.004271556669428809 	 0.8100830055366878
7	4	2	10000	0.16666666666666666 	 0.10173456984518249 	 0.35685012392691984 	 7 	 0.00427155666942881 	 0.8100830055366878
7	5	2	100	0.16666666666666666 	 0.10922478048248595 	 0.33276367295218234 	 7 	 0.00388842725075639 	 1.0
7	5	2	1000	0.16666666666666666 	 0.10762228379671418 	 0.33276272306570565 	 7 	 0.00388842725075639 	 1.0
7	5	2	10000	0.16666666666666666 	 0.10994343744395965 	 0.3327733099571337 	 7 	 0.0038884272507563895 	 1.0
7	6	2	100	0.07692307692307693 	 0.07593941127589504 	 0.18602286968284554 	 7 	 0.0021374624104799505 	 1.000000157605233
7	6	2	1000	0.16666666666666666 	 0.07351555334682121 	 0.1811349796264519 	 7 	 0.0021075258007480064 	 0.8404307725155052
7	6	2	10000	0.2727272727272727 	 0.07265204260106843 	 0.18029452962117576 	 7 	 0.0010032400057969927 	 0.5926505377681649
7	7	2	100	0.0 	 0.10477882900149946 	 0.34002286743512905 	 7 	 0.0038820976537329048 	 1.0
7	7	2	1000	0.0 	 0.10582536512115485 	 0.3383429453869124 	 7 	 0.0038601685450846213 	 1.0
7	7	2	10000	0.0 	 0.1018601100416846 	 0.34280992774410696 	 7 	 0.0039059609107344614 	 1.0
7	8	2	1000	0.0 	 0.1330165888692517 	 0.14520989290720257 	 7 	 0.0021299574348943168 	 1.0
7	8	2	10000	0.0 	 0.13302956768282964 	 0.145240935192887 	 7 	 0.0021299574348943163 	 1.0
7	9	2	100	0.07692307692307693 	 0.17461055707720893 	 0.29885053107945114 	 7 	 0.0020689356096504205 	 1.0
7	9	2	1000	0.07692307692307693 	 0.17502168610055233 	 0.3453839251557263 	 7 	 0.0031495223328940293 	 1.0
7	9	2	10000	0.07692307692307693 	 0.1792698904216695 	 0.30489107823667977 	 7 	 0.0020406814263642 	 1.0
7	10	2	100	0.16666666666666666 	 0.12257191454685948 	 0.4343047293638532 	 7 	 0.0029035655041859585 	 0.7581294626156153
7	10	2	1000	0.16666666666666666 	 0.12249371728949181 	 0.4342776997196515 	 7 	 0.0029093336386631376 	 0.7581296018711685
7	10	2	10000	0.16666666666666666 	 0.13373687714909305 	 0.41997601694755377 	 7 	 0.0024394542180053366 	 0.7906315313448637
10	1	2	100	0.1111111111111111 	 0.14718451787579784 	 0.20365117990921477 	 10 	 0.0018992367675877062 	 1.0
10	1	2	1000	0.05263157894736842 	 0.1570072796631142 	 0.23108319748536615 	 10 	 0.002451636521112906 	 1.0
10	1	2	10000	0.05263157894736842 	 0.15701515235127783 	 0.23111242494873113 	 10 	 0.002451272233120608 	 1.0
10	2	2	100	0.25 	 0.09347967755260418 	 0.24413860501971035 	 10 	 0.003348637445592541 	 0.9021467079845669
10	2	2	1000	0.25 	 0.09151658247411441 	 0.21704430645150194 	 10 	 0.004289301315015532 	 0.7792323484875688
10	2	2	10000	0.25 	 0.09036826326356531 	 0.2182090751701945 	 10 	 0.0030410727156089 	 0.7102464270635528
10	3	2	100	0.17647058823529413 	 0.11957366918662275 	 0.372584929091617 	 10 	 0.004362379989181894 	 0.9057095952630445
10	3	2	1000	0.17647058823529413 	 0.12025312698610814 	 0.36409654565784405 	 10 	 0.004362379989181894 	 0.9057095952630445
10	3	2	10000	0.17647058823529413 	 0.12027260789102126 	 0.36406827792404606 	 10 	 0.004362379989181894 	 0.9057095952630445
10	4	2	100	0.05263157894736842 	 0.11552478535453249 	 0.3038182079416019 	 10 	 0.0036686372400205553 	 1.0
10	4	2	1000	0.1111111111111111 	 0.10127661180504044 	 0.270649357071476 	 10 	 0.0033972628915572814 	 0.8328634962373873
10	4	2	10000	0.1111111111111111 	 0.10125989033561207 	 0.27073730032011795 	 10 	 0.003397411089107611 	 0.8328634716485274
10	5	2	100	0.05263157894736842 	 0.13828927869718569 	 0.2939335417204783 	 10 	 0.004581313061883419 	 1.0
10	5	2	1000	0.05263157894736842 	 0.15176012083784912 	 0.31001909584366893 	 10 	 0.0035907454817499618 	 1.0
10	5	2	10000	0.05263157894736842 	 0.1397030340762032 	 0.2941043599856477 	 10 	 0.004581313061883419 	 1.0
10	6	2	100	0.17647058823529413 	 0.18377257713704745 	 0.3991075704355847 	 10 	 0.0042355871811636855 	 0.7894260928151229
10	6	2	1000	0.17647058823529413 	 0.18483733844855268 	 0.3981172390604052 	 10 	 0.00422178161599353 	 0.7874726053435459
10	6	2	10000	0.17647058823529413 	 0.18334578735509996 	 0.3980190813011272 	 10 	 0.004224394341260675 	 0.7878423059688471
10	7	2	100	0.1111111111111111 	 0.1021945639792924 	 0.38275150122060325 	 10 	 0.004519316533452026 	 1.0
10	7	2	10000	0.0 	 0.13447386273559442 	 0.40318830596395167 	 10 	 0.004519316533452026 	 1.0
10	8	2	100	0.1111111111111111 	 0.17936887890813055 	 0.18063078138577493 	 10 	 0.0028204526197683874 	 1.0000011109575704
10	8	2	1000	0.1111111111111111 	 0.16994842176087796 	 0.17404472210407018 	 10 	 0.0034656965102823783 	 0.9243728315912321
10	8	2	10000	0.05263157894736842 	 0.17119388569813818 	 0.1741745718477692 	 10 	 0.0034654634157738704 	 0.9243705293097747
10	9	2	100	0.05263157894736842 	 0.20379359712077172 	 0.3534575444165441 	 10 	 0.0032158996678301544 	 1.0
10	9	2	1000	0.05263157894736842 	 0.20438850140644704 	 0.33090960885342535 	 10 	 0.0022901614263288943 	 1.0
10	9	2	10000	0.05263157894736842 	 0.20438968030662388 	 0.35398502206161575 	 10 	 0.003215899667830155 	 1.0
10	10	2	100	0.17647058823529413 	 0.1656442444069771 	 0.3881291421492208 	 10 	 0.002610113864195972 	 0.8013028488514442
10	10	2	1000	0.17647058823529413 	 0.16457210342707268 	 0.38706662628993366 	 10 	 0.0025501072454020613 	 0.7978361189162115
10	10	2	10000	0.17647058823529413 	 0.16541010918390606 	 0.3867573030079433 	 10 	 0.0025419936508534035 	 0.796910911125357
